#Turbine    Time(s)    dt(s)    Vhorizontal (m/s)
0 0 0.04 0 0 0 0 0 0 0 0 0 0 
1 0 0.04 0 0 0 0 0 0 0 0 0 0 

0 0.04 0.04 6.46048561323e-05 6.46048561323e-05 6.46048561323e-05 6.46048561323e-05 6.46048561323e-05 6.46048561323e-05 6.46048561323e-05 6.46048561323e-05 6.46048561323e-05 6.46048561323e-05 
1 0.04 0.04 6.46048561323e-05 6.46048561323e-05 6.46048561323e-05 6.46048561323e-05 6.46048561323e-05 6.46048561323e-05 6.46048561323e-05 6.46048561323e-05 6.46048561323e-05 6.46048561323e-05 

0 0.08 0.04 0.000351097623303 0.000351097623303 0.000351097623303 0.000351097623303 0.000351097623303 0.000351097623303 0.000351097623303 0.000351097623303 0.000351097623303 0.000351097623303 
1 0.08 0.04 0.000351053920593 0.000351053920593 0.000351053920593 0.000351053920593 0.000351053920593 0.000351053920593 0.000351053920593 0.000351053920593 0.000351053920593 0.000351053920593 

0 0.12 0.04 0.000444330499295 0.000444330499295 0.000444330499295 0.000444330499295 0.000444330499295 0.000444330499295 0.000444330499295 0.000444330499295 0.000444330499295 0.000444330499295 
1 0.12 0.04 0.000444242390878 0.000444242390878 0.000444242390878 0.000444242390878 0.000444242390878 0.000444242390878 0.000444242390878 0.000444242390878 0.000444242390878 0.000444242390878 

0 0.16 0.04 0.00141207708843 0.00141207708843 0.00141207708843 0.00141207708843 0.00141207708843 0.00141207708843 0.00141207708843 0.00141207708843 0.00141207708843 0.00141207708843 
1 0.16 0.04 0.00141192214157 0.00141192214157 0.00141192214157 0.00141192214157 0.00141192214157 0.00141192214157 0.00141192214157 0.00141192214157 0.00141192214157 0.00141192214157 

0 0.2 0.04 0.00202577413596 0.00202577413596 0.00202577413596 0.00202577413596 0.00202577413596 0.00202577413596 0.00202577413596 0.00202577413596 0.00202577413596 0.00202577413596 
1 0.2 0.04 0.002025594373 0.002025594373 0.002025594373 0.002025594373 0.002025594373 0.002025594373 0.002025594373 0.002025594373 0.002025594373 0.002025594373 

0 0.24 0.04 0.00280451452248 0.00280451452248 0.00280451452248 0.00280451452248 0.00280451452248 0.00280451452248 0.00280451452248 0.00280451452248 0.00280451452248 0.00280451452248 
1 0.24 0.04 0.00280431061121 0.00280431061121 0.00280431061121 0.00280431061121 0.00280431061121 0.00280431061121 0.00280431061121 0.00280431061121 0.00280431061121 0.00280431061121 

0 0.28 0.04 0.00387620971876 0.00387620971876 0.00387620971876 0.00387620971876 0.00387620971876 0.00387620971876 0.00387620971876 0.00387620971876 0.00387620971876 0.00387620971876 
1 0.28 0.04 0.00387594929929 0.00387594929929 0.00387594929929 0.00387594929929 0.00387594929929 0.00387594929929 0.00387594929929 0.00387594929929 0.00387594929929 0.00387594929929 

0 0.32 0.04 0.0053226856714 0.0053226856714 0.0053226856714 0.0053226856714 0.0053226856714 0.0053226856714 0.0053226856714 0.0053226856714 0.0053226856714 0.0053226856714 
1 0.32 0.04 0.00532245613055 0.00532245613055 0.00532245613055 0.00532245613055 0.00532245613055 0.00532245613055 0.00532245613055 0.00532245613055 0.00532245613055 0.00532245613055 

0 0.36 0.04 0.00707555800386 0.00707555800386 0.00707555800386 0.00707555800386 0.00707555800386 0.00707555800386 0.00707555800386 0.00707555800386 0.00707555800386 0.00707555800386 
1 0.36 0.04 0.00707529271806 0.00707529271806 0.00707529271806 0.00707529271806 0.00707529271806 0.00707529271806 0.00707529271806 0.00707529271806 0.00707529271806 0.00707529271806 

0 0.4 0.04 0.00919505140589 0.00919505140589 0.00919505140589 0.00919505140589 0.00919505140589 0.00919505140589 0.00919505140589 0.00919505140589 0.00919505140589 0.00919505140589 
1 0.4 0.04 0.00919486844157 0.00919486844157 0.00919486844157 0.00919486844157 0.00919486844157 0.00919486844157 0.00919486844157 0.00919486844157 0.00919486844157 0.00919486844157 

0 0.44 0.04 0.0116150458988 0.0116150458988 0.0116150458988 0.0116150458988 0.0116150458988 0.0116150458988 0.0116150458988 0.0116150458988 0.0116150458988 0.0116150458988 
1 0.44 0.04 0.0116146826031 0.0116146826031 0.0116146826031 0.0116146826031 0.0116146826031 0.0116146826031 0.0116146826031 0.0116146826031 0.0116146826031 0.0116146826031 

0 0.48 0.04 0.0140798721784 0.0140798721784 0.0140798721784 0.0140798721784 0.0140798721784 0.0140798721784 0.0140798721784 0.0140798721784 0.0140798721784 0.0140798721784 
1 0.48 0.04 0.0140795922336 0.0140795922336 0.0140795922336 0.0140795922336 0.0140795922336 0.0140795922336 0.0140795922336 0.0140795922336 0.0140795922336 0.0140795922336 

0 0.52 0.04 0.016824966922 0.016824966922 0.016824966922 0.016824966922 0.016824966922 0.016824966922 0.016824966922 0.016824966922 0.016824966922 0.016824966922 
1 0.52 0.04 0.0168245844808 0.0168245844808 0.0168245844808 0.0168245844808 0.0168245844808 0.0168245844808 0.0168245844808 0.0168245844808 0.0168245844808 0.0168245844808 

0 0.56 0.04 0.0192839529675 0.0192839529675 0.0192839529675 0.0192839529675 0.0192839529675 0.0192839529675 0.0192839529675 0.0192839529675 0.0192839529675 0.0192839529675 
1 0.56 0.04 0.0192836048244 0.0192836048244 0.0192836048244 0.0192836048244 0.0192836048244 0.0192836048244 0.0192836048244 0.0192836048244 0.0192836048244 0.0192836048244 

0 0.6 0.04 0.0215487869912 0.0215487869912 0.0215487869912 0.0215487869912 0.0215487869912 0.0215487869912 0.0215487869912 0.0215487869912 0.0215487869912 0.0215487869912 
1 0.6 0.04 0.021548359399 0.021548359399 0.021548359399 0.021548359399 0.021548359399 0.021548359399 0.021548359399 0.021548359399 0.021548359399 0.021548359399 

0 0.64 0.04 0.0236278870985 0.0236278870985 0.0236278870985 0.0236278870985 0.0236278870985 0.0236278870985 0.0236278870985 0.0236278870985 0.0236278870985 0.0236278870985 
1 0.64 0.04 0.0236275672809 0.0236275672809 0.0236275672809 0.0236275672809 0.0236275672809 0.0236275672809 0.0236275672809 0.0236275672809 0.0236275672809 0.0236275672809 

0 0.68 0.04 0.0253416454904 0.0253416454904 0.0253416454904 0.0253416454904 0.0253416454904 0.0253416454904 0.0253416454904 0.0253416454904 0.0253416454904 0.0253416454904 
1 0.68 0.04 0.0253413716562 0.0253413716562 0.0253413716562 0.0253413716562 0.0253413716562 0.0253413716562 0.0253413716562 0.0253413716562 0.0253413716562 0.0253413716562 

0 0.72 0.04 0.0271078096038 0.0271078096038 0.0271078096038 0.0271078096038 0.0271078096038 0.0271078096038 0.0271078096038 0.0271078096038 0.0271078096038 0.0271078096038 
1 0.72 0.04 0.0271073874398 0.0271073874398 0.0271073874398 0.0271073874398 0.0271073874398 0.0271073874398 0.0271073874398 0.0271073874398 0.0271073874398 0.0271073874398 

0 0.76 0.04 0.0279537054798 0.0279537054798 0.0279537054798 0.0279537054798 0.0279537054798 0.0279537054798 0.0279537054798 0.0279537054798 0.0279537054798 0.0279537054798 
1 0.76 0.04 0.0279532724867 0.0279532724867 0.0279532724867 0.0279532724867 0.0279532724867 0.0279532724867 0.0279532724867 0.0279532724867 0.0279532724867 0.0279532724867 

0 0.8 0.04 0.0286937539334 0.0286937539334 0.0286937539334 0.0286937539334 0.0286937539334 0.0286937539334 0.0286937539334 0.0286937539334 0.0286937539334 0.0286937539334 
1 0.8 0.04 0.0286933157513 0.0286933157513 0.0286933157513 0.0286933157513 0.0286933157513 0.0286933157513 0.0286933157513 0.0286933157513 0.0286933157513 0.0286933157513 

0 0.84 0.04 0.0291052378885 0.0291052378885 0.0291052378885 0.0291052378885 0.0291052378885 0.0291052378885 0.0291052378885 0.0291052378885 0.0291052378885 0.0291052378885 
1 0.84 0.04 0.0291046194187 0.0291046194187 0.0291046194187 0.0291046194187 0.0291046194187 0.0291046194187 0.0291046194187 0.0291046194187 0.0291046194187 0.0291046194187 

0 0.88 0.04 0.0286257090921 0.0286257090921 0.0286257090921 0.0286257090921 0.0286257090921 0.0286257090921 0.0286257090921 0.0286257090921 0.0286257090921 0.0286257090921 
1 0.88 0.04 0.0286250378759 0.0286250378759 0.0286250378759 0.0286250378759 0.0286250378759 0.0286250378759 0.0286250378759 0.0286250378759 0.0286250378759 0.0286250378759 

0 0.92 0.04 0.0279585523432 0.0279585523432 0.0279585523432 0.0279585523432 0.0279585523432 0.0279585523432 0.0279585523432 0.0279585523432 0.0279585523432 0.0279585523432 
1 0.92 0.04 0.0279577563222 0.0279577563222 0.0279577563222 0.0279577563222 0.0279577563222 0.0279577563222 0.0279577563222 0.0279577563222 0.0279577563222 0.0279577563222 

0 0.96 0.04 0.0269043889192 0.0269043889192 0.0269043889192 0.0269043889192 0.0269043889192 0.0269043889192 0.0269043889192 0.0269043889192 0.0269043889192 0.0269043889192 
1 0.96 0.04 0.0269035046703 0.0269035046703 0.0269035046703 0.0269035046703 0.0269035046703 0.0269035046703 0.0269035046703 0.0269035046703 0.0269035046703 0.0269035046703 

0 1 0.04 0.0256345660954 0.0256345660954 0.0256345660954 0.0256345660954 0.0256345660954 0.0256345660954 0.0256345660954 0.0256345660954 0.0256345660954 0.0256345660954 
1 1 0.04 0.025633815132 0.025633815132 0.025633815132 0.025633815132 0.025633815132 0.025633815132 0.025633815132 0.025633815132 0.025633815132 0.025633815132 

0 1.04 0.04 0.0240900257361 0.0240900257361 0.0240900257361 0.0240900257361 0.0240900257361 0.0240900257361 0.0240900257361 0.0240900257361 0.0240900257361 0.0240900257361 
1 1.04 0.04 0.0240893185367 0.0240893185367 0.0240893185367 0.0240893185367 0.0240893185367 0.0240893185367 0.0240893185367 0.0240893185367 0.0240893185367 0.0240893185367 

0 1.08 0.04 0.0229160246819 0.0229160246819 0.0229160246819 0.0229160246819 0.0229160246819 0.0229160246819 0.0229160246819 0.0229160246819 0.0229160246819 0.0229160246819 
1 1.08 0.04 0.0229150766612 0.0229150766612 0.0229150766612 0.0229150766612 0.0229150766612 0.0229150766612 0.0229150766612 0.0229150766612 0.0229150766612 0.0229150766612 

0 1.12 0.04 0.0222228133924 0.0222228133924 0.0222228133924 0.0222228133924 0.0222228133924 0.0222228133924 0.0222228133924 0.0222228133924 0.0222228133924 0.0222228133924 
1 1.12 0.04 0.0222220017079 0.0222220017079 0.0222220017079 0.0222220017079 0.0222220017079 0.0222220017079 0.0222220017079 0.0222220017079 0.0222220017079 0.0222220017079 

0 1.16 0.04 0.0220447614732 0.0220447614732 0.0220447614732 0.0220447614732 0.0220447614732 0.0220447614732 0.0220447614732 0.0220447614732 0.0220447614732 0.0220447614732 
1 1.16 0.04 0.0220439111909 0.0220439111909 0.0220439111909 0.0220439111909 0.0220439111909 0.0220439111909 0.0220439111909 0.0220439111909 0.0220439111909 0.0220439111909 

0 1.2 0.04 0.0220853171584 0.0220853171584 0.0220853171584 0.0220853171584 0.0220853171584 0.0220853171584 0.0220853171584 0.0220853171584 0.0220853171584 0.0220853171584 
1 1.2 0.04 0.0220840073384 0.0220840073384 0.0220840073384 0.0220840073384 0.0220840073384 0.0220840073384 0.0220840073384 0.0220840073384 0.0220840073384 0.0220840073384 

0 1.24 0.04 0.0229797779089 0.0229797779089 0.0229797779089 0.0229797779089 0.0229797779089 0.0229797779089 0.0229797779089 0.0229797779089 0.0229797779089 0.0229797779089 
1 1.24 0.04 0.0229784959344 0.0229784959344 0.0229784959344 0.0229784959344 0.0229784959344 0.0229784959344 0.0229784959344 0.0229784959344 0.0229784959344 0.0229784959344 

0 1.28 0.04 0.0236186000979 0.0236186000979 0.0236186000979 0.0236186000979 0.0236186000979 0.0236186000979 0.0236186000979 0.0236186000979 0.0236186000979 0.0236186000979 
1 1.28 0.04 0.0236174277002 0.0236174277002 0.0236174277002 0.0236174277002 0.0236174277002 0.0236174277002 0.0236174277002 0.0236174277002 0.0236174277002 0.0236174277002 

0 1.32 0.04 0.0254177360135 0.0254177360135 0.0254177360135 0.0254177360135 0.0254177360135 0.0254177360135 0.0254177360135 0.0254177360135 0.0254177360135 0.0254177360135 
1 1.32 0.04 0.0254167601992 0.0254167601992 0.0254167601992 0.0254167601992 0.0254167601992 0.0254167601992 0.0254167601992 0.0254167601992 0.0254167601992 0.0254167601992 

0 1.36 0.04 0.0272040622035 0.0272040622035 0.0272040622035 0.0272040622035 0.0272040622035 0.0272040622035 0.0272040622035 0.0272040622035 0.0272040622035 0.0272040622035 
1 1.36 0.04 0.0272027277948 0.0272027277948 0.0272027277948 0.0272027277948 0.0272027277948 0.0272027277948 0.0272027277948 0.0272027277948 0.0272027277948 0.0272027277948 

0 1.4 0.04 0.0292268464664 0.0292268464664 0.0292268464664 0.0292268464664 0.0292268464664 0.0292268464664 0.0292268464664 0.0292268464664 0.0292268464664 0.0292268464664 
1 1.4 0.04 0.0292256130779 0.0292256130779 0.0292256130779 0.0292256130779 0.0292256130779 0.0292256130779 0.0292256130779 0.0292256130779 0.0292256130779 0.0292256130779 

0 1.44 0.04 0.0310058371181 0.0310058371181 0.0310058371181 0.0310058371181 0.0310058371181 0.0310058371181 0.0310058371181 0.0310058371181 0.0310058371181 0.0310058371181 
1 1.44 0.04 0.0310046022268 0.0310046022268 0.0310046022268 0.0310046022268 0.0310046022268 0.0310046022268 0.0310046022268 0.0310046022268 0.0310046022268 0.0310046022268 

0 1.48 0.04 0.0327095304557 0.0327095304557 0.0327095304557 0.0327095304557 0.0327095304557 0.0327095304557 0.0327095304557 0.0327095304557 0.0327095304557 0.0327095304557 
1 1.48 0.04 0.0327078871962 0.0327078871962 0.0327078871962 0.0327078871962 0.0327078871962 0.0327078871962 0.0327078871962 0.0327078871962 0.0327078871962 0.0327078871962 

0 1.52 0.04 0.034096198657 0.034096198657 0.034096198657 0.034096198657 0.034096198657 0.034096198657 0.034096198657 0.034096198657 0.034096198657 0.034096198657 
1 1.52 0.04 0.0340948690442 0.0340948690442 0.0340948690442 0.0340948690442 0.0340948690442 0.0340948690442 0.0340948690442 0.0340948690442 0.0340948690442 0.0340948690442 

0 1.56 0.04 0.0353585937325 0.0353585937325 0.0353585937325 0.0353585937325 0.0353585937325 0.0353585937325 0.0353585937325 0.0353585937325 0.0353585937325 0.0353585937325 
1 1.56 0.04 0.0353573681812 0.0353573681812 0.0353573681812 0.0353573681812 0.0353573681812 0.0353573681812 0.0353573681812 0.0353573681812 0.0353573681812 0.0353573681812 

0 1.6 0.04 0.0359588859648 0.0359588859648 0.0359588859648 0.0359588859648 0.0359588859648 0.0359588859648 0.0359588859648 0.0359588859648 0.0359588859648 0.0359588859648 
1 1.6 0.04 0.035957513305 0.035957513305 0.035957513305 0.035957513305 0.035957513305 0.035957513305 0.035957513305 0.035957513305 0.035957513305 0.035957513305 

0 1.64 0.04 0.0354278445606 0.0354278445606 0.0354278445606 0.0354278445606 0.0354278445606 0.0354278445606 0.0354278445606 0.0354278445606 0.0354278445606 0.0354278445606 
1 1.64 0.04 0.0354262860089 0.0354262860089 0.0354262860089 0.0354262860089 0.0354262860089 0.0354262860089 0.0354262860089 0.0354262860089 0.0354262860089 0.0354262860089 

0 1.68 0.04 0.0348067587331 0.0348067587331 0.0348067587331 0.0348067587331 0.0348067587331 0.0348067587331 0.0348067587331 0.0348067587331 0.0348067587331 0.0348067587331 
1 1.68 0.04 0.0348054892971 0.0348054892971 0.0348054892971 0.0348054892971 0.0348054892971 0.0348054892971 0.0348054892971 0.0348054892971 0.0348054892971 0.0348054892971 

0 1.72 0.04 0.0332529656569 0.0332529656569 0.0332529656569 0.0332529656569 0.0332529656569 0.0332529656569 0.0332529656569 0.0332529656569 0.0332529656569 0.0332529656569 
1 1.72 0.04 0.0332516513635 0.0332516513635 0.0332516513635 0.0332516513635 0.0332516513635 0.0332516513635 0.0332516513635 0.0332516513635 0.0332516513635 0.0332516513635 

0 1.76 0.04 0.0313306213677 0.0313306213677 0.0313306213677 0.0313306213677 0.0313306213677 0.0313306213677 0.0313306213677 0.0313306213677 0.0313306213677 0.0313306213677 
1 1.76 0.04 0.031329332799 0.031329332799 0.031329332799 0.031329332799 0.031329332799 0.031329332799 0.031329332799 0.031329332799 0.031329332799 0.031329332799 

0 1.8 0.04 0.0289544568767 0.0289544568767 0.0289544568767 0.0289544568767 0.0289544568767 0.0289544568767 0.0289544568767 0.0289544568767 0.0289544568767 0.0289544568767 
1 1.8 0.04 0.0289532738968 0.0289532738968 0.0289532738968 0.0289532738968 0.0289532738968 0.0289532738968 0.0289532738968 0.0289532738968 0.0289532738968 0.0289532738968 

0 1.84 0.04 0.0268340720528 0.0268340720528 0.0268340720528 0.0268340720528 0.0268340720528 0.0268340720528 0.0268340720528 0.0268340720528 0.0268340720528 0.0268340720528 
1 1.84 0.04 0.0268332588416 0.0268332588416 0.0268332588416 0.0268332588416 0.0268332588416 0.0268332588416 0.0268332588416 0.0268332588416 0.0268332588416 0.0268332588416 

0 1.88 0.04 0.024251663588 0.024251663588 0.024251663588 0.024251663588 0.024251663588 0.024251663588 0.024251663588 0.024251663588 0.024251663588 0.024251663588 
1 1.88 0.04 0.0242508760542 0.0242508760542 0.0242508760542 0.0242508760542 0.0242508760542 0.0242508760542 0.0242508760542 0.0242508760542 0.0242508760542 0.0242508760542 

0 1.92 0.04 0.0221236790682 0.0221236790682 0.0221236790682 0.0221236790682 0.0221236790682 0.0221236790682 0.0221236790682 0.0221236790682 0.0221236790682 0.0221236790682 
1 1.92 0.04 0.022122837005 0.022122837005 0.022122837005 0.022122837005 0.022122837005 0.022122837005 0.022122837005 0.022122837005 0.022122837005 0.022122837005 

0 1.96 0.04 0.0204072306632 0.0204072306632 0.0204072306632 0.0204072306632 0.0204072306632 0.0204072306632 0.0204072306632 0.0204072306632 0.0204072306632 0.0204072306632 
1 1.96 0.04 0.0204063819581 0.0204063819581 0.0204063819581 0.0204063819581 0.0204063819581 0.0204063819581 0.0204063819581 0.0204063819581 0.0204063819581 0.0204063819581 

0 2 0.04 0.0190425680553 0.0190425680553 0.0190425680553 0.0190425680553 0.0190425680553 0.0190425680553 0.0190425680553 0.0190425680553 0.0190425680553 0.0190425680553 
1 2 0.04 0.0190419105866 0.0190419105866 0.0190419105866 0.0190419105866 0.0190419105866 0.0190419105866 0.0190419105866 0.0190419105866 0.0190419105866 0.0190419105866 

0 2.04 0.04 0.0185388478098 0.0185388478098 0.0185388478098 0.0185388478098 0.0185388478098 0.0185388478098 0.0185388478098 0.0185388478098 0.0185388478098 0.0185388478098 
1 2.04 0.04 0.0185383092252 0.0185383092252 0.0185383092252 0.0185383092252 0.0185383092252 0.0185383092252 0.0185383092252 0.0185383092252 0.0185383092252 0.0185383092252 

0 2.08 0.04 0.0185022826511 0.0185022826511 0.0185022826511 0.0185022826511 0.0185022826511 0.0185022826511 0.0185022826511 0.0185022826511 0.0185022826511 0.0185022826511 
1 2.08 0.04 0.018501804229 0.018501804229 0.018501804229 0.018501804229 0.018501804229 0.018501804229 0.018501804229 0.018501804229 0.018501804229 0.018501804229 

0 2.12 0.04 0.0196704609763 0.0196704609763 0.0196704609763 0.0196704609763 0.0196704609763 0.0196704609763 0.0196704609763 0.0196704609763 0.0196704609763 0.0196704609763 
1 2.12 0.04 0.0196701866174 0.0196701866174 0.0196701866174 0.0196701866174 0.0196701866174 0.0196701866174 0.0196701866174 0.0196701866174 0.0196701866174 0.0196701866174 

0 2.16 0.04 0.0212139681162 0.0212139681162 0.0212139681162 0.0212139681162 0.0212139681162 0.0212139681162 0.0212139681162 0.0212139681162 0.0212139681162 0.0212139681162 
1 2.16 0.04 0.0212137582551 0.0212137582551 0.0212137582551 0.0212137582551 0.0212137582551 0.0212137582551 0.0212137582551 0.0212137582551 0.0212137582551 0.0212137582551 

0 2.2 0.04 0.0235947623301 0.0235947623301 0.0235947623301 0.0235947623301 0.0235947623301 0.0235947623301 0.0235947623301 0.0235947623301 0.0235947623301 0.0235947623301 
1 2.2 0.04 0.0235947473147 0.0235947473147 0.0235947473147 0.0235947473147 0.0235947473147 0.0235947473147 0.0235947473147 0.0235947473147 0.0235947473147 0.0235947473147 

0 2.24 0.04 0.0266882024924 0.0266882024924 0.0266882024924 0.0266882024924 0.0266882024924 0.0266882024924 0.0266882024924 0.0266882024924 0.0266882024924 0.0266882024924 
1 2.24 0.04 0.0266883702401 0.0266883702401 0.0266883702401 0.0266883702401 0.0266883702401 0.0266883702401 0.0266883702401 0.0266883702401 0.0266883702401 0.0266883702401 

0 2.28 0.04 0.0303731767673 0.0303731767673 0.0303731767673 0.0303731767673 0.0303731767673 0.0303731767673 0.0303731767673 0.0303731767673 0.0303731767673 0.0303731767673 
1 2.28 0.04 0.0303732848732 0.0303732848732 0.0303732848732 0.0303732848732 0.0303732848732 0.0303732848732 0.0303732848732 0.0303732848732 0.0303732848732 0.0303732848732 

0 2.32 0.04 0.0344045504206 0.0344045504206 0.0344045504206 0.0344045504206 0.0344045504206 0.0344045504206 0.0344045504206 0.0344045504206 0.0344045504206 0.0344045504206 
1 2.32 0.04 0.0344047876335 0.0344047876335 0.0344047876335 0.0344047876335 0.0344047876335 0.0344047876335 0.0344047876335 0.0344047876335 0.0344047876335 0.0344047876335 

0 2.36 0.04 0.0386487486098 0.0386487486098 0.0386487486098 0.0386487486098 0.0386487486098 0.0386487486098 0.0386487486098 0.0386487486098 0.0386487486098 0.0386487486098 
1 2.36 0.04 0.0386492237669 0.0386492237669 0.0386492237669 0.0386492237669 0.0386492237669 0.0386492237669 0.0386492237669 0.0386492237669 0.0386492237669 0.0386492237669 

0 2.4 0.04 0.0429239412448 0.0429239412448 0.0429239412448 0.0429239412448 0.0429239412448 0.0429239412448 0.0429239412448 0.0429239412448 0.0429239412448 0.0429239412448 
1 2.4 0.04 0.0429244743598 0.0429244743598 0.0429244743598 0.0429244743598 0.0429244743598 0.0429244743598 0.0429244743598 0.0429244743598 0.0429244743598 0.0429244743598 

0 2.44 0.04 0.0468406157378 0.0468406157378 0.0468406157378 0.0468406157378 0.0468406157378 0.0468406157378 0.0468406157378 0.0468406157378 0.0468406157378 0.0468406157378 
1 2.44 0.04 0.046841170334 0.046841170334 0.046841170334 0.046841170334 0.046841170334 0.046841170334 0.046841170334 0.046841170334 0.046841170334 0.046841170334 

0 2.48 0.04 0.050752634062 0.050752634062 0.050752634062 0.050752634062 0.050752634062 0.050752634062 0.050752634062 0.050752634062 0.050752634062 0.050752634062 
1 2.48 0.04 0.050753086532 0.050753086532 0.050753086532 0.050753086532 0.050753086532 0.050753086532 0.050753086532 0.050753086532 0.050753086532 0.050753086532 

0 2.52 0.04 0.0545268818119 0.0545268818119 0.0545268818119 0.0545268818119 0.0545268818119 0.0545268818119 0.0545268818119 0.0545268818119 0.0545268818119 0.0545268818119 
1 2.52 0.04 0.0545268496566 0.0545268496566 0.0545268496566 0.0545268496566 0.0545268496566 0.0545268496566 0.0545268496566 0.0545268496566 0.0545268496566 0.0545268496566 

0 2.56 0.04 0.0577601211458 0.0577601211458 0.0577601211458 0.0577601211458 0.0577601211458 0.0577601211458 0.0577601211458 0.0577601211458 0.0577601211458 0.0577601211458 
1 2.56 0.04 0.0577603346824 0.0577603346824 0.0577603346824 0.0577603346824 0.0577603346824 0.0577603346824 0.0577603346824 0.0577603346824 0.0577603346824 0.0577603346824 

0 2.6 0.04 0.0603680678476 0.0603680678476 0.0603680678476 0.0603680678476 0.0603680678476 0.0603680678476 0.0603680678476 0.0603680678476 0.0603680678476 0.0603680678476 
1 2.6 0.04 0.0603687770398 0.0603687770398 0.0603687770398 0.0603687770398 0.0603687770398 0.0603687770398 0.0603687770398 0.0603687770398 0.0603687770398 0.0603687770398 

0 2.64 0.04 0.0628527647433 0.0628527647433 0.0628527647433 0.0628527647433 0.0628527647433 0.0628527647433 0.0628527647433 0.0628527647433 0.0628527647433 0.0628527647433 
1 2.64 0.04 0.0628536012279 0.0628536012279 0.0628536012279 0.0628536012279 0.0628536012279 0.0628536012279 0.0628536012279 0.0628536012279 0.0628536012279 0.0628536012279 

0 2.68 0.04 0.0650389424995 0.0650389424995 0.0650389424995 0.0650389424995 0.0650389424995 0.0650389424995 0.0650389424995 0.0650389424995 0.0650389424995 0.0650389424995 
1 2.68 0.04 0.0650396501095 0.0650396501095 0.0650396501095 0.0650396501095 0.0650396501095 0.0650396501095 0.0650396501095 0.0650396501095 0.0650396501095 0.0650396501095 

0 2.72 0.04 0.0666698750356 0.0666698750356 0.0666698750356 0.0666698750356 0.0666698750356 0.0666698750356 0.0666698750356 0.0666698750356 0.0666698750356 0.0666698750356 
1 2.72 0.04 0.0666703677341 0.0666703677341 0.0666703677341 0.0666703677341 0.0666703677341 0.0666703677341 0.0666703677341 0.0666703677341 0.0666703677341 0.0666703677341 

0 2.76 0.04 0.0679703325668 0.0679703325668 0.0679703325668 0.0679703325668 0.0679703325668 0.0679703325668 0.0679703325668 0.0679703325668 0.0679703325668 0.0679703325668 
1 2.76 0.04 0.0679708299296 0.0679708299296 0.0679708299296 0.0679708299296 0.0679708299296 0.0679708299296 0.0679708299296 0.0679708299296 0.0679708299296 0.0679708299296 

0 2.8 0.04 0.0688383246884 0.0688383246884 0.0688383246884 0.0688383246884 0.0688383246884 0.0688383246884 0.0688383246884 0.0688383246884 0.0688383246884 0.0688383246884 
1 2.8 0.04 0.068838943446 0.068838943446 0.068838943446 0.068838943446 0.068838943446 0.068838943446 0.068838943446 0.068838943446 0.068838943446 0.068838943446 

0 2.84 0.04 0.0693993793461 0.0693993793461 0.0693993793461 0.0693993793461 0.0693993793461 0.0693993793461 0.0693993793461 0.0693993793461 0.0693993793461 0.0693993793461 
1 2.84 0.04 0.0693998748754 0.0693998748754 0.0693998748754 0.0693998748754 0.0693998748754 0.0693998748754 0.0693998748754 0.0693998748754 0.0693998748754 0.0693998748754 

0 2.88 0.04 0.0698082586485 0.0698082586485 0.0698082586485 0.0698082586485 0.0698082586485 0.0698082586485 0.0698082586485 0.0698082586485 0.0698082586485 0.0698082586485 
1 2.88 0.04 0.0698087784067 0.0698087784067 0.0698087784067 0.0698087784067 0.0698087784067 0.0698087784067 0.0698087784067 0.0698087784067 0.0698087784067 0.0698087784067 

0 2.92 0.04 0.0702938035737 0.0702938035737 0.0702938035737 0.0702938035737 0.0702938035737 0.0702938035737 0.0702938035737 0.0702938035737 0.0702938035737 0.0702938035737 
1 2.92 0.04 0.0702944841838 0.0702944841838 0.0702944841838 0.0702944841838 0.0702944841838 0.0702944841838 0.0702944841838 0.0702944841838 0.0702944841838 0.0702944841838 

0 2.96 0.04 0.0705036503176 0.0705036503176 0.0705036503176 0.0705036503176 0.0705036503176 0.0705036503176 0.0705036503176 0.0705036503176 0.0705036503176 0.0705036503176 
1 2.96 0.04 0.0705044513843 0.0705044513843 0.0705044513843 0.0705044513843 0.0705044513843 0.0705044513843 0.0705044513843 0.0705044513843 0.0705044513843 0.0705044513843 

0 3 0.04 0.0536633116779 0.0536633116779 0.0536633116779 0.0536633116779 0.0536633116779 0.0536633116779 0.0536633116779 0.0536633116779 0.0536633116779 0.0536633116779 
1 3 0.04 0.0536639762849 0.0536639762849 0.0536639762849 0.0536639762849 0.0536639762849 0.0536639762849 0.0536639762849 0.0536639762849 0.0536639762849 0.0536639762849 

0 3.04 0.04 0.0535982306546 0.0535982306546 0.0535982306546 0.0535982306546 0.0535982306546 0.0535982306546 0.0535982306546 0.0535982306546 0.0535982306546 0.0535982306546 
1 3.04 0.04 0.0535983773103 0.0535983773103 0.0535983773103 0.0535983773103 0.0535983773103 0.0535983773103 0.0535983773103 0.0535983773103 0.0535983773103 0.0535983773103 

0 3.08 0.04 0.0536841134486 0.0536841134486 0.0536841134486 0.0536841134486 0.0536841134486 0.0536841134486 0.0536841134486 0.0536841134486 0.0536841134486 0.0536841134486 
1 3.08 0.04 0.0536840877959 0.0536840877959 0.0536840877959 0.0536840877959 0.0536840877959 0.0536840877959 0.0536840877959 0.0536840877959 0.0536840877959 0.0536840877959 

0 3.12 0.04 0.0541301958387 0.0541301958387 0.0541301958387 0.0541301958387 0.0541301958387 0.0541301958387 0.0541301958387 0.0541301958387 0.0541301958387 0.0541301958387 
1 3.12 0.04 0.0541299211745 0.0541299211745 0.0541299211745 0.0541299211745 0.0541299211745 0.0541299211745 0.0541299211745 0.0541299211745 0.0541299211745 0.0541299211745 

0 3.16 0.04 0.054814745172 0.054814745172 0.054814745172 0.054814745172 0.054814745172 0.054814745172 0.054814745172 0.054814745172 0.054814745172 0.054814745172 
1 3.16 0.04 0.0548140922494 0.0548140922494 0.0548140922494 0.0548140922494 0.0548140922494 0.0548140922494 0.0548140922494 0.0548140922494 0.0548140922494 0.0548140922494 

0 3.2 0.04 0.0554808454434 0.0554808454434 0.0554808454434 0.0554808454434 0.0554808454434 0.0554808454434 0.0554808454434 0.0554808454434 0.0554808454434 0.0554808454434 
1 3.2 0.04 0.0554802476302 0.0554802476302 0.0554802476302 0.0554802476302 0.0554802476302 0.0554802476302 0.0554802476302 0.0554802476302 0.0554802476302 0.0554802476302 

0 3.24 0.04 0.0570878358148 0.0570878358148 0.0570878358148 0.0570878358148 0.0570878358148 0.0570878358148 0.0570878358148 0.0570878358148 0.0570878358148 0.0570878358148 
1 3.24 0.04 0.0570860817237 0.0570860817237 0.0570860817237 0.0570860817237 0.0570860817237 0.0570860817237 0.0570860817237 0.0570860817237 0.0570860817237 0.0570860817237 

0 3.28 0.04 0.0587162144618 0.0587162144618 0.0587162144618 0.0587162144618 0.0587162144618 0.0587162144618 0.0587162144618 0.0587162144618 0.0587162144618 0.0587162144618 
1 3.28 0.04 0.0588189134655 0.0588189134655 0.0588189134655 0.0588189134655 0.0588189134655 0.0588189134655 0.0588189134655 0.0588189134655 0.0588189134655 0.0588189134655 

0 3.32 0.04 0.06073700951 0.06073700951 0.06073700951 0.06073700951 0.06073700951 0.06073700951 0.06073700951 0.06073700951 0.06073700951 0.06073700951 
1 3.32 0.04 0.0607035800726 0.0607035800726 0.0607035800726 0.0607035800726 0.0607035800726 0.0607035800726 0.0607035800726 0.0607035800726 0.0607035800726 0.0607035800726 

0 3.36 0.04 0.0629136901941 0.0629136901941 0.0629136901941 0.0629136901941 0.0629136901941 0.0629136901941 0.0629136901941 0.0629136901941 0.0629136901941 0.0629136901941 
1 3.36 0.04 0.062942369866 0.062942369866 0.062942369866 0.062942369866 0.062942369866 0.062942369866 0.062942369866 0.062942369866 0.062942369866 0.062942369866 

0 3.4 0.04 0.0653368124417 0.0653368124417 0.0653368124417 0.0653368124417 0.0653368124417 0.0653368124417 0.0653368124417 0.0653368124417 0.0653368124417 0.0653368124417 
1 3.4 0.04 0.0653347458232 0.0653347458232 0.0653347458232 0.0653347458232 0.0653347458232 0.0653347458232 0.0653347458232 0.0653347458232 0.0653347458232 0.0653347458232 

0 3.44 0.04 0.068032069436 0.068032069436 0.068032069436 0.068032069436 0.068032069436 0.068032069436 0.068032069436 0.068032069436 0.068032069436 0.068032069436 
1 3.44 0.04 0.0680481477063 0.0680481477063 0.0680481477063 0.0680481477063 0.0680481477063 0.0680481477063 0.0680481477063 0.0680481477063 0.0680481477063 0.0680481477063 

0 3.48 0.04 0.0708718100234 0.0708718100234 0.0708718100234 0.0708718100234 0.0708718100234 0.0708718100234 0.0708718100234 0.0708718100234 0.0708718100234 0.0708718100234 
1 3.48 0.04 0.0708802173029 0.0708802173029 0.0708802173029 0.0708802173029 0.0708802173029 0.0708802173029 0.0708802173029 0.0708802173029 0.0708802173029 0.0708802173029 

0 3.52 0.04 0.0742734403952 0.0742734403952 0.0742734403952 0.0742734403952 0.0742734403952 0.0742734403952 0.0742734403952 0.0742734403952 0.0742734403952 0.0742734403952 
1 3.52 0.04 0.074287238101 0.074287238101 0.074287238101 0.074287238101 0.074287238101 0.074287238101 0.074287238101 0.074287238101 0.074287238101 0.074287238101 

0 3.56 0.04 0.077841862223 0.077841862223 0.077841862223 0.077841862223 0.077841862223 0.077841862223 0.077841862223 0.077841862223 0.077841862223 0.077841862223 
1 3.56 0.04 0.0778537003448 0.0778537003448 0.0778537003448 0.0778537003448 0.0778537003448 0.0778537003448 0.0778537003448 0.0778537003448 0.0778537003448 0.0778537003448 

0 3.6 0.04 0.0813440044743 0.0813440044743 0.0813440044743 0.0813440044743 0.0813440044743 0.0813440044743 0.0813440044743 0.0813440044743 0.0813440044743 0.0813440044743 
1 3.6 0.04 0.0813585677725 0.0813585677725 0.0813585677725 0.0813585677725 0.0813585677725 0.0813585677725 0.0813585677725 0.0813585677725 0.0813585677725 0.0813585677725 

0 3.64 0.04 0.0848611445132 0.0848611445132 0.0848611445132 0.0848611445132 0.0848611445132 0.0848611445132 0.0848611445132 0.0848611445132 0.0848611445132 0.0848611445132 
1 3.64 0.04 0.0848764717234 0.0848764717234 0.0848764717234 0.0848764717234 0.0848764717234 0.0848764717234 0.0848764717234 0.0848764717234 0.0848764717234 0.0848764717234 

0 3.68 0.04 0.0883434604725 0.0883434604725 0.0883434604725 0.0883434604725 0.0883434604725 0.0883434604725 0.0883434604725 0.0883434604725 0.0883434604725 0.0883434604725 
1 3.68 0.04 0.0883588498082 0.0883588498082 0.0883588498082 0.0883588498082 0.0883588498082 0.0883588498082 0.0883588498082 0.0883588498082 0.0883588498082 0.0883588498082 

0 3.72 0.04 0.0918800314251 0.0918800314251 0.0918800314251 0.0918800314251 0.0918800314251 0.0918800314251 0.0918800314251 0.0918800314251 0.0918800314251 0.0918800314251 
1 3.72 0.04 0.0918958999801 0.0918958999801 0.0918958999801 0.0918958999801 0.0918958999801 0.0918958999801 0.0918958999801 0.0918958999801 0.0918958999801 0.0918958999801 

0 3.76 0.04 0.0953718110131 0.0953718110131 0.0953718110131 0.0953718110131 0.0953718110131 0.0953718110131 0.0953718110131 0.0953718110131 0.0953718110131 0.0953718110131 
1 3.76 0.04 0.0953869500202 0.0953869500202 0.0953869500202 0.0953869500202 0.0953869500202 0.0953869500202 0.0953869500202 0.0953869500202 0.0953869500202 0.0953869500202 

0 3.8 0.04 0.0986181448457 0.0986181448457 0.0986181448457 0.0986181448457 0.0986181448457 0.0986181448457 0.0986181448457 0.0986181448457 0.0986181448457 0.0986181448457 
1 3.8 0.04 0.0986330087474 0.0986330087474 0.0986330087474 0.0986330087474 0.0986330087474 0.0986330087474 0.0986330087474 0.0986330087474 0.0986330087474 0.0986330087474 

0 3.84 0.04 0.101186274268 0.101186274268 0.101186274268 0.101186274268 0.101186274268 0.101186274268 0.101186274268 0.101186274268 0.101186274268 0.101186274268 
1 3.84 0.04 0.101200744246 0.101200744246 0.101200744246 0.101200744246 0.101200744246 0.101200744246 0.101200744246 0.101200744246 0.101200744246 0.101200744246 

0 3.88 0.04 0.103979859001 0.103979859001 0.103979859001 0.103979859001 0.103979859001 0.103979859001 0.103979859001 0.103979859001 0.103979859001 0.103979859001 
1 3.88 0.04 0.103994272124 0.103994272124 0.103994272124 0.103994272124 0.103994272124 0.103994272124 0.103994272124 0.103994272124 0.103994272124 0.103994272124 

0 3.92 0.04 0.106496067497 0.106496067497 0.106496067497 0.106496067497 0.106496067497 0.106496067497 0.106496067497 0.106496067497 0.106496067497 0.106496067497 
1 3.92 0.04 0.106510596824 0.106510596824 0.106510596824 0.106510596824 0.106510596824 0.106510596824 0.106510596824 0.106510596824 0.106510596824 0.106510596824 

0 3.96 0.04 0.10820603587 0.10820603587 0.10820603587 0.10820603587 0.10820603587 0.10820603587 0.10820603587 0.10820603587 0.10820603587 0.10820603587 
1 3.96 0.04 0.108219869771 0.108219869771 0.108219869771 0.108219869771 0.108219869771 0.108219869771 0.108219869771 0.108219869771 0.108219869771 0.108219869771 

0 4 0.04 0.10962815553 0.10962815553 0.10962815553 0.10962815553 0.10962815553 0.10962815553 0.10962815553 0.10962815553 0.10962815553 0.10962815553 
1 4 0.04 0.10964171694 0.10964171694 0.10964171694 0.10964171694 0.10964171694 0.10964171694 0.10964171694 0.10964171694 0.10964171694 0.10964171694 

0 4.04 0.04 0.111205180284 0.111205180284 0.111205180284 0.111205180284 0.111205180284 0.111205180284 0.111205180284 0.111205180284 0.111205180284 0.111205180284 
1 4.04 0.04 0.111217639093 0.111217639093 0.111217639093 0.111217639093 0.111217639093 0.111217639093 0.111217639093 0.111217639093 0.111217639093 0.111217639093 

0 4.08 0.04 0.111923470279 0.111923470279 0.111923470279 0.111923470279 0.111923470279 0.111923470279 0.111923470279 0.111923470279 0.111923470279 0.111923470279 
1 4.08 0.04 0.111935906495 0.111935906495 0.111935906495 0.111935906495 0.111935906495 0.111935906495 0.111935906495 0.111935906495 0.111935906495 0.111935906495 

0 4.12 0.04 0.112326622533 0.112326622533 0.112326622533 0.112326622533 0.112326622533 0.112326622533 0.112326622533 0.112326622533 0.112326622533 0.112326622533 
1 4.12 0.04 0.112338586088 0.112338586088 0.112338586088 0.112338586088 0.112338586088 0.112338586088 0.112338586088 0.112338586088 0.112338586088 0.112338586088 

0 4.16 0.04 0.112424327295 0.112424327295 0.112424327295 0.112424327295 0.112424327295 0.112424327295 0.112424327295 0.112424327295 0.112424327295 0.112424327295 
1 4.16 0.04 0.112430615724 0.112430615724 0.112430615724 0.112430615724 0.112430615724 0.112430615724 0.112430615724 0.112430615724 0.112430615724 0.112430615724 

0 4.2 0.04 0.112804968927 0.112804968927 0.112804968927 0.112804968927 0.112804968927 0.112804968927 0.112804968927 0.112804968927 0.112804968927 0.112804968927 
1 4.2 0.04 0.112809045217 0.112809045217 0.112809045217 0.112809045217 0.112809045217 0.112809045217 0.112809045217 0.112809045217 0.112809045217 0.112809045217 

0 4.24 0.04 0.112597068534 0.112597068534 0.112597068534 0.112597068534 0.112597068534 0.112597068534 0.112597068534 0.112597068534 0.112597068534 0.112597068534 
1 4.24 0.04 0.112600272103 0.112600272103 0.112600272103 0.112600272103 0.112600272103 0.112600272103 0.112600272103 0.112600272103 0.112600272103 0.112600272103 

0 4.28 0.04 0.11259971489 0.11259971489 0.11259971489 0.11259971489 0.11259971489 0.11259971489 0.11259971489 0.11259971489 0.11259971489 0.11259971489 
1 4.28 0.04 0.112602558502 0.112602558502 0.112602558502 0.112602558502 0.112602558502 0.112602558502 0.112602558502 0.112602558502 0.112602558502 0.112602558502 

0 4.32 0.04 0.112820161433 0.112820161433 0.112820161433 0.112820161433 0.112820161433 0.112820161433 0.112820161433 0.112820161433 0.112820161433 0.112820161433 
1 4.32 0.04 0.112822254765 0.112822254765 0.112822254765 0.112822254765 0.112822254765 0.112822254765 0.112822254765 0.112822254765 0.112822254765 0.112822254765 

0 4.36 0.04 0.112856320376 0.112856320376 0.112856320376 0.112856320376 0.112856320376 0.112856320376 0.112856320376 0.112856320376 0.112856320376 0.112856320376 
1 4.36 0.04 0.112858193342 0.112858193342 0.112858193342 0.112858193342 0.112858193342 0.112858193342 0.112858193342 0.112858193342 0.112858193342 0.112858193342 

0 4.4 0.04 0.113230336203 0.113230336203 0.113230336203 0.113230336203 0.113230336203 0.113230336203 0.113230336203 0.113230336203 0.113230336203 0.113230336203 
1 4.4 0.04 0.113231693325 0.113231693325 0.113231693325 0.113231693325 0.113231693325 0.113231693325 0.113231693325 0.113231693325 0.113231693325 0.113231693325 

0 4.44 0.04 0.113741008755 0.113741008755 0.113741008755 0.113741008755 0.113741008755 0.113741008755 0.113741008755 0.113741008755 0.113741008755 0.113741008755 
1 4.44 0.04 0.113742287917 0.113742287917 0.113742287917 0.113742287917 0.113742287917 0.113742287917 0.113742287917 0.113742287917 0.113742287917 0.113742287917 

0 4.48 0.04 0.114372960498 0.114372960498 0.114372960498 0.114372960498 0.114372960498 0.114372960498 0.114372960498 0.114372960498 0.114372960498 0.114372960498 
1 4.48 0.04 0.114373630225 0.114373630225 0.114373630225 0.114373630225 0.114373630225 0.114373630225 0.114373630225 0.114373630225 0.114373630225 0.114373630225 

0 4.52 0.04 0.115137659311 0.115137659311 0.115137659311 0.115137659311 0.115137659311 0.115137659311 0.115137659311 0.115137659311 0.115137659311 0.115137659311 
1 4.52 0.04 0.115137961241 0.115137961241 0.115137961241 0.115137961241 0.115137961241 0.115137961241 0.115137961241 0.115137961241 0.115137961241 0.115137961241 

0 4.56 0.04 0.116186568362 0.116186568362 0.116186568362 0.116186568362 0.116186568362 0.116186568362 0.116186568362 0.116186568362 0.116186568362 0.116186568362 
1 4.56 0.04 0.116187312399 0.116187312399 0.116187312399 0.116187312399 0.116187312399 0.116187312399 0.116187312399 0.116187312399 0.116187312399 0.116187312399 

0 4.6 0.04 0.116970322768 0.116970322768 0.116970322768 0.116970322768 0.116970322768 0.116970322768 0.116970322768 0.116970322768 0.116970322768 0.116970322768 
1 4.6 0.04 0.116971791766 0.116971791766 0.116971791766 0.116971791766 0.116971791766 0.116971791766 0.116971791766 0.116971791766 0.116971791766 0.116971791766 

0 4.64 0.04 0.117663586158 0.117663586158 0.117663586158 0.117663586158 0.117663586158 0.117663586158 0.117663586158 0.117663586158 0.117663586158 0.117663586158 
1 4.64 0.04 0.117666064738 0.117666064738 0.117666064738 0.117666064738 0.117666064738 0.117666064738 0.117666064738 0.117666064738 0.117666064738 0.117666064738 

0 4.68 0.04 0.118463713859 0.118463713859 0.118463713859 0.118463713859 0.118463713859 0.118463713859 0.118463713859 0.118463713859 0.118463713859 0.118463713859 
1 4.68 0.04 0.118465433336 0.118465433336 0.118465433336 0.118465433336 0.118465433336 0.118465433336 0.118465433336 0.118465433336 0.118465433336 0.118465433336 

0 4.72 0.04 0.119037445867 0.119037445867 0.119037445867 0.119037445867 0.119037445867 0.119037445867 0.119037445867 0.119037445867 0.119037445867 0.119037445867 
1 4.72 0.04 0.119038615354 0.119038615354 0.119038615354 0.119038615354 0.119038615354 0.119038615354 0.119038615354 0.119038615354 0.119038615354 0.119038615354 

0 4.76 0.04 0.119041200463 0.119041200463 0.119041200463 0.119041200463 0.119041200463 0.119041200463 0.119041200463 0.119041200463 0.119041200463 0.119041200463 
1 4.76 0.04 0.119042786892 0.119042786892 0.119042786892 0.119042786892 0.119042786892 0.119042786892 0.119042786892 0.119042786892 0.119042786892 0.119042786892 

0 4.8 0.04 0.119243841541 0.119243841541 0.119243841541 0.119243841541 0.119243841541 0.119243841541 0.119243841541 0.119243841541 0.119243841541 0.119243841541 
1 4.8 0.04 0.119245634365 0.119245634365 0.119245634365 0.119245634365 0.119245634365 0.119245634365 0.119245634365 0.119245634365 0.119245634365 0.119245634365 

0 4.84 0.04 0.118673128996 0.118673128996 0.118673128996 0.118673128996 0.118673128996 0.118673128996 0.118673128996 0.118673128996 0.118673128996 0.118673128996 
1 4.84 0.04 0.118675280197 0.118675280197 0.118675280197 0.118675280197 0.118675280197 0.118675280197 0.118675280197 0.118675280197 0.118675280197 0.118675280197 

0 4.88 0.04 0.117940116467 0.117940116467 0.117940116467 0.117940116467 0.117940116467 0.117940116467 0.117940116467 0.117940116467 0.117940116467 0.117940116467 
1 4.88 0.04 0.117942545649 0.117942545649 0.117942545649 0.117942545649 0.117942545649 0.117942545649 0.117942545649 0.117942545649 0.117942545649 0.117942545649 

0 4.92 0.04 0.116989574559 0.116989574559 0.116989574559 0.116989574559 0.116989574559 0.116989574559 0.116989574559 0.116989574559 0.116989574559 0.116989574559 
1 4.92 0.04 0.116992191835 0.116992191835 0.116992191835 0.116992191835 0.116992191835 0.116992191835 0.116992191835 0.116992191835 0.116992191835 0.116992191835 

0 4.96 0.04 0.115290311517 0.115290311517 0.115290311517 0.115290311517 0.115290311517 0.115290311517 0.115290311517 0.115290311517 0.115290311517 0.115290311517 
1 4.96 0.04 0.115293300555 0.115293300555 0.115293300555 0.115293300555 0.115293300555 0.115293300555 0.115293300555 0.115293300555 0.115293300555 0.115293300555 

0 5 0.04 0.113613526437 0.113613526437 0.113613526437 0.113613526437 0.113613526437 0.113613526437 0.113613526437 0.113613526437 0.113613526437 0.113613526437 
1 5 0.04 0.113616950668 0.113616950668 0.113616950668 0.113616950668 0.113616950668 0.113616950668 0.113616950668 0.113616950668 0.113616950668 0.113616950668 

0 5.04 0.04 0.111497954822 0.111497954822 0.111497954822 0.111497954822 0.111497954822 0.111497954822 0.111497954822 0.111497954822 0.111497954822 0.111497954822 
1 5.04 0.04 0.111501898935 0.111501898935 0.111501898935 0.111501898935 0.111501898935 0.111501898935 0.111501898935 0.111501898935 0.111501898935 0.111501898935 

0 5.08 0.04 0.109572018217 0.109572018217 0.109572018217 0.109572018217 0.109572018217 0.109572018217 0.109572018217 0.109572018217 0.109572018217 0.109572018217 
1 5.08 0.04 0.109576642318 0.109576642318 0.109576642318 0.109576642318 0.109576642318 0.109576642318 0.109576642318 0.109576642318 0.109576642318 0.109576642318 

0 5.12 0.04 0.107217905951 0.107217905951 0.107217905951 0.107217905951 0.107217905951 0.107217905951 0.107217905951 0.107217905951 0.107217905951 0.107217905951 
1 5.12 0.04 0.107222770872 0.107222770872 0.107222770872 0.107222770872 0.107222770872 0.107222770872 0.107222770872 0.107222770872 0.107222770872 0.107222770872 

0 5.16 0.04 0.10518675483 0.10518675483 0.10518675483 0.10518675483 0.10518675483 0.10518675483 0.10518675483 0.10518675483 0.10518675483 0.10518675483 
1 5.16 0.04 0.105192025881 0.105192025881 0.105192025881 0.105192025881 0.105192025881 0.105192025881 0.105192025881 0.105192025881 0.105192025881 0.105192025881 

