#Turbine    Time(s)    dt(s)    Vaxial (m/s)
0 0 0.04 8 8 8 8 8 8 8 8 8 8 
1 0 0.04 8 8 8 8 8 8 8 8 8 8 

0 0.04 0.04 7.99999999974 7.99999999974 7.99999999974 7.99999999974 7.99999999974 7.99999999974 7.99999999974 7.99999999974 7.99999999974 7.99999999974 
1 0.04 0.04 7.99999999974 7.99999999974 7.99999999974 7.99999999974 7.99999999974 7.99999999974 7.99999999974 7.99999999974 7.99999999974 7.99999999974 

0 0.08 0.04 8.02299761151 8.02299761151 8.02299761151 8.02299761151 8.02299761151 8.02299761151 8.02299761151 8.02299761151 8.02299761151 8.02299761151 
1 0.08 0.04 8.02299758445 8.02299758445 8.02299758445 8.02299758445 8.02299758445 8.02299758445 8.02299758445 8.02299758445 8.02299758445 8.02299758445 

0 0.12 0.04 8.02733408418 8.02733408418 8.02733408418 8.02733408418 8.02733408418 8.02733408418 8.02733408418 8.02733408418 8.02733408418 8.02733408418 
1 0.12 0.04 8.02733400571 8.02733400571 8.02733400571 8.02733400571 8.02733400571 8.02733400571 8.02733400571 8.02733400571 8.02733400571 8.02733400571 

0 0.16 0.04 8.03974051874 8.03974051874 8.03974051874 8.03974051874 8.03974051874 8.03974051874 8.03974051874 8.03974051874 8.03974051874 8.03974051874 
1 0.16 0.04 8.03974063649 8.03974063649 8.03974063649 8.03974063649 8.03974063649 8.03974063649 8.03974063649 8.03974063649 8.03974063649 8.03974063649 

0 0.2 0.04 8.04930332721 8.04930332721 8.04930332721 8.04930332721 8.04930332721 8.04930332721 8.04930332721 8.04930332721 8.04930332721 8.04930332721 
1 0.2 0.04 8.04930324457 8.04930324457 8.04930324457 8.04930324457 8.04930324457 8.04930324457 8.04930324457 8.04930324457 8.04930324457 8.04930324457 

0 0.24 0.04 8.06027613643 8.06027613643 8.06027613643 8.06027613643 8.06027613643 8.06027613643 8.06027613643 8.06027613643 8.06027613643 8.06027613643 
1 0.24 0.04 8.06027604433 8.06027604433 8.06027604433 8.06027604433 8.06027604433 8.06027604433 8.06027604433 8.06027604433 8.06027604433 8.06027604433 

0 0.28 0.04 8.07229100893 8.07229100893 8.07229100893 8.07229100893 8.07229100893 8.07229100893 8.07229100893 8.07229100893 8.07229100893 8.07229100893 
1 0.28 0.04 8.07229089185 8.07229089185 8.07229089185 8.07229089185 8.07229089185 8.07229089185 8.07229089185 8.07229089185 8.07229089185 8.07229089185 

0 0.32 0.04 8.08439649749 8.08439649749 8.08439649749 8.08439649749 8.08439649749 8.08439649749 8.08439649749 8.08439649749 8.08439649749 8.08439649749 
1 0.32 0.04 8.08439633934 8.08439633934 8.08439633934 8.08439633934 8.08439633934 8.08439633934 8.08439633934 8.08439633934 8.08439633934 8.08439633934 

0 0.36 0.04 8.09819460282 8.09819460282 8.09819460282 8.09819460282 8.09819460282 8.09819460282 8.09819460282 8.09819460282 8.09819460282 8.09819460282 
1 0.36 0.04 8.09819450252 8.09819450252 8.09819450252 8.09819450252 8.09819450252 8.09819450252 8.09819450252 8.09819450252 8.09819450252 8.09819450252 

0 0.4 0.04 8.11311890895 8.11311890895 8.11311890895 8.11311890895 8.11311890895 8.11311890895 8.11311890895 8.11311890895 8.11311890895 8.11311890895 
1 0.4 0.04 8.11311861169 8.11311861169 8.11311861169 8.11311861169 8.11311861169 8.11311861169 8.11311861169 8.11311861169 8.11311861169 8.11311861169 

0 0.44 0.04 8.12785145862 8.12785145862 8.12785145862 8.12785145862 8.12785145862 8.12785145862 8.12785145862 8.12785145862 8.12785145862 8.12785145862 
1 0.44 0.04 8.12785147176 8.12785147176 8.12785147176 8.12785147176 8.12785147176 8.12785147176 8.12785147176 8.12785147176 8.12785147176 8.12785147176 

0 0.48 0.04 8.14492010631 8.14492010631 8.14492010631 8.14492010631 8.14492010631 8.14492010631 8.14492010631 8.14492010631 8.14492010631 8.14492010631 
1 0.48 0.04 8.14492034195 8.14492034195 8.14492034195 8.14492034195 8.14492034195 8.14492034195 8.14492034195 8.14492034195 8.14492034195 8.14492034195 

0 0.52 0.04 8.16142817738 8.16142817738 8.16142817738 8.16142817738 8.16142817738 8.16142817738 8.16142817738 8.16142817738 8.16142817738 8.16142817738 
1 0.52 0.04 8.16142811317 8.16142811317 8.16142811317 8.16142811317 8.16142811317 8.16142811317 8.16142811317 8.16142811317 8.16142811317 8.16142811317 

0 0.56 0.04 8.17920295236 8.17920295236 8.17920295236 8.17920295236 8.17920295236 8.17920295236 8.17920295236 8.17920295236 8.17920295236 8.17920295236 
1 0.56 0.04 8.17920304087 8.17920304087 8.17920304087 8.17920304087 8.17920304087 8.17920304087 8.17920304087 8.17920304087 8.17920304087 8.17920304087 

0 0.6 0.04 8.19814454356 8.19814454356 8.19814454356 8.19814454356 8.19814454356 8.19814454356 8.19814454356 8.19814454356 8.19814454356 8.19814454356 
1 0.6 0.04 8.19814481526 8.19814481526 8.19814481526 8.19814481526 8.19814481526 8.19814481526 8.19814481526 8.19814481526 8.19814481526 8.19814481526 

0 0.64 0.04 8.21608916399 8.21608916399 8.21608916399 8.21608916399 8.21608916399 8.21608916399 8.21608916399 8.21608916399 8.21608916399 8.21608916399 
1 0.64 0.04 8.21608925244 8.21608925244 8.21608925244 8.21608925244 8.21608925244 8.21608925244 8.21608925244 8.21608925244 8.21608925244 8.21608925244 

0 0.68 0.04 8.23547165309 8.23547165309 8.23547165309 8.23547165309 8.23547165309 8.23547165309 8.23547165309 8.23547165309 8.23547165309 8.23547165309 
1 0.68 0.04 8.23547181439 8.23547181439 8.23547181439 8.23547181439 8.23547181439 8.23547181439 8.23547181439 8.23547181439 8.23547181439 8.23547181439 

0 0.72 0.04 8.25598005357 8.25598005357 8.25598005357 8.25598005357 8.25598005357 8.25598005357 8.25598005357 8.25598005357 8.25598005357 8.25598005357 
1 0.72 0.04 8.25598064661 8.25598064661 8.25598064661 8.25598064661 8.25598064661 8.25598064661 8.25598064661 8.25598064661 8.25598064661 8.25598064661 

0 0.76 0.04 8.27527876656 8.27527876656 8.27527876656 8.27527876656 8.27527876656 8.27527876656 8.27527876656 8.27527876656 8.27527876656 8.27527876656 
1 0.76 0.04 8.27527966481 8.27527966481 8.27527966481 8.27527966481 8.27527966481 8.27527966481 8.27527966481 8.27527966481 8.27527966481 8.27527966481 

0 0.8 0.04 8.29540719625 8.29540719625 8.29540719625 8.29540719625 8.29540719625 8.29540719625 8.29540719625 8.29540719625 8.29540719625 8.29540719625 
1 0.8 0.04 8.29540792968 8.29540792968 8.29540792968 8.29540792968 8.29540792968 8.29540792968 8.29540792968 8.29540792968 8.29540792968 8.29540792968 

0 0.84 0.04 8.31520651517 8.31520651517 8.31520651517 8.31520651517 8.31520651517 8.31520651517 8.31520651517 8.31520651517 8.31520651517 8.31520651517 
1 0.84 0.04 8.31520747988 8.31520747988 8.31520747988 8.31520747988 8.31520747988 8.31520747988 8.31520747988 8.31520747988 8.31520747988 8.31520747988 

0 0.88 0.04 8.33572088713 8.33572088713 8.33572088713 8.33572088713 8.33572088713 8.33572088713 8.33572088713 8.33572088713 8.33572088713 8.33572088713 
1 0.88 0.04 8.3357218408 8.3357218408 8.3357218408 8.3357218408 8.3357218408 8.3357218408 8.3357218408 8.3357218408 8.3357218408 8.3357218408 

0 0.92 0.04 8.35506184606 8.35506184606 8.35506184606 8.35506184606 8.35506184606 8.35506184606 8.35506184606 8.35506184606 8.35506184606 8.35506184606 
1 0.92 0.04 8.35506301218 8.35506301218 8.35506301218 8.35506301218 8.35506301218 8.35506301218 8.35506301218 8.35506301218 8.35506301218 8.35506301218 

0 0.96 0.04 8.37441353922 8.37441353922 8.37441353922 8.37441353922 8.37441353922 8.37441353922 8.37441353922 8.37441353922 8.37441353922 8.37441353922 
1 0.96 0.04 8.3744147024 8.3744147024 8.3744147024 8.3744147024 8.3744147024 8.3744147024 8.3744147024 8.3744147024 8.3744147024 8.3744147024 

0 1 0.04 8.39234225651 8.39234225651 8.39234225651 8.39234225651 8.39234225651 8.39234225651 8.39234225651 8.39234225651 8.39234225651 8.39234225651 
1 1 0.04 8.39234313009 8.39234313009 8.39234313009 8.39234313009 8.39234313009 8.39234313009 8.39234313009 8.39234313009 8.39234313009 8.39234313009 

0 1.04 0.04 8.41178699481 8.41178699481 8.41178699481 8.41178699481 8.41178699481 8.41178699481 8.41178699481 8.41178699481 8.41178699481 8.41178699481 
1 1.04 0.04 8.41178774646 8.41178774646 8.41178774646 8.41178774646 8.41178774646 8.41178774646 8.41178774646 8.41178774646 8.41178774646 8.41178774646 

0 1.08 0.04 8.42764146955 8.42764146955 8.42764146955 8.42764146955 8.42764146955 8.42764146955 8.42764146955 8.42764146955 8.42764146955 8.42764146955 
1 1.08 0.04 8.42764303171 8.42764303171 8.42764303171 8.42764303171 8.42764303171 8.42764303171 8.42764303171 8.42764303171 8.42764303171 8.42764303171 

0 1.12 0.04 8.44424002879 8.44424002879 8.44424002879 8.44424002879 8.44424002879 8.44424002879 8.44424002879 8.44424002879 8.44424002879 8.44424002879 
1 1.12 0.04 8.44424106031 8.44424106031 8.44424106031 8.44424106031 8.44424106031 8.44424106031 8.44424106031 8.44424106031 8.44424106031 8.44424106031 

0 1.16 0.04 8.46062465996 8.46062465996 8.46062465996 8.46062465996 8.46062465996 8.46062465996 8.46062465996 8.46062465996 8.46062465996 8.46062465996 
1 1.16 0.04 8.46062523728 8.46062523728 8.46062523728 8.46062523728 8.46062523728 8.46062523728 8.46062523728 8.46062523728 8.46062523728 8.46062523728 

0 1.2 0.04 8.47395200901 8.47395200901 8.47395200901 8.47395200901 8.47395200901 8.47395200901 8.47395200901 8.47395200901 8.47395200901 8.47395200901 
1 1.2 0.04 8.47395490913 8.47395490913 8.47395490913 8.47395490913 8.47395490913 8.47395490913 8.47395490913 8.47395490913 8.47395490913 8.47395490913 

0 1.24 0.04 8.48843495807 8.48843495807 8.48843495807 8.48843495807 8.48843495807 8.48843495807 8.48843495807 8.48843495807 8.48843495807 8.48843495807 
1 1.24 0.04 8.48843745832 8.48843745832 8.48843745832 8.48843745832 8.48843745832 8.48843745832 8.48843745832 8.48843745832 8.48843745832 8.48843745832 

0 1.28 0.04 8.50204291076 8.50204291076 8.50204291076 8.50204291076 8.50204291076 8.50204291076 8.50204291076 8.50204291076 8.50204291076 8.50204291076 
1 1.28 0.04 8.50204557392 8.50204557392 8.50204557392 8.50204557392 8.50204557392 8.50204557392 8.50204557392 8.50204557392 8.50204557392 8.50204557392 

0 1.32 0.04 8.51204894158 8.51204894158 8.51204894158 8.51204894158 8.51204894158 8.51204894158 8.51204894158 8.51204894158 8.51204894158 8.51204894158 
1 1.32 0.04 8.51205025519 8.51205025519 8.51205025519 8.51205025519 8.51205025519 8.51205025519 8.51205025519 8.51205025519 8.51205025519 8.51205025519 

0 1.36 0.04 8.52339209439 8.52339209439 8.52339209439 8.52339209439 8.52339209439 8.52339209439 8.52339209439 8.52339209439 8.52339209439 8.52339209439 
1 1.36 0.04 8.52339530187 8.52339530187 8.52339530187 8.52339530187 8.52339530187 8.52339530187 8.52339530187 8.52339530187 8.52339530187 8.52339530187 

0 1.4 0.04 8.53285547345 8.53285547345 8.53285547345 8.53285547345 8.53285547345 8.53285547345 8.53285547345 8.53285547345 8.53285547345 8.53285547345 
1 1.4 0.04 8.53285794902 8.53285794902 8.53285794902 8.53285794902 8.53285794902 8.53285794902 8.53285794902 8.53285794902 8.53285794902 8.53285794902 

0 1.44 0.04 8.54022957819 8.54022957819 8.54022957819 8.54022957819 8.54022957819 8.54022957819 8.54022957819 8.54022957819 8.54022957819 8.54022957819 
1 1.44 0.04 8.54023181503 8.54023181503 8.54023181503 8.54023181503 8.54023181503 8.54023181503 8.54023181503 8.54023181503 8.54023181503 8.54023181503 

0 1.48 0.04 8.54923072178 8.54923072178 8.54923072178 8.54923072178 8.54923072178 8.54923072178 8.54923072178 8.54923072178 8.54923072178 8.54923072178 
1 1.48 0.04 8.54923479186 8.54923479186 8.54923479186 8.54923479186 8.54923479186 8.54923479186 8.54923479186 8.54923479186 8.54923479186 8.54923479186 

0 1.52 0.04 8.55321023101 8.55321023101 8.55321023101 8.55321023101 8.55321023101 8.55321023101 8.55321023101 8.55321023101 8.55321023101 8.55321023101 
1 1.52 0.04 8.55321205012 8.55321205012 8.55321205012 8.55321205012 8.55321205012 8.55321205012 8.55321205012 8.55321205012 8.55321205012 8.55321205012 

0 1.56 0.04 8.558874597 8.558874597 8.558874597 8.558874597 8.558874597 8.558874597 8.558874597 8.558874597 8.558874597 8.558874597 
1 1.56 0.04 8.55887624748 8.55887624748 8.55887624748 8.55887624748 8.55887624748 8.55887624748 8.55887624748 8.55887624748 8.55887624748 8.55887624748 

0 1.6 0.04 8.563314231 8.563314231 8.563314231 8.563314231 8.563314231 8.563314231 8.563314231 8.563314231 8.563314231 8.563314231 
1 1.6 0.04 8.56331837068 8.56331837068 8.56331837068 8.56331837068 8.56331837068 8.56331837068 8.56331837068 8.56331837068 8.56331837068 8.56331837068 

0 1.64 0.04 8.56456771872 8.56456771872 8.56456771872 8.56456771872 8.56456771872 8.56456771872 8.56456771872 8.56456771872 8.56456771872 8.56456771872 
1 1.64 0.04 8.56457279481 8.56457279481 8.56457279481 8.56457279481 8.56457279481 8.56457279481 8.56457279481 8.56457279481 8.56457279481 8.56457279481 

0 1.68 0.04 8.56729397318 8.56729397318 8.56729397318 8.56729397318 8.56729397318 8.56729397318 8.56729397318 8.56729397318 8.56729397318 8.56729397318 
1 1.68 0.04 8.56729568319 8.56729568319 8.56729568319 8.56729568319 8.56729568319 8.56729568319 8.56729568319 8.56729568319 8.56729568319 8.56729568319 

0 1.72 0.04 8.56733325726 8.56733325726 8.56733325726 8.56733325726 8.56733325726 8.56733325726 8.56733325726 8.56733325726 8.56733325726 8.56733325726 
1 1.72 0.04 8.56733549221 8.56733549221 8.56733549221 8.56733549221 8.56733549221 8.56733549221 8.56733549221 8.56733549221 8.56733549221 8.56733549221 

0 1.76 0.04 8.56770893815 8.56770893815 8.56770893815 8.56770893815 8.56770893815 8.56770893815 8.56770893815 8.56770893815 8.56770893815 8.56770893815 
1 1.76 0.04 8.56771089722 8.56771089722 8.56771089722 8.56771089722 8.56771089722 8.56771089722 8.56771089722 8.56771089722 8.56771089722 8.56771089722 

0 1.8 0.04 8.56717070572 8.56717070572 8.56717070572 8.56717070572 8.56717070572 8.56717070572 8.56717070572 8.56717070572 8.56717070572 8.56717070572 
1 1.8 0.04 8.56717166232 8.56717166232 8.56717166232 8.56717166232 8.56717166232 8.56717166232 8.56717166232 8.56717166232 8.56717166232 8.56717166232 

0 1.84 0.04 8.56557515438 8.56557515438 8.56557515438 8.56557515438 8.56557515438 8.56557515438 8.56557515438 8.56557515438 8.56557515438 8.56557515438 
1 1.84 0.04 8.56557516426 8.56557516426 8.56557516426 8.56557516426 8.56557516426 8.56557516426 8.56557516426 8.56557516426 8.56557516426 8.56557516426 

0 1.88 0.04 8.56314482678 8.56314482678 8.56314482678 8.56314482678 8.56314482678 8.56314482678 8.56314482678 8.56314482678 8.56314482678 8.56314482678 
1 1.88 0.04 8.56314391501 8.56314391501 8.56314391501 8.56314391501 8.56314391501 8.56314391501 8.56314391501 8.56314391501 8.56314391501 8.56314391501 

0 1.92 0.04 8.56093625995 8.56093625995 8.56093625995 8.56093625995 8.56093625995 8.56093625995 8.56093625995 8.56093625995 8.56093625995 8.56093625995 
1 1.92 0.04 8.56093705374 8.56093705374 8.56093705374 8.56093705374 8.56093705374 8.56093705374 8.56093705374 8.56093705374 8.56093705374 8.56093705374 

0 1.96 0.04 8.55760857865 8.55760857865 8.55760857865 8.55760857865 8.55760857865 8.55760857865 8.55760857865 8.55760857865 8.55760857865 8.55760857865 
1 1.96 0.04 8.55760965993 8.55760965993 8.55760965993 8.55760965993 8.55760965993 8.55760965993 8.55760965993 8.55760965993 8.55760965993 8.55760965993 

0 2 0.04 8.55320184477 8.55320184477 8.55320184477 8.55320184477 8.55320184477 8.55320184477 8.55320184477 8.55320184477 8.55320184477 8.55320184477 
1 2 0.04 8.55320141124 8.55320141124 8.55320141124 8.55320141124 8.55320141124 8.55320141124 8.55320141124 8.55320141124 8.55320141124 8.55320141124 

0 2.04 0.04 8.54918991962 8.54918991962 8.54918991962 8.54918991962 8.54918991962 8.54918991962 8.54918991962 8.54918991962 8.54918991962 8.54918991962 
1 2.04 0.04 8.54918868388 8.54918868388 8.54918868388 8.54918868388 8.54918868388 8.54918868388 8.54918868388 8.54918868388 8.54918868388 8.54918868388 

0 2.08 0.04 8.54390985582 8.54390985582 8.54390985582 8.54390985582 8.54390985582 8.54390985582 8.54390985582 8.54390985582 8.54390985582 8.54390985582 
1 2.08 0.04 8.54390834061 8.54390834061 8.54390834061 8.54390834061 8.54390834061 8.54390834061 8.54390834061 8.54390834061 8.54390834061 8.54390834061 

0 2.12 0.04 8.54072053793 8.54072053793 8.54072053793 8.54072053793 8.54072053793 8.54072053793 8.54072053793 8.54072053793 8.54072053793 8.54072053793 
1 2.12 0.04 8.54071509403 8.54071509403 8.54071509403 8.54071509403 8.54071509403 8.54071509403 8.54071509403 8.54071509403 8.54071509403 8.54071509403 

0 2.16 0.04 8.53431526538 8.53431526538 8.53431526538 8.53431526538 8.53431526538 8.53431526538 8.53431526538 8.53431526538 8.53431526538 8.53431526538 
1 2.16 0.04 8.53430710443 8.53430710443 8.53430710443 8.53430710443 8.53430710443 8.53430710443 8.53430710443 8.53430710443 8.53430710443 8.53430710443 

0 2.2 0.04 8.52905586287 8.52905586287 8.52905586287 8.52905586287 8.52905586287 8.52905586287 8.52905586287 8.52905586287 8.52905586287 8.52905586287 
1 2.2 0.04 8.52904662832 8.52904662832 8.52904662832 8.52904662832 8.52904662832 8.52904662832 8.52904662832 8.52904662832 8.52904662832 8.52904662832 

0 2.24 0.04 8.5243616909 8.5243616909 8.5243616909 8.5243616909 8.5243616909 8.5243616909 8.5243616909 8.5243616909 8.5243616909 8.5243616909 
1 2.24 0.04 8.52435113719 8.52435113719 8.52435113719 8.52435113719 8.52435113719 8.52435113719 8.52435113719 8.52435113719 8.52435113719 8.52435113719 

0 2.28 0.04 8.51823982368 8.51823982368 8.51823982368 8.51823982368 8.51823982368 8.51823982368 8.51823982368 8.51823982368 8.51823982368 8.51823982368 
1 2.28 0.04 8.51822942419 8.51822942419 8.51822942419 8.51822942419 8.51822942419 8.51822942419 8.51822942419 8.51822942419 8.51822942419 8.51822942419 

0 2.32 0.04 8.5130234933 8.5130234933 8.5130234933 8.5130234933 8.5130234933 8.5130234933 8.5130234933 8.5130234933 8.5130234933 8.5130234933 
1 2.32 0.04 8.51301086004 8.51301086004 8.51301086004 8.51301086004 8.51301086004 8.51301086004 8.51301086004 8.51301086004 8.51301086004 8.51301086004 

0 2.36 0.04 8.50839156829 8.50839156829 8.50839156829 8.50839156829 8.50839156829 8.50839156829 8.50839156829 8.50839156829 8.50839156829 8.50839156829 
1 2.36 0.04 8.50837444993 8.50837444993 8.50837444993 8.50837444993 8.50837444993 8.50837444993 8.50837444993 8.50837444993 8.50837444993 8.50837444993 

0 2.4 0.04 8.50236661368 8.50236661368 8.50236661368 8.50236661368 8.50236661368 8.50236661368 8.50236661368 8.50236661368 8.50236661368 8.50236661368 
1 2.4 0.04 8.50235164326 8.50235164326 8.50235164326 8.50235164326 8.50235164326 8.50235164326 8.50235164326 8.50235164326 8.50235164326 8.50235164326 

0 2.44 0.04 8.49796979895 8.49796979895 8.49796979895 8.49796979895 8.49796979895 8.49796979895 8.49796979895 8.49796979895 8.49796979895 8.49796979895 
1 2.44 0.04 8.49795143633 8.49795143633 8.49795143633 8.49795143633 8.49795143633 8.49795143633 8.49795143633 8.49795143633 8.49795143633 8.49795143633 

0 2.48 0.04 8.49323774828 8.49323774828 8.49323774828 8.49323774828 8.49323774828 8.49323774828 8.49323774828 8.49323774828 8.49323774828 8.49323774828 
1 2.48 0.04 8.49321376904 8.49321376904 8.49321376904 8.49321376904 8.49321376904 8.49321376904 8.49321376904 8.49321376904 8.49321376904 8.49321376904 

0 2.52 0.04 8.48884075767 8.48884075767 8.48884075767 8.48884075767 8.48884075767 8.48884075767 8.48884075767 8.48884075767 8.48884075767 8.48884075767 
1 2.52 0.04 8.48881581999 8.48881581999 8.48881581999 8.48881581999 8.48881581999 8.48881581999 8.48881581999 8.48881581999 8.48881581999 8.48881581999 

0 2.56 0.04 8.48523926416 8.48523926416 8.48523926416 8.48523926416 8.48523926416 8.48523926416 8.48523926416 8.48523926416 8.48523926416 8.48523926416 
1 2.56 0.04 8.48521328178 8.48521328178 8.48521328178 8.48521328178 8.48521328178 8.48521328178 8.48521328178 8.48521328178 8.48521328178 8.48521328178 

0 2.6 0.04 8.48070069349 8.48070069349 8.48070069349 8.48070069349 8.48070069349 8.48070069349 8.48070069349 8.48070069349 8.48070069349 8.48070069349 
1 2.6 0.04 8.48067061524 8.48067061524 8.48067061524 8.48067061524 8.48067061524 8.48067061524 8.48067061524 8.48067061524 8.48067061524 8.48067061524 

0 2.64 0.04 8.47595829477 8.47595829477 8.47595829477 8.47595829477 8.47595829477 8.47595829477 8.47595829477 8.47595829477 8.47595829477 8.47595829477 
1 2.64 0.04 8.47592611489 8.47592611489 8.47592611489 8.47592611489 8.47592611489 8.47592611489 8.47592611489 8.47592611489 8.47592611489 8.47592611489 

0 2.68 0.04 8.47387901057 8.47387901057 8.47387901057 8.47387901057 8.47387901057 8.47387901057 8.47387901057 8.47387901057 8.47387901057 8.47387901057 
1 2.68 0.04 8.47384579605 8.47384579605 8.47384579605 8.47384579605 8.47384579605 8.47384579605 8.47384579605 8.47384579605 8.47384579605 8.47384579605 

0 2.72 0.04 8.46885216537 8.46885216537 8.46885216537 8.46885216537 8.46885216537 8.46885216537 8.46885216537 8.46885216537 8.46885216537 8.46885216537 
1 2.72 0.04 8.46881367761 8.46881367761 8.46881367761 8.46881367761 8.46881367761 8.46881367761 8.46881367761 8.46881367761 8.46881367761 8.46881367761 

0 2.76 0.04 8.46485630733 8.46485630733 8.46485630733 8.46485630733 8.46485630733 8.46485630733 8.46485630733 8.46485630733 8.46485630733 8.46485630733 
1 2.76 0.04 8.46481306896 8.46481306896 8.46481306896 8.46481306896 8.46481306896 8.46481306896 8.46481306896 8.46481306896 8.46481306896 8.46481306896 

0 2.8 0.04 8.46167593778 8.46167593778 8.46167593778 8.46167593778 8.46167593778 8.46167593778 8.46167593778 8.46167593778 8.46167593778 8.46167593778 
1 2.8 0.04 8.46163177759 8.46163177759 8.46163177759 8.46163177759 8.46163177759 8.46163177759 8.46163177759 8.46163177759 8.46163177759 8.46163177759 

0 2.84 0.04 8.45721773342 8.45721773342 8.45721773342 8.45721773342 8.45721773342 8.45721773342 8.45721773342 8.45721773342 8.45721773342 8.45721773342 
1 2.84 0.04 8.45717244459 8.45717244459 8.45717244459 8.45717244459 8.45717244459 8.45717244459 8.45717244459 8.45717244459 8.45717244459 8.45717244459 

0 2.88 0.04 8.45367365222 8.45367365222 8.45367365222 8.45367365222 8.45367365222 8.45367365222 8.45367365222 8.45367365222 8.45367365222 8.45367365222 
1 2.88 0.04 8.45362513777 8.45362513777 8.45362513777 8.45362513777 8.45362513777 8.45362513777 8.45362513777 8.45362513777 8.45362513777 8.45362513777 

0 2.92 0.04 8.45136975301 8.45136975301 8.45136975301 8.45136975301 8.45136975301 8.45136975301 8.45136975301 8.45136975301 8.45136975301 8.45136975301 
1 2.92 0.04 8.45131525298 8.45131525298 8.45131525298 8.45131525298 8.45131525298 8.45131525298 8.45131525298 8.45131525298 8.45131525298 8.45131525298 

0 2.96 0.04 8.44639451006 8.44639451006 8.44639451006 8.44639451006 8.44639451006 8.44639451006 8.44639451006 8.44639451006 8.44639451006 8.44639451006 
1 2.96 0.04 8.44633813206 8.44633813206 8.44633813206 8.44633813206 8.44633813206 8.44633813206 8.44633813206 8.44633813206 8.44633813206 8.44633813206 

0 3 0.04 8.44328419195 8.44328419195 8.44328419195 8.44328419195 8.44328419195 8.44328419195 8.44328419195 8.44328419195 8.44328419195 8.44328419195 
1 3 0.04 8.4432268797 8.4432268797 8.4432268797 8.4432268797 8.4432268797 8.4432268797 8.4432268797 8.4432268797 8.4432268797 8.4432268797 

0 3.04 0.04 8.43927793271 8.43927793271 8.43927793271 8.43927793271 8.43927793271 8.43927793271 8.43927793271 8.43927793271 8.43927793271 8.43927793271 
1 3.04 0.04 8.43921621749 8.43921621749 8.43921621749 8.43921621749 8.43921621749 8.43921621749 8.43921621749 8.43921621749 8.43921621749 8.43921621749 

0 3.08 0.04 8.43567128361 8.43567128361 8.43567128361 8.43567128361 8.43567128361 8.43567128361 8.43567128361 8.43567128361 8.43567128361 8.43567128361 
1 3.08 0.04 8.43560746736 8.43560746736 8.43560746736 8.43560746736 8.43560746736 8.43560746736 8.43560746736 8.43560746736 8.43560746736 8.43560746736 

0 3.12 0.04 8.43214505239 8.43214505239 8.43214505239 8.43214505239 8.43214505239 8.43214505239 8.43214505239 8.43214505239 8.43214505239 8.43214505239 
1 3.12 0.04 8.43207806479 8.43207806479 8.43207806479 8.43207806479 8.43207806479 8.43207806479 8.43207806479 8.43207806479 8.43207806479 8.43207806479 

0 3.16 0.04 8.427495061 8.427495061 8.427495061 8.427495061 8.427495061 8.427495061 8.427495061 8.427495061 8.427495061 8.427495061 
1 3.16 0.04 8.42742316093 8.42742316093 8.42742316093 8.42742316093 8.42742316093 8.42742316093 8.42742316093 8.42742316093 8.42742316093 8.42742316093 

0 3.2 0.04 8.42429022909 8.42429022909 8.42429022909 8.42429022909 8.42429022909 8.42429022909 8.42429022909 8.42429022909 8.42429022909 8.42429022909 
1 3.2 0.04 8.42421621039 8.42421621039 8.42421621039 8.42421621039 8.42421621039 8.42421621039 8.42421621039 8.42421621039 8.42421621039 8.42421621039 

0 3.24 0.04 8.41937830425 8.41937830425 8.41937830425 8.41937830425 8.41937830425 8.41937830425 8.41937830425 8.41937830425 8.41937830425 8.41937830425 
1 3.24 0.04 8.41930389592 8.41930389592 8.41930389592 8.41930389592 8.41930389592 8.41930389592 8.41930389592 8.41930389592 8.41930389592 8.41930389592 

0 3.28 0.04 8.41532995394 8.41532995394 8.41532995394 8.41532995394 8.41532995394 8.41532995394 8.41532995394 8.41532995394 8.41532995394 8.41532995394 
1 3.28 0.04 8.41558471033 8.41558471033 8.41558471033 8.41558471033 8.41558471033 8.41558471033 8.41558471033 8.41558471033 8.41558471033 8.41558471033 

0 3.32 0.04 8.41166422805 8.41166422805 8.41166422805 8.41166422805 8.41166422805 8.41166422805 8.41166422805 8.41166422805 8.41166422805 8.41166422805 
1 3.32 0.04 8.41144202094 8.41144202094 8.41144202094 8.41144202094 8.41144202094 8.41144202094 8.41144202094 8.41144202094 8.41144202094 8.41144202094 

0 3.36 0.04 8.40649571391 8.40649571391 8.40649571391 8.40649571391 8.40649571391 8.40649571391 8.40649571391 8.40649571391 8.40649571391 8.40649571391 
1 3.36 0.04 8.40646597839 8.40646597839 8.40646597839 8.40646597839 8.40646597839 8.40646597839 8.40646597839 8.40646597839 8.40646597839 8.40646597839 

0 3.4 0.04 8.40231570445 8.40231570445 8.40231570445 8.40231570445 8.40231570445 8.40231570445 8.40231570445 8.40231570445 8.40231570445 8.40231570445 
1 3.4 0.04 8.40219392478 8.40219392478 8.40219392478 8.40219392478 8.40219392478 8.40219392478 8.40219392478 8.40219392478 8.40219392478 8.40219392478 

0 3.44 0.04 8.39970235961 8.39970235961 8.39970235961 8.39970235961 8.39970235961 8.39970235961 8.39970235961 8.39970235961 8.39970235961 8.39970235961 
1 3.44 0.04 8.39961619183 8.39961619183 8.39961619183 8.39961619183 8.39961619183 8.39961619183 8.39961619183 8.39961619183 8.39961619183 8.39961619183 

0 3.48 0.04 8.39462927609 8.39462927609 8.39462927609 8.39462927609 8.39462927609 8.39462927609 8.39462927609 8.39462927609 8.39462927609 8.39462927609 
1 3.48 0.04 8.39452521514 8.39452521514 8.39452521514 8.39452521514 8.39452521514 8.39452521514 8.39452521514 8.39452521514 8.39452521514 8.39452521514 

0 3.52 0.04 8.39016383121 8.39016383121 8.39016383121 8.39016383121 8.39016383121 8.39016383121 8.39016383121 8.39016383121 8.39016383121 8.39016383121 
1 3.52 0.04 8.39006593904 8.39006593904 8.39006593904 8.39006593904 8.39006593904 8.39006593904 8.39006593904 8.39006593904 8.39006593904 8.39006593904 

0 3.56 0.04 8.38656202282 8.38656202282 8.38656202282 8.38656202282 8.38656202282 8.38656202282 8.38656202282 8.38656202282 8.38656202282 8.38656202282 
1 3.56 0.04 8.38645147205 8.38645147205 8.38645147205 8.38645147205 8.38645147205 8.38645147205 8.38645147205 8.38645147205 8.38645147205 8.38645147205 

0 3.6 0.04 8.38165877076 8.38165877076 8.38165877076 8.38165877076 8.38165877076 8.38165877076 8.38165877076 8.38165877076 8.38165877076 8.38165877076 
1 3.6 0.04 8.38154950767 8.38154950767 8.38154950767 8.38154950767 8.38154950767 8.38154950767 8.38154950767 8.38154950767 8.38154950767 8.38154950767 

0 3.64 0.04 8.37823039784 8.37823039784 8.37823039784 8.37823039784 8.37823039784 8.37823039784 8.37823039784 8.37823039784 8.37823039784 8.37823039784 
1 3.64 0.04 8.37811461646 8.37811461646 8.37811461646 8.37811461646 8.37811461646 8.37811461646 8.37811461646 8.37811461646 8.37811461646 8.37811461646 

0 3.68 0.04 8.37325779318 8.37325779318 8.37325779318 8.37325779318 8.37325779318 8.37325779318 8.37325779318 8.37325779318 8.37325779318 8.37325779318 
1 3.68 0.04 8.37314121563 8.37314121563 8.37314121563 8.37314121563 8.37314121563 8.37314121563 8.37314121563 8.37314121563 8.37314121563 8.37314121563 

0 3.72 0.04 8.36832019206 8.36832019206 8.36832019206 8.36832019206 8.36832019206 8.36832019206 8.36832019206 8.36832019206 8.36832019206 8.36832019206 
1 3.72 0.04 8.36819858948 8.36819858948 8.36819858948 8.36819858948 8.36819858948 8.36819858948 8.36819858948 8.36819858948 8.36819858948 8.36819858948 

0 3.76 0.04 8.36454490563 8.36454490563 8.36454490563 8.36454490563 8.36454490563 8.36454490563 8.36454490563 8.36454490563 8.36454490563 8.36454490563 
1 3.76 0.04 8.36441741175 8.36441741175 8.36441741175 8.36441741175 8.36441741175 8.36441741175 8.36441741175 8.36441741175 8.36441741175 8.36441741175 

0 3.8 0.04 8.35910239271 8.35910239271 8.35910239271 8.35910239271 8.35910239271 8.35910239271 8.35910239271 8.35910239271 8.35910239271 8.35910239271 
1 3.8 0.04 8.3589718598 8.3589718598 8.3589718598 8.3589718598 8.3589718598 8.3589718598 8.3589718598 8.3589718598 8.3589718598 8.3589718598 

0 3.84 0.04 8.35460859964 8.35460859964 8.35460859964 8.35460859964 8.35460859964 8.35460859964 8.35460859964 8.35460859964 8.35460859964 8.35460859964 
1 3.84 0.04 8.35447657513 8.35447657513 8.35447657513 8.35447657513 8.35447657513 8.35447657513 8.35447657513 8.35447657513 8.35447657513 8.35447657513 

0 3.88 0.04 8.34987278064 8.34987278064 8.34987278064 8.34987278064 8.34987278064 8.34987278064 8.34987278064 8.34987278064 8.34987278064 8.34987278064 
1 3.88 0.04 8.34973586387 8.34973586387 8.34973586387 8.34973586387 8.34973586387 8.34973586387 8.34973586387 8.34973586387 8.34973586387 8.34973586387 

0 3.92 0.04 8.3428085943 8.3428085943 8.3428085943 8.3428085943 8.3428085943 8.3428085943 8.3428085943 8.3428085943 8.3428085943 8.3428085943 
1 3.92 0.04 8.34266428066 8.34266428066 8.34266428066 8.34266428066 8.34266428066 8.34266428066 8.34266428066 8.34266428066 8.34266428066 8.34266428066 

0 3.96 0.04 8.33832549472 8.33832549472 8.33832549472 8.33832549472 8.33832549472 8.33832549472 8.33832549472 8.33832549472 8.33832549472 8.33832549472 
1 3.96 0.04 8.3381779126 8.3381779126 8.3381779126 8.3381779126 8.3381779126 8.3381779126 8.3381779126 8.3381779126 8.3381779126 8.3381779126 

0 4 0.04 8.33345176275 8.33345176275 8.33345176275 8.33345176275 8.33345176275 8.33345176275 8.33345176275 8.33345176275 8.33345176275 8.33345176275 
1 4 0.04 8.33330148903 8.33330148903 8.33330148903 8.33330148903 8.33330148903 8.33330148903 8.33330148903 8.33330148903 8.33330148903 8.33330148903 

0 4.04 0.04 8.32593722528 8.32593722528 8.32593722528 8.32593722528 8.32593722528 8.32593722528 8.32593722528 8.32593722528 8.32593722528 8.32593722528 
1 4.04 0.04 8.32578795739 8.32578795739 8.32578795739 8.32578795739 8.32578795739 8.32578795739 8.32578795739 8.32578795739 8.32578795739 8.32578795739 

0 4.08 0.04 8.32091015246 8.32091015246 8.32091015246 8.32091015246 8.32091015246 8.32091015246 8.32091015246 8.32091015246 8.32091015246 8.32091015246 
1 4.08 0.04 8.32075326871 8.32075326871 8.32075326871 8.32075326871 8.32075326871 8.32075326871 8.32075326871 8.32075326871 8.32075326871 8.32075326871 

0 4.12 0.04 8.31429294452 8.31429294452 8.31429294452 8.31429294452 8.31429294452 8.31429294452 8.31429294452 8.31429294452 8.31429294452 8.31429294452 
1 4.12 0.04 8.31413470893 8.31413470893 8.31413470893 8.31413470893 8.31413470893 8.31413470893 8.31413470893 8.31413470893 8.31413470893 8.31413470893 

0 4.16 0.04 8.30864042984 8.30864042984 8.30864042984 8.30864042984 8.30864042984 8.30864042984 8.30864042984 8.30864042984 8.30864042984 8.30864042984 
1 4.16 0.04 8.30848151841 8.30848151841 8.30848151841 8.30848151841 8.30848151841 8.30848151841 8.30848151841 8.30848151841 8.30848151841 8.30848151841 

0 4.2 0.04 8.30112882822 8.30112882822 8.30112882822 8.30112882822 8.30112882822 8.30112882822 8.30112882822 8.30112882822 8.30112882822 8.30112882822 
1 4.2 0.04 8.30096807373 8.30096807373 8.30096807373 8.30096807373 8.30096807373 8.30096807373 8.30096807373 8.30096807373 8.30096807373 8.30096807373 

0 4.24 0.04 8.29480842392 8.29480842392 8.29480842392 8.29480842392 8.29480842392 8.29480842392 8.29480842392 8.29480842392 8.29480842392 8.29480842392 
1 4.24 0.04 8.29464131236 8.29464131236 8.29464131236 8.29464131236 8.29464131236 8.29464131236 8.29464131236 8.29464131236 8.29464131236 8.29464131236 

0 4.28 0.04 8.28860106391 8.28860106391 8.28860106391 8.28860106391 8.28860106391 8.28860106391 8.28860106391 8.28860106391 8.28860106391 8.28860106391 
1 4.28 0.04 8.28843140044 8.28843140044 8.28843140044 8.28843140044 8.28843140044 8.28843140044 8.28843140044 8.28843140044 8.28843140044 8.28843140044 

0 4.32 0.04 8.28254823944 8.28254823944 8.28254823944 8.28254823944 8.28254823944 8.28254823944 8.28254823944 8.28254823944 8.28254823944 8.28254823944 
1 4.32 0.04 8.28237856239 8.28237856239 8.28237856239 8.28237856239 8.28237856239 8.28237856239 8.28237856239 8.28237856239 8.28237856239 8.28237856239 

0 4.36 0.04 8.2755857735 8.2755857735 8.2755857735 8.2755857735 8.2755857735 8.2755857735 8.2755857735 8.2755857735 8.2755857735 8.2755857735 
1 4.36 0.04 8.27541264402 8.27541264402 8.27541264402 8.27541264402 8.27541264402 8.27541264402 8.27541264402 8.27541264402 8.27541264402 8.27541264402 

0 4.4 0.04 8.26862925959 8.26862925959 8.26862925959 8.26862925959 8.26862925959 8.26862925959 8.26862925959 8.26862925959 8.26862925959 8.26862925959 
1 4.4 0.04 8.26845432899 8.26845432899 8.26845432899 8.26845432899 8.26845432899 8.26845432899 8.26845432899 8.26845432899 8.26845432899 8.26845432899 

0 4.44 0.04 8.26297907865 8.26297907865 8.26297907865 8.26297907865 8.26297907865 8.26297907865 8.26297907865 8.26297907865 8.26297907865 8.26297907865 
1 4.44 0.04 8.26280211103 8.26280211103 8.26280211103 8.26280211103 8.26280211103 8.26280211103 8.26280211103 8.26280211103 8.26280211103 8.26280211103 

0 4.48 0.04 8.25575869992 8.25575869992 8.25575869992 8.25575869992 8.25575869992 8.25575869992 8.25575869992 8.25575869992 8.25575869992 8.25575869992 
1 4.48 0.04 8.25557862075 8.25557862075 8.25557862075 8.25557862075 8.25557862075 8.25557862075 8.25557862075 8.25557862075 8.25557862075 8.25557862075 

0 4.52 0.04 8.24979327664 8.24979327664 8.24979327664 8.24979327664 8.24979327664 8.24979327664 8.24979327664 8.24979327664 8.24979327664 8.24979327664 
1 4.52 0.04 8.24961392063 8.24961392063 8.24961392063 8.24961392063 8.24961392063 8.24961392063 8.24961392063 8.24961392063 8.24961392063 8.24961392063 

0 4.56 0.04 8.24336929909 8.24336929909 8.24336929909 8.24336929909 8.24336929909 8.24336929909 8.24336929909 8.24336929909 8.24336929909 8.24336929909 
1 4.56 0.04 8.24318543646 8.24318543646 8.24318543646 8.24318543646 8.24318543646 8.24318543646 8.24318543646 8.24318543646 8.24318543646 8.24318543646 

0 4.6 0.04 8.23631577288 8.23631577288 8.23631577288 8.23631577288 8.23631577288 8.23631577288 8.23631577288 8.23631577288 8.23631577288 8.23631577288 
1 4.6 0.04 8.23613173604 8.23613173604 8.23613173604 8.23613173604 8.23613173604 8.23613173604 8.23613173604 8.23613173604 8.23613173604 8.23613173604 

0 4.64 0.04 8.23069751514 8.23069751514 8.23069751514 8.23069751514 8.23069751514 8.23069751514 8.23069751514 8.23069751514 8.23069751514 8.23069751514 
1 4.64 0.04 8.2305092058 8.2305092058 8.2305092058 8.2305092058 8.2305092058 8.2305092058 8.2305092058 8.2305092058 8.2305092058 8.2305092058 

0 4.68 0.04 8.2242714439 8.2242714439 8.2242714439 8.2242714439 8.2242714439 8.2242714439 8.2242714439 8.2242714439 8.2242714439 8.2242714439 
1 4.68 0.04 8.2240808318 8.2240808318 8.2240808318 8.2240808318 8.2240808318 8.2240808318 8.2240808318 8.2240808318 8.2240808318 8.2240808318 

0 4.72 0.04 8.21850766984 8.21850766984 8.21850766984 8.21850766984 8.21850766984 8.21850766984 8.21850766984 8.21850766984 8.21850766984 8.21850766984 
1 4.72 0.04 8.21831893107 8.21831893107 8.21831893107 8.21831893107 8.21831893107 8.21831893107 8.21831893107 8.21831893107 8.21831893107 8.21831893107 

0 4.76 0.04 8.2124562113 8.2124562113 8.2124562113 8.2124562113 8.2124562113 8.2124562113 8.2124562113 8.2124562113 8.2124562113 8.2124562113 
1 4.76 0.04 8.21226710783 8.21226710783 8.21226710783 8.21226710783 8.21226710783 8.21226710783 8.21226710783 8.21226710783 8.21226710783 8.21226710783 

0 4.8 0.04 8.20613873522 8.20613873522 8.20613873522 8.20613873522 8.20613873522 8.20613873522 8.20613873522 8.20613873522 8.20613873522 8.20613873522 
1 4.8 0.04 8.20594451123 8.20594451123 8.20594451123 8.20594451123 8.20594451123 8.20594451123 8.20594451123 8.20594451123 8.20594451123 8.20594451123 

0 4.84 0.04 8.20128533376 8.20128533376 8.20128533376 8.20128533376 8.20128533376 8.20128533376 8.20128533376 8.20128533376 8.20128533376 8.20128533376 
1 4.84 0.04 8.20109399401 8.20109399401 8.20109399401 8.20109399401 8.20109399401 8.20109399401 8.20109399401 8.20109399401 8.20109399401 8.20109399401 

0 4.88 0.04 8.19562094895 8.19562094895 8.19562094895 8.19562094895 8.19562094895 8.19562094895 8.19562094895 8.19562094895 8.19562094895 8.19562094895 
1 4.88 0.04 8.19542422495 8.19542422495 8.19542422495 8.19542422495 8.19542422495 8.19542422495 8.19542422495 8.19542422495 8.19542422495 8.19542422495 

0 4.92 0.04 8.18938286474 8.18938286474 8.18938286474 8.18938286474 8.18938286474 8.18938286474 8.18938286474 8.18938286474 8.18938286474 8.18938286474 
1 4.92 0.04 8.18918951162 8.18918951162 8.18918951162 8.18918951162 8.18918951162 8.18918951162 8.18918951162 8.18918951162 8.18918951162 8.18918951162 

0 4.96 0.04 8.18508730076 8.18508730076 8.18508730076 8.18508730076 8.18508730076 8.18508730076 8.18508730076 8.18508730076 8.18508730076 8.18508730076 
1 4.96 0.04 8.18489085139 8.18489085139 8.18489085139 8.18489085139 8.18489085139 8.18489085139 8.18489085139 8.18489085139 8.18489085139 8.18489085139 

0 5 0.04 8.17821123522 8.17821123522 8.17821123522 8.17821123522 8.17821123522 8.17821123522 8.17821123522 8.17821123522 8.17821123522 8.17821123522 
1 5 0.04 8.17801253631 8.17801253631 8.17801253631 8.17801253631 8.17801253631 8.17801253631 8.17801253631 8.17801253631 8.17801253631 8.17801253631 

0 5.04 0.04 8.1730186223 8.1730186223 8.1730186223 8.1730186223 8.1730186223 8.1730186223 8.1730186223 8.1730186223 8.1730186223 8.1730186223 
1 5.04 0.04 8.17281999855 8.17281999855 8.17281999855 8.17281999855 8.17281999855 8.17281999855 8.17281999855 8.17281999855 8.17281999855 8.17281999855 

0 5.08 0.04 8.16953682281 8.16953682281 8.16953682281 8.16953682281 8.16953682281 8.16953682281 8.16953682281 8.16953682281 8.16953682281 8.16953682281 
1 5.08 0.04 8.16933100193 8.16933100193 8.16933100193 8.16933100193 8.16933100193 8.16933100193 8.16933100193 8.16933100193 8.16933100193 8.16933100193 

0 5.12 0.04 8.16365775453 8.16365775453 8.16365775453 8.16365775453 8.16365775453 8.16365775453 8.16365775453 8.16365775453 8.16365775453 8.16365775453 
1 5.12 0.04 8.16344789029 8.16344789029 8.16344789029 8.16344789029 8.16344789029 8.16344789029 8.16344789029 8.16344789029 8.16344789029 8.16344789029 

0 5.16 0.04 8.15836436455 8.15836436455 8.15836436455 8.15836436455 8.15836436455 8.15836436455 8.15836436455 8.15836436455 8.15836436455 8.15836436455 
1 5.16 0.04 8.15815231223 8.15815231223 8.15815231223 8.15815231223 8.15815231223 8.15815231223 8.15815231223 8.15815231223 8.15815231223 8.15815231223 

