#Turbine    Time(s)    dt(s)    nacelle axial force (N)
0 0 0.04 0
1 0 0.04 0

0 0.04 0.04 200.703999993
1 0.04 0.04 200.703999993

0 0.08 0.04 201.859589331
1 0.08 0.04 201.85958797

0 0.12 0.04 202.07785892
1 0.12 0.04 202.077854969

0 0.16 0.04 202.702985943
1 0.16 0.04 202.70299188

0 0.2 0.04 203.185485547
1 0.2 0.04 203.185481376

0 0.24 0.04 203.739837828
1 0.24 0.04 203.739833173

0 0.28 0.04 204.347705305
1 0.28 0.04 204.347699378

0 0.32 0.04 204.961081611
1 0.32 0.04 204.961073593

0 0.36 0.04 205.661353673
1 0.36 0.04 205.66134858

0 0.4 0.04 206.420141695
1 0.4 0.04 206.420126573

0 0.44 0.04 207.170577311
1 0.44 0.04 207.17057798

0 0.48 0.04 208.041718133
1 0.48 0.04 208.041730173

0 0.52 0.04 208.886018102
1 0.52 0.04 208.886014813

0 0.56 0.04 209.797011438
1 0.56 0.04 209.797015978

0 0.6 0.04 210.769983627
1 0.6 0.04 210.769997593

0 0.64 0.04 211.693825743
1 0.64 0.04 211.693830302

0 0.68 0.04 212.693938052
1 0.68 0.04 212.693946389

0 0.72 0.04 213.75471813
1 0.72 0.04 213.754748832

0 0.76 0.04 214.755270563
1 0.76 0.04 214.755317176

0 0.8 0.04 215.801316291
1 0.8 0.04 215.801354436

0 0.84 0.04 216.832713227
1 0.84 0.04 216.832763503

0 0.88 0.04 217.903873617
1 0.88 0.04 217.903923434

0 0.92 0.04 218.916161828
1 0.92 0.04 218.916222876

0 0.96 0.04 219.931330492
1 0.96 0.04 219.93139151

0 1 0.04 220.87392911
1 1 0.04 220.873975017

0 1.04 0.04 221.898507712
1 1.04 0.04 221.898547281

0 1.08 0.04 222.735680303
1 1.08 0.04 222.735762752

0 1.12 0.04 223.613873655
1 1.12 0.04 223.613928156

0 1.16 0.04 224.482488459
1 1.16 0.04 224.482518931

0 1.2 0.04 225.190285233
1 1.2 0.04 225.190439133

0 1.24 0.04 225.960788652
1 1.24 0.04 225.960921486

0 1.28 0.04 226.685907813
1 1.28 0.04 226.68604953

0 1.32 0.04 227.219985055
1 1.32 0.04 227.220054854

0 1.36 0.04 227.826160861
1 1.36 0.04 227.826331898

0 1.4 0.04 228.332562322
1 1.4 0.04 228.332694339

0 1.44 0.04 228.727614058
1 1.44 0.04 228.727733328

0 1.48 0.04 229.21023894
1 1.48 0.04 229.210456502

0 1.52 0.04 229.423896556
1 1.52 0.04 229.423993438

0 1.56 0.04 229.728084184
1 1.56 0.04 229.728172008

0 1.6 0.04 229.966662528
1 1.6 0.04 229.966883931

0 1.64 0.04 230.034020059
1 1.64 0.04 230.034291669

0 1.68 0.04 230.180571177
1 1.68 0.04 230.180661954

0 1.72 0.04 230.182643101
1 1.72 0.04 230.182761972

0 1.76 0.04 230.202799489
1 1.76 0.04 230.202903421

0 1.8 0.04 230.173814882
1 1.8 0.04 230.173864857

0 1.84 0.04 230.088115539
1 1.84 0.04 230.088114545

0 1.88 0.04 229.957547162
1 1.88 0.04 229.957496551

0 1.92 0.04 229.839011928
1 1.92 0.04 229.839052695

0 1.96 0.04 229.660525775
1 1.96 0.04 229.660581765

0 2 0.04 229.424249879
1 2 0.04 229.424224458

0 2.04 0.04 229.209311379
1 2.04 0.04 229.209242722

0 2.08 0.04 228.926571917
1 2.08 0.04 228.92648819

0 2.12 0.04 228.756077494
1 2.12 0.04 228.755783154

0 2.16 0.04 228.413550197
1 2.16 0.04 228.413110513

0 2.2 0.04 228.132643196
1 2.2 0.04 228.132146195

0 2.24 0.04 227.882149528
1 2.24 0.04 227.881582115

0 2.28 0.04 227.555668193
1 2.28 0.04 227.555109205

0 2.32 0.04 227.277804412
1 2.32 0.04 227.277126343

0 2.36 0.04 227.031366115
1 2.36 0.04 227.03044907

0 2.4 0.04 226.710836096
1 2.4 0.04 226.710033937

0 2.44 0.04 226.477281533
1 2.44 0.04 226.476298877

0 2.48 0.04 226.22608009
1 2.48 0.04 226.224798742

0 2.52 0.04 225.992844509
1 2.52 0.04 225.991512545

0 2.56 0.04 225.802025993
1 2.56 0.04 225.800638864

0 2.6 0.04 225.56126004
1 2.6 0.04 225.559655808

0 2.64 0.04 225.309920589
1 2.64 0.04 225.308205382

0 2.68 0.04 225.200030545
1 2.68 0.04 225.198260503

0 2.72 0.04 224.933643912
1 2.72 0.04 224.931594697

0 2.76 0.04 224.722072268
1 2.76 0.04 224.719771752

0 2.8 0.04 224.553761087
1 2.8 0.04 224.551412376

0 2.84 0.04 224.317720131
1 2.84 0.04 224.31531259

0 2.88 0.04 224.130189146
1 2.88 0.04 224.127611478

0 2.92 0.04 224.008352721
1 2.92 0.04 224.005458585

0 2.96 0.04 223.745140865
1 2.96 0.04 223.742148806

0 3 0.04 223.58010662
1 3 0.04 223.577065268

0 3.04 0.04 223.36783474
1 3.04 0.04 223.364561725

0 3.08 0.04 223.176702225
1 3.08 0.04 223.173319423

0 3.12 0.04 222.990016569
1 3.12 0.04 222.986467442

0 3.16 0.04 222.74401663
1 3.16 0.04 222.740209701

0 3.2 0.04 222.574459495
1 3.2 0.04 222.570542286

0 3.24 0.04 222.3150133
1 3.24 0.04 222.311077702

0 3.28 0.04 222.10116364
1 3.28 0.04 222.114655027

0 3.32 0.04 221.907864687
1 3.32 0.04 221.896133096

0 3.36 0.04 221.635336434
1 3.36 0.04 221.633779592

0 3.4 0.04 221.415223379
1 3.4 0.04 221.408806811

0 3.44 0.04 221.277742009
1 3.44 0.04 221.273208739

0 3.48 0.04 221.011008083
1 3.48 0.04 221.005532543

0 3.52 0.04 220.776578797
1 3.52 0.04 220.771432125

0 3.56 0.04 220.587782501
1 3.56 0.04 220.581971146

0 3.6 0.04 220.330736484
1 3.6 0.04 220.324996688

0 3.64 0.04 220.151434831
1 3.64 0.04 220.145354561

0 3.68 0.04 219.89111279
1 3.68 0.04 219.884993712

0 3.72 0.04 219.632943784
1 3.72 0.04 219.626564167

0 3.76 0.04 219.436067761
1 3.76 0.04 219.429381121

0 3.8 0.04 219.15177473
1 3.8 0.04 219.144932237

0 3.84 0.04 218.917218363
1 3.84 0.04 218.910300493

0 3.88 0.04 218.670319128
1 3.88 0.04 218.66314816

0 3.92 0.04 218.301762345
1 3.92 0.04 218.294209464

0 3.96 0.04 218.068159165
1 3.96 0.04 218.060438169

0 4 0.04 217.814172005
1 4 0.04 217.806313606

0 4.04 0.04 217.422714159
1 4.04 0.04 217.414913591

0 4.08 0.04 217.161030812
1 4.08 0.04 217.152836263

0 4.12 0.04 216.816572433
1 4.12 0.04 216.808312374

0 4.16 0.04 216.52254274
1 4.16 0.04 216.514249128

0 4.2 0.04 216.132127417
1 4.2 0.04 216.123742974

0 4.24 0.04 215.803774174
1 4.24 0.04 215.795063692

0 4.28 0.04 215.481747941
1 4.28 0.04 215.472909708

0 4.32 0.04 215.167947595
1 4.32 0.04 215.159113436

0 4.36 0.04 214.807336512
1 4.36 0.04 214.798328763

0 4.4 0.04 214.447287201
1 4.4 0.04 214.438192102

0 4.44 0.04 214.155270646
1 4.44 0.04 214.146074896

0 4.48 0.04 213.782288604
1 4.48 0.04 213.772937988

0 4.52 0.04 213.474498294
1 4.52 0.04 213.465190142

0 4.56 0.04 213.143328704
1 4.56 0.04 213.133793885

0 4.6 0.04 212.779778836
1 4.6 0.04 212.770242368

0 4.64 0.04 212.49053771
1 4.64 0.04 212.480786425

0 4.68 0.04 212.159871906
1 4.68 0.04 212.150008426

0 4.72 0.04 211.863405907
1 4.72 0.04 211.85364534

0 4.76 0.04 211.552044249
1 4.76 0.04 211.542271758

0 4.8 0.04 211.227421488
1 4.8 0.04 211.217393064

0 4.84 0.04 210.977563246
1 4.84 0.04 210.967689268

0 4.88 0.04 210.686143648
1 4.88 0.04 210.676000325

0 4.92 0.04 210.365528909
1 4.92 0.04 210.355566696

0 4.96 0.04 210.144353598
1 4.96 0.04 210.134238729

0 5 0.04 209.791041932
1 5 0.04 209.78082118

0 5.04 0.04 209.523970365
1 5.04 0.04 209.513761193

0 5.08 0.04 209.344499381
1 5.08 0.04 209.33392762

0 5.12 0.04 209.042422574
1 5.12 0.04 209.031652843

0 5.16 0.04 208.770581754
1 5.16 0.04 208.759708624

