#Turbine    Time(s)    dt(s)    Vvertical (m/s)
0 0 0.04 0 0 0 0 0 0 0 0 0 0 
1 0 0.04 0 0 0 0 0 0 0 0 0 0 

0 0.04 0.04 0 0 0 0 0 0 0 0 0 0 
1 0.04 0.04 0 0 0 0 0 0 0 0 0 0 

0 0.08 0.04 -0.00123289080535 -0.00123289080535 -0.00123289080535 -0.00123289080535 -0.00123289080535 -0.00123289080535 -0.00123289080535 -0.00123289080535 -0.00123289080535 -0.00123289080535 
1 0.08 0.04 -0.00123290785185 -0.00123290785185 -0.00123290785185 -0.00123290785185 -0.00123290785185 -0.00123290785185 -0.00123290785185 -0.00123290785185 -0.00123290785185 -0.00123290785185 

0 0.12 0.04 -0.000583207144897 -0.000583207144897 -0.000583207144897 -0.000583207144897 -0.000583207144897 -0.000583207144897 -0.000583207144897 -0.000583207144897 -0.000583207144897 -0.000583207144897 
1 0.12 0.04 -0.000583237634823 -0.000583237634823 -0.000583237634823 -0.000583237634823 -0.000583237634823 -0.000583237634823 -0.000583237634823 -0.000583237634823 -0.000583237634823 -0.000583237634823 

0 0.16 0.04 -0.00250446870929 -0.00250446870929 -0.00250446870929 -0.00250446870929 -0.00250446870929 -0.00250446870929 -0.00250446870929 -0.00250446870929 -0.00250446870929 -0.00250446870929 
1 0.16 0.04 -0.00250459639159 -0.00250459639159 -0.00250459639159 -0.00250459639159 -0.00250459639159 -0.00250459639159 -0.00250459639159 -0.00250459639159 -0.00250459639159 -0.00250459639159 

0 0.2 0.04 -0.00280320254166 -0.00280320254166 -0.00280320254166 -0.00280320254166 -0.00280320254166 -0.00280320254166 -0.00280320254166 -0.00280320254166 -0.00280320254166 -0.00280320254166 
1 0.2 0.04 -0.00280336728219 -0.00280336728219 -0.00280336728219 -0.00280336728219 -0.00280336728219 -0.00280336728219 -0.00280336728219 -0.00280336728219 -0.00280336728219 -0.00280336728219 

0 0.24 0.04 -0.0032261007589 -0.0032261007589 -0.0032261007589 -0.0032261007589 -0.0032261007589 -0.0032261007589 -0.0032261007589 -0.0032261007589 -0.0032261007589 -0.0032261007589 
1 0.24 0.04 -0.00322633689557 -0.00322633689557 -0.00322633689557 -0.00322633689557 -0.00322633689557 -0.00322633689557 -0.00322633689557 -0.00322633689557 -0.00322633689557 -0.00322633689557 

0 0.28 0.04 -0.00351534546748 -0.00351534546748 -0.00351534546748 -0.00351534546748 -0.00351534546748 -0.00351534546748 -0.00351534546748 -0.00351534546748 -0.00351534546748 -0.00351534546748 
1 0.28 0.04 -0.00351567319916 -0.00351567319916 -0.00351567319916 -0.00351567319916 -0.00351567319916 -0.00351567319916 -0.00351567319916 -0.00351567319916 -0.00351567319916 -0.00351567319916 

0 0.32 0.04 -0.00370527064779 -0.00370527064779 -0.00370527064779 -0.00370527064779 -0.00370527064779 -0.00370527064779 -0.00370527064779 -0.00370527064779 -0.00370527064779 -0.00370527064779 
1 0.32 0.04 -0.00370570564297 -0.00370570564297 -0.00370570564297 -0.00370570564297 -0.00370570564297 -0.00370570564297 -0.00370570564297 -0.00370570564297 -0.00370570564297 -0.00370570564297 

0 0.36 0.04 -0.00398543516359 -0.00398543516359 -0.00398543516359 -0.00398543516359 -0.00398543516359 -0.00398543516359 -0.00398543516359 -0.00398543516359 -0.00398543516359 -0.00398543516359 
1 0.36 0.04 -0.00398601111589 -0.00398601111589 -0.00398601111589 -0.00398601111589 -0.00398601111589 -0.00398601111589 -0.00398601111589 -0.00398601111589 -0.00398601111589 -0.00398601111589 

0 0.4 0.04 -0.00413756400389 -0.00413756400389 -0.00413756400389 -0.00413756400389 -0.00413756400389 -0.00413756400389 -0.00413756400389 -0.00413756400389 -0.00413756400389 -0.00413756400389 
1 0.4 0.04 -0.00413829897371 -0.00413829897371 -0.00413829897371 -0.00413829897371 -0.00413829897371 -0.00413829897371 -0.00413829897371 -0.00413829897371 -0.00413829897371 -0.00413829897371 

0 0.44 0.04 -0.00436999457336 -0.00436999457336 -0.00436999457336 -0.00436999457336 -0.00436999457336 -0.00436999457336 -0.00436999457336 -0.00436999457336 -0.00436999457336 -0.00436999457336 
1 0.44 0.04 -0.00437093140105 -0.00437093140105 -0.00437093140105 -0.00437093140105 -0.00437093140105 -0.00437093140105 -0.00437093140105 -0.00437093140105 -0.00437093140105 -0.00437093140105 

0 0.48 0.04 -0.00467520176121 -0.00467520176121 -0.00467520176121 -0.00467520176121 -0.00467520176121 -0.00467520176121 -0.00467520176121 -0.00467520176121 -0.00467520176121 -0.00467520176121 
1 0.48 0.04 -0.00467621031897 -0.00467621031897 -0.00467621031897 -0.00467621031897 -0.00467621031897 -0.00467621031897 -0.00467621031897 -0.00467621031897 -0.00467621031897 -0.00467621031897 

0 0.52 0.04 -0.0045739806452 -0.0045739806452 -0.0045739806452 -0.0045739806452 -0.0045739806452 -0.0045739806452 -0.0045739806452 -0.0045739806452 -0.0045739806452 -0.0045739806452 
1 0.52 0.04 -0.00457526035673 -0.00457526035673 -0.00457526035673 -0.00457526035673 -0.00457526035673 -0.00457526035673 -0.00457526035673 -0.00457526035673 -0.00457526035673 -0.00457526035673 

0 0.56 0.04 -0.00454923175686 -0.00454923175686 -0.00454923175686 -0.00454923175686 -0.00454923175686 -0.00454923175686 -0.00454923175686 -0.00454923175686 -0.00454923175686 -0.00454923175686 
1 0.56 0.04 -0.00455064367272 -0.00455064367272 -0.00455064367272 -0.00455064367272 -0.00455064367272 -0.00455064367272 -0.00455064367272 -0.00455064367272 -0.00455064367272 -0.00455064367272 

0 0.6 0.04 -0.00448905501677 -0.00448905501677 -0.00448905501677 -0.00448905501677 -0.00448905501677 -0.00448905501677 -0.00448905501677 -0.00448905501677 -0.00448905501677 -0.00448905501677 
1 0.6 0.04 -0.0044907713881 -0.0044907713881 -0.0044907713881 -0.0044907713881 -0.0044907713881 -0.0044907713881 -0.0044907713881 -0.0044907713881 -0.0044907713881 -0.0044907713881 

0 0.64 0.04 -0.00410625557239 -0.00410625557239 -0.00410625557239 -0.00410625557239 -0.00410625557239 -0.00410625557239 -0.00410625557239 -0.00410625557239 -0.00410625557239 -0.00410625557239 
1 0.64 0.04 -0.00410817558509 -0.00410817558509 -0.00410817558509 -0.00410817558509 -0.00410817558509 -0.00410817558509 -0.00410817558509 -0.00410817558509 -0.00410817558509 -0.00410817558509 

0 0.68 0.04 -0.00390777611882 -0.00390777611882 -0.00390777611882 -0.00390777611882 -0.00390777611882 -0.00390777611882 -0.00390777611882 -0.00390777611882 -0.00390777611882 -0.00390777611882 
1 0.68 0.04 -0.0039099851509 -0.0039099851509 -0.0039099851509 -0.0039099851509 -0.0039099851509 -0.0039099851509 -0.0039099851509 -0.0039099851509 -0.0039099851509 -0.0039099851509 

0 0.72 0.04 -0.00373518480928 -0.00373518480928 -0.00373518480928 -0.00373518480928 -0.00373518480928 -0.00373518480928 -0.00373518480928 -0.00373518480928 -0.00373518480928 -0.00373518480928 
1 0.72 0.04 -0.00373771841552 -0.00373771841552 -0.00373771841552 -0.00373771841552 -0.00373771841552 -0.00373771841552 -0.00373771841552 -0.00373771841552 -0.00373771841552 -0.00373771841552 

0 0.76 0.04 -0.00327955867561 -0.00327955867561 -0.00327955867561 -0.00327955867561 -0.00327955867561 -0.00327955867561 -0.00327955867561 -0.00327955867561 -0.00327955867561 -0.00327955867561 
1 0.76 0.04 -0.0032824313069 -0.0032824313069 -0.0032824313069 -0.0032824313069 -0.0032824313069 -0.0032824313069 -0.0032824313069 -0.0032824313069 -0.0032824313069 -0.0032824313069 

0 0.8 0.04 -0.00246158460048 -0.00246158460048 -0.00246158460048 -0.00246158460048 -0.00246158460048 -0.00246158460048 -0.00246158460048 -0.00246158460048 -0.00246158460048 -0.00246158460048 
1 0.8 0.04 -0.00246477820167 -0.00246477820167 -0.00246477820167 -0.00246477820167 -0.00246477820167 -0.00246477820167 -0.00246477820167 -0.00246477820167 -0.00246477820167 -0.00246477820167 

0 0.84 0.04 -0.00180500805192 -0.00180500805192 -0.00180500805192 -0.00180500805192 -0.00180500805192 -0.00180500805192 -0.00180500805192 -0.00180500805192 -0.00180500805192 -0.00180500805192 
1 0.84 0.04 -0.00180851609867 -0.00180851609867 -0.00180851609867 -0.00180851609867 -0.00180851609867 -0.00180851609867 -0.00180851609867 -0.00180851609867 -0.00180851609867 -0.00180851609867 

0 0.88 0.04 -0.00151929057477 -0.00151929057477 -0.00151929057477 -0.00151929057477 -0.00151929057477 -0.00151929057477 -0.00151929057477 -0.00151929057477 -0.00151929057477 -0.00151929057477 
1 0.88 0.04 -0.0015231049191 -0.0015231049191 -0.0015231049191 -0.0015231049191 -0.0015231049191 -0.0015231049191 -0.0015231049191 -0.0015231049191 -0.0015231049191 -0.0015231049191 

0 0.92 0.04 -0.000737333393587 -0.000737333393587 -0.000737333393587 -0.000737333393587 -0.000737333393587 -0.000737333393587 -0.000737333393587 -0.000737333393587 -0.000737333393587 -0.000737333393587 
1 0.92 0.04 -0.000741550004796 -0.000741550004796 -0.000741550004796 -0.000741550004796 -0.000741550004796 -0.000741550004796 -0.000741550004796 -0.000741550004796 -0.000741550004796 -0.000741550004796 

0 0.96 0.04 0.00015368476605 0.00015368476605 0.00015368476605 0.00015368476605 0.00015368476605 0.00015368476605 0.00015368476605 0.00015368476605 0.00015368476605 0.00015368476605 
1 0.96 0.04 0.000149137920457 0.000149137920457 0.000149137920457 0.000149137920457 0.000149137920457 0.000149137920457 0.000149137920457 0.000149137920457 0.000149137920457 0.000149137920457 

0 1 0.04 0.000983439878402 0.000983439878402 0.000983439878402 0.000983439878402 0.000983439878402 0.000983439878402 0.000983439878402 0.000983439878402 0.000983439878402 0.000983439878402 
1 1 0.04 0.000978677951992 0.000978677951992 0.000978677951992 0.000978677951992 0.000978677951992 0.000978677951992 0.000978677951992 0.000978677951992 0.000978677951992 0.000978677951992 

0 1.04 0.04 0.00205140879322 0.00205140879322 0.00205140879322 0.00205140879322 0.00205140879322 0.00205140879322 0.00205140879322 0.00205140879322 0.00205140879322 0.00205140879322 
1 1.04 0.04 0.00204624800809 0.00204624800809 0.00204624800809 0.00204624800809 0.00204624800809 0.00204624800809 0.00204624800809 0.00204624800809 0.00204624800809 0.00204624800809 

0 1.08 0.04 0.00314615500959 0.00314615500959 0.00314615500959 0.00314615500959 0.00314615500959 0.00314615500959 0.00314615500959 0.00314615500959 0.00314615500959 0.00314615500959 
1 1.08 0.04 0.00314048889943 0.00314048889943 0.00314048889943 0.00314048889943 0.00314048889943 0.00314048889943 0.00314048889943 0.00314048889943 0.00314048889943 0.00314048889943 

0 1.12 0.04 0.00395354594491 0.00395354594491 0.00395354594491 0.00395354594491 0.00395354594491 0.00395354594491 0.00395354594491 0.00395354594491 0.00395354594491 0.00395354594491 
1 1.12 0.04 0.00394758404116 0.00394758404116 0.00394758404116 0.00394758404116 0.00394758404116 0.00394758404116 0.00394758404116 0.00394758404116 0.00394758404116 0.00394758404116 

0 1.16 0.04 0.00520476410758 0.00520476410758 0.00520476410758 0.00520476410758 0.00520476410758 0.00520476410758 0.00520476410758 0.00520476410758 0.00520476410758 0.00520476410758 
1 1.16 0.04 0.00519836131569 0.00519836131569 0.00519836131569 0.00519836131569 0.00519836131569 0.00519836131569 0.00519836131569 0.00519836131569 0.00519836131569 0.00519836131569 

0 1.2 0.04 0.00634625148821 0.00634625148821 0.00634625148821 0.00634625148821 0.00634625148821 0.00634625148821 0.00634625148821 0.00634625148821 0.00634625148821 0.00634625148821 
1 1.2 0.04 0.00633886678272 0.00633886678272 0.00633886678272 0.00633886678272 0.00633886678272 0.00633886678272 0.00633886678272 0.00633886678272 0.00633886678272 0.00633886678272 

0 1.24 0.04 0.00785366874736 0.00785366874736 0.00785366874736 0.00785366874736 0.00785366874736 0.00785366874736 0.00785366874736 0.00785366874736 0.00785366874736 0.00785366874736 
1 1.24 0.04 0.00784613271479 0.00784613271479 0.00784613271479 0.00784613271479 0.00784613271479 0.00784613271479 0.00784613271479 0.00784613271479 0.00784613271479 0.00784613271479 

0 1.28 0.04 0.00831374681209 0.00831374681209 0.00831374681209 0.00831374681209 0.00831374681209 0.00831374681209 0.00831374681209 0.00831374681209 0.00831374681209 0.00831374681209 
1 1.28 0.04 0.00830575516808 0.00830575516808 0.00830575516808 0.00830575516808 0.00830575516808 0.00830575516808 0.00830575516808 0.00830575516808 0.00830575516808 0.00830575516808 

0 1.32 0.04 0.0102140908688 0.0102140908688 0.0102140908688 0.0102140908688 0.0102140908688 0.0102140908688 0.0102140908688 0.0102140908688 0.0102140908688 0.0102140908688 
1 1.32 0.04 0.0102061467866 0.0102061467866 0.0102061467866 0.0102061467866 0.0102061467866 0.0102061467866 0.0102061467866 0.0102061467866 0.0102061467866 0.0102061467866 

0 1.36 0.04 0.0114376502599 0.0114376502599 0.0114376502599 0.0114376502599 0.0114376502599 0.0114376502599 0.0114376502599 0.0114376502599 0.0114376502599 0.0114376502599 
1 1.36 0.04 0.0114287926806 0.0114287926806 0.0114287926806 0.0114287926806 0.0114287926806 0.0114287926806 0.0114287926806 0.0114287926806 0.0114287926806 0.0114287926806 

0 1.4 0.04 0.012542591058 0.012542591058 0.012542591058 0.012542591058 0.012542591058 0.012542591058 0.012542591058 0.012542591058 0.012542591058 0.012542591058 
1 1.4 0.04 0.0125334759187 0.0125334759187 0.0125334759187 0.0125334759187 0.0125334759187 0.0125334759187 0.0125334759187 0.0125334759187 0.0125334759187 0.0125334759187 

0 1.44 0.04 0.014106371942 0.014106371942 0.014106371942 0.014106371942 0.014106371942 0.014106371942 0.014106371942 0.014106371942 0.014106371942 0.014106371942 
1 1.44 0.04 0.01409676424 0.01409676424 0.01409676424 0.01409676424 0.01409676424 0.01409676424 0.01409676424 0.01409676424 0.01409676424 0.01409676424 

0 1.48 0.04 0.0154126024505 0.0154126024505 0.0154126024505 0.0154126024505 0.0154126024505 0.0154126024505 0.0154126024505 0.0154126024505 0.0154126024505 0.0154126024505 
1 1.48 0.04 0.015402042291 0.015402042291 0.015402042291 0.015402042291 0.015402042291 0.015402042291 0.015402042291 0.015402042291 0.015402042291 0.015402042291 

0 1.52 0.04 0.0169559253613 0.0169559253613 0.0169559253613 0.0169559253613 0.0169559253613 0.0169559253613 0.0169559253613 0.0169559253613 0.0169559253613 0.0169559253613 
1 1.52 0.04 0.0169453303391 0.0169453303391 0.0169453303391 0.0169453303391 0.0169453303391 0.0169453303391 0.0169453303391 0.0169453303391 0.0169453303391 0.0169453303391 

0 1.56 0.04 0.0184069092546 0.0184069092546 0.0184069092546 0.0184069092546 0.0184069092546 0.0184069092546 0.0184069092546 0.0184069092546 0.0184069092546 0.0184069092546 
1 1.56 0.04 0.0183958188121 0.0183958188121 0.0183958188121 0.0183958188121 0.0183958188121 0.0183958188121 0.0183958188121 0.0183958188121 0.0183958188121 0.0183958188121 

0 1.6 0.04 0.0204464507306 0.0204464507306 0.0204464507306 0.0204464507306 0.0204464507306 0.0204464507306 0.0204464507306 0.0204464507306 0.0204464507306 0.0204464507306 
1 1.6 0.04 0.0204342765937 0.0204342765937 0.0204342765937 0.0204342765937 0.0204342765937 0.0204342765937 0.0204342765937 0.0204342765937 0.0204342765937 0.0204342765937 

0 1.64 0.04 0.0217806482552 0.0217806482552 0.0217806482552 0.0217806482552 0.0217806482552 0.0217806482552 0.0217806482552 0.0217806482552 0.0217806482552 0.0217806482552 
1 1.64 0.04 0.0217676318117 0.0217676318117 0.0217676318117 0.0217676318117 0.0217676318117 0.0217676318117 0.0217676318117 0.0217676318117 0.0217676318117 0.0217676318117 

0 1.68 0.04 0.0238770449533 0.0238770449533 0.0238770449533 0.0238770449533 0.0238770449533 0.0238770449533 0.0238770449533 0.0238770449533 0.0238770449533 0.0238770449533 
1 1.68 0.04 0.0238640890726 0.0238640890726 0.0238640890726 0.0238640890726 0.0238640890726 0.0238640890726 0.0238640890726 0.0238640890726 0.0238640890726 0.0238640890726 

0 1.72 0.04 0.0255148499506 0.0255148499506 0.0255148499506 0.0255148499506 0.0255148499506 0.0255148499506 0.0255148499506 0.0255148499506 0.0255148499506 0.0255148499506 
1 1.72 0.04 0.02550128087 0.02550128087 0.02550128087 0.02550128087 0.02550128087 0.02550128087 0.02550128087 0.02550128087 0.02550128087 0.02550128087 

0 1.76 0.04 0.0274842327437 0.0274842327437 0.0274842327437 0.0274842327437 0.0274842327437 0.0274842327437 0.0274842327437 0.0274842327437 0.0274842327437 0.0274842327437 
1 1.76 0.04 0.0274701220826 0.0274701220826 0.0274701220826 0.0274701220826 0.0274701220826 0.0274701220826 0.0274701220826 0.0274701220826 0.0274701220826 0.0274701220826 

0 1.8 0.04 0.0293026357495 0.0293026357495 0.0293026357495 0.0293026357495 0.0293026357495 0.0293026357495 0.0293026357495 0.0293026357495 0.0293026357495 0.0293026357495 
1 1.8 0.04 0.0292882738231 0.0292882738231 0.0292882738231 0.0292882738231 0.0292882738231 0.0292882738231 0.0292882738231 0.0292882738231 0.0292882738231 0.0292882738231 

0 1.84 0.04 0.0315292819459 0.0315292819459 0.0315292819459 0.0315292819459 0.0315292819459 0.0315292819459 0.0315292819459 0.0315292819459 0.0315292819459 0.0315292819459 
1 1.84 0.04 0.0315145552418 0.0315145552418 0.0315145552418 0.0315145552418 0.0315145552418 0.0315145552418 0.0315145552418 0.0315145552418 0.0315145552418 0.0315145552418 

0 1.88 0.04 0.0333492631637 0.0333492631637 0.0333492631637 0.0333492631637 0.0333492631637 0.0333492631637 0.0333492631637 0.0333492631637 0.0333492631637 0.0333492631637 
1 1.88 0.04 0.0333341344787 0.0333341344787 0.0333341344787 0.0333341344787 0.0333341344787 0.0333341344787 0.0333341344787 0.0333341344787 0.0333341344787 0.0333341344787 

0 1.92 0.04 0.0354085308637 0.0354085308637 0.0354085308637 0.0354085308637 0.0354085308637 0.0354085308637 0.0354085308637 0.0354085308637 0.0354085308637 0.0354085308637 
1 1.92 0.04 0.0353923542085 0.0353923542085 0.0353923542085 0.0353923542085 0.0353923542085 0.0353923542085 0.0353923542085 0.0353923542085 0.0353923542085 0.0353923542085 

0 1.96 0.04 0.0377681905721 0.0377681905721 0.0377681905721 0.0377681905721 0.0377681905721 0.0377681905721 0.0377681905721 0.0377681905721 0.0377681905721 0.0377681905721 
1 1.96 0.04 0.0377513756774 0.0377513756774 0.0377513756774 0.0377513756774 0.0377513756774 0.0377513756774 0.0377513756774 0.0377513756774 0.0377513756774 0.0377513756774 

0 2 0.04 0.03999614005 0.03999614005 0.03999614005 0.03999614005 0.03999614005 0.03999614005 0.03999614005 0.03999614005 0.03999614005 0.03999614005 
1 2 0.04 0.0399791959463 0.0399791959463 0.0399791959463 0.0399791959463 0.0399791959463 0.0399791959463 0.0399791959463 0.0399791959463 0.0399791959463 0.0399791959463 

0 2.04 0.04 0.0420420019803 0.0420420019803 0.0420420019803 0.0420420019803 0.0420420019803 0.0420420019803 0.0420420019803 0.0420420019803 0.0420420019803 0.0420420019803 
1 2.04 0.04 0.0420240700807 0.0420240700807 0.0420240700807 0.0420240700807 0.0420240700807 0.0420240700807 0.0420240700807 0.0420240700807 0.0420240700807 0.0420240700807 

0 2.08 0.04 0.0442229321447 0.0442229321447 0.0442229321447 0.0442229321447 0.0442229321447 0.0442229321447 0.0442229321447 0.0442229321447 0.0442229321447 0.0442229321447 
1 2.08 0.04 0.0442048794273 0.0442048794273 0.0442048794273 0.0442048794273 0.0442048794273 0.0442048794273 0.0442048794273 0.0442048794273 0.0442048794273 0.0442048794273 

0 2.12 0.04 0.0464114818195 0.0464114818195 0.0464114818195 0.0464114818195 0.0464114818195 0.0464114818195 0.0464114818195 0.0464114818195 0.0464114818195 0.0464114818195 
1 2.12 0.04 0.0463928726177 0.0463928726177 0.0463928726177 0.0463928726177 0.0463928726177 0.0463928726177 0.0463928726177 0.0463928726177 0.0463928726177 0.0463928726177 

0 2.16 0.04 0.048815069696 0.048815069696 0.048815069696 0.048815069696 0.048815069696 0.048815069696 0.048815069696 0.048815069696 0.048815069696 0.048815069696 
1 2.16 0.04 0.048796529249 0.048796529249 0.048796529249 0.048796529249 0.048796529249 0.048796529249 0.048796529249 0.048796529249 0.048796529249 0.048796529249 

0 2.2 0.04 0.0511139719721 0.0511139719721 0.0511139719721 0.0511139719721 0.0511139719721 0.0511139719721 0.0511139719721 0.0511139719721 0.0511139719721 0.0511139719721 
1 2.2 0.04 0.0510952224325 0.0510952224325 0.0510952224325 0.0510952224325 0.0510952224325 0.0510952224325 0.0510952224325 0.0510952224325 0.0510952224325 0.0510952224325 

0 2.24 0.04 0.0529795539675 0.0529795539675 0.0529795539675 0.0529795539675 0.0529795539675 0.0529795539675 0.0529795539675 0.0529795539675 0.0529795539675 0.0529795539675 
1 2.24 0.04 0.0529604394728 0.0529604394728 0.0529604394728 0.0529604394728 0.0529604394728 0.0529604394728 0.0529604394728 0.0529604394728 0.0529604394728 0.0529604394728 

0 2.28 0.04 0.055195339257 0.055195339257 0.055195339257 0.055195339257 0.055195339257 0.055195339257 0.055195339257 0.055195339257 0.055195339257 0.055195339257 
1 2.28 0.04 0.0551757404222 0.0551757404222 0.0551757404222 0.0551757404222 0.0551757404222 0.0551757404222 0.0551757404222 0.0551757404222 0.0551757404222 0.0551757404222 

0 2.32 0.04 0.0570766551019 0.0570766551019 0.0570766551019 0.0570766551019 0.0570766551019 0.0570766551019 0.0570766551019 0.0570766551019 0.0570766551019 0.0570766551019 
1 2.32 0.04 0.0570567648167 0.0570567648167 0.0570567648167 0.0570567648167 0.0570567648167 0.0570567648167 0.0570567648167 0.0570567648167 0.0570567648167 0.0570567648167 

0 2.36 0.04 0.0588579964589 0.0588579964589 0.0588579964589 0.0588579964589 0.0588579964589 0.0588579964589 0.0588579964589 0.0588579964589 0.0588579964589 0.0588579964589 
1 2.36 0.04 0.0588385478171 0.0588385478171 0.0588385478171 0.0588385478171 0.0588385478171 0.0588385478171 0.0588385478171 0.0588385478171 0.0588385478171 0.0588385478171 

0 2.4 0.04 0.0606133803466 0.0606133803466 0.0606133803466 0.0606133803466 0.0606133803466 0.0606133803466 0.0606133803466 0.0606133803466 0.0606133803466 0.0606133803466 
1 2.4 0.04 0.0605928245424 0.0605928245424 0.0605928245424 0.0605928245424 0.0605928245424 0.0605928245424 0.0605928245424 0.0605928245424 0.0605928245424 0.0605928245424 

0 2.44 0.04 0.0621809486342 0.0621809486342 0.0621809486342 0.0621809486342 0.0621809486342 0.0621809486342 0.0621809486342 0.0621809486342 0.0621809486342 0.0621809486342 
1 2.44 0.04 0.0621603078354 0.0621603078354 0.0621603078354 0.0621603078354 0.0621603078354 0.0621603078354 0.0621603078354 0.0621603078354 0.0621603078354 0.0621603078354 

0 2.48 0.04 0.0639235362544 0.0639235362544 0.0639235362544 0.0639235362544 0.0639235362544 0.0639235362544 0.0639235362544 0.0639235362544 0.0639235362544 0.0639235362544 
1 2.48 0.04 0.0639032901453 0.0639032901453 0.0639032901453 0.0639032901453 0.0639032901453 0.0639032901453 0.0639032901453 0.0639032901453 0.0639032901453 0.0639032901453 

0 2.52 0.04 0.065435417182 0.065435417182 0.065435417182 0.065435417182 0.065435417182 0.065435417182 0.065435417182 0.065435417182 0.065435417182 0.065435417182 
1 2.52 0.04 0.0654148103925 0.0654148103925 0.0654148103925 0.0654148103925 0.0654148103925 0.0654148103925 0.0654148103925 0.0654148103925 0.0654148103925 0.0654148103925 

0 2.56 0.04 0.0669878292532 0.0669878292532 0.0669878292532 0.0669878292532 0.0669878292532 0.0669878292532 0.0669878292532 0.0669878292532 0.0669878292532 0.0669878292532 
1 2.56 0.04 0.0669668668624 0.0669668668624 0.0669668668624 0.0669668668624 0.0669668668624 0.0669668668624 0.0669668668624 0.0669668668624 0.0669668668624 0.0669668668624 

0 2.6 0.04 0.0680576420889 0.0680576420889 0.0680576420889 0.0680576420889 0.0680576420889 0.0680576420889 0.0680576420889 0.0680576420889 0.0680576420889 0.0680576420889 
1 2.6 0.04 0.0680366532218 0.0680366532218 0.0680366532218 0.0680366532218 0.0680366532218 0.0680366532218 0.0680366532218 0.0680366532218 0.0680366532218 0.0680366532218 

0 2.64 0.04 0.0697364109859 0.0697364109859 0.0697364109859 0.0697364109859 0.0697364109859 0.0697364109859 0.0697364109859 0.0697364109859 0.0697364109859 0.0697364109859 
1 2.64 0.04 0.0697151268726 0.0697151268726 0.0697151268726 0.0697151268726 0.0697151268726 0.0697151268726 0.0697151268726 0.0697151268726 0.0697151268726 0.0697151268726 

0 2.68 0.04 0.0706237918982 0.0706237918982 0.0706237918982 0.0706237918982 0.0706237918982 0.0706237918982 0.0706237918982 0.0706237918982 0.0706237918982 0.0706237918982 
1 2.68 0.04 0.0706016713533 0.0706016713533 0.0706016713533 0.0706016713533 0.0706016713533 0.0706016713533 0.0706016713533 0.0706016713533 0.0706016713533 0.0706016713533 

0 2.72 0.04 0.0722528966451 0.0722528966451 0.0722528966451 0.0722528966451 0.0722528966451 0.0722528966451 0.0722528966451 0.0722528966451 0.0722528966451 0.0722528966451 
1 2.72 0.04 0.0722309055589 0.0722309055589 0.0722309055589 0.0722309055589 0.0722309055589 0.0722309055589 0.0722309055589 0.0722309055589 0.0722309055589 0.0722309055589 

0 2.76 0.04 0.0737828566192 0.0737828566192 0.0737828566192 0.0737828566192 0.0737828566192 0.0737828566192 0.0737828566192 0.0737828566192 0.0737828566192 0.0737828566192 
1 2.76 0.04 0.0737610925799 0.0737610925799 0.0737610925799 0.0737610925799 0.0737610925799 0.0737610925799 0.0737610925799 0.0737610925799 0.0737610925799 0.0737610925799 

0 2.8 0.04 0.0751606613025 0.0751606613025 0.0751606613025 0.0751606613025 0.0751606613025 0.0751606613025 0.0751606613025 0.0751606613025 0.0751606613025 0.0751606613025 
1 2.8 0.04 0.0751386086798 0.0751386086798 0.0751386086798 0.0751386086798 0.0751386086798 0.0751386086798 0.0751386086798 0.0751386086798 0.0751386086798 0.0751386086798 

0 2.84 0.04 0.0767530971038 0.0767530971038 0.0767530971038 0.0767530971038 0.0767530971038 0.0767530971038 0.0767530971038 0.0767530971038 0.0767530971038 0.0767530971038 
1 2.84 0.04 0.0767307824701 0.0767307824701 0.0767307824701 0.0767307824701 0.0767307824701 0.0767307824701 0.0767307824701 0.0767307824701 0.0767307824701 0.0767307824701 

0 2.88 0.04 0.0781181233227 0.0781181233227 0.0781181233227 0.0781181233227 0.0781181233227 0.0781181233227 0.0781181233227 0.0781181233227 0.0781181233227 0.0781181233227 
1 2.88 0.04 0.0780957360052 0.0780957360052 0.0780957360052 0.0780957360052 0.0780957360052 0.0780957360052 0.0780957360052 0.0780957360052 0.0780957360052 0.0780957360052 

0 2.92 0.04 0.0789155315429 0.0789155315429 0.0789155315429 0.0789155315429 0.0789155315429 0.0789155315429 0.0789155315429 0.0789155315429 0.0789155315429 0.0789155315429 
1 2.92 0.04 0.0788936553991 0.0788936553991 0.0788936553991 0.0788936553991 0.0788936553991 0.0788936553991 0.0788936553991 0.0788936553991 0.0788936553991 0.0788936553991 

0 2.96 0.04 0.0804636454461 0.0804636454461 0.0804636454461 0.0804636454461 0.0804636454461 0.0804636454461 0.0804636454461 0.0804636454461 0.0804636454461 0.0804636454461 
1 2.96 0.04 0.0804415384095 0.0804415384095 0.0804415384095 0.0804415384095 0.0804415384095 0.0804415384095 0.0804415384095 0.0804415384095 0.0804415384095 0.0804415384095 

0 3 0.04 0.091534216603 0.091534216603 0.091534216603 0.091534216603 0.091534216603 0.091534216603 0.091534216603 0.091534216603 0.091534216603 0.091534216603 
1 3 0.04 0.0915118108102 0.0915118108102 0.0915118108102 0.0915118108102 0.0915118108102 0.0915118108102 0.0915118108102 0.0915118108102 0.0915118108102 0.0915118108102 

0 3.04 0.04 0.0909936957588 0.0909936957588 0.0909936957588 0.0909936957588 0.0909936957588 0.0909936957588 0.0909936957588 0.0909936957588 0.0909936957588 0.0909936957588 
1 3.04 0.04 0.0909712836551 0.0909712836551 0.0909712836551 0.0909712836551 0.0909712836551 0.0909712836551 0.0909712836551 0.0909712836551 0.0909712836551 0.0909712836551 

0 3.08 0.04 0.089994054715 0.089994054715 0.089994054715 0.089994054715 0.089994054715 0.089994054715 0.089994054715 0.089994054715 0.089994054715 0.089994054715 
1 3.08 0.04 0.0899714226573 0.0899714226573 0.0899714226573 0.0899714226573 0.0899714226573 0.0899714226573 0.0899714226573 0.0899714226573 0.0899714226573 0.0899714226573 

0 3.12 0.04 0.0891669244003 0.0891669244003 0.0891669244003 0.0891669244003 0.0891669244003 0.0891669244003 0.0891669244003 0.0891669244003 0.0891669244003 0.0891669244003 
1 3.12 0.04 0.0891441712967 0.0891441712967 0.0891441712967 0.0891441712967 0.0891441712967 0.0891441712967 0.0891441712967 0.0891441712967 0.0891441712967 0.0891441712967 

0 3.16 0.04 0.0882201892462 0.0882201892462 0.0882201892462 0.0882201892462 0.0882201892462 0.0882201892462 0.0882201892462 0.0882201892462 0.0882201892462 0.0882201892462 
1 3.16 0.04 0.0881970768458 0.0881970768458 0.0881970768458 0.0881970768458 0.0881970768458 0.0881970768458 0.0881970768458 0.0881970768458 0.0881970768458 0.0881970768458 

0 3.2 0.04 0.0871072628792 0.0871072628792 0.0871072628792 0.0871072628792 0.0871072628792 0.0871072628792 0.0871072628792 0.0871072628792 0.0871072628792 0.0871072628792 
1 3.2 0.04 0.0870846172617 0.0870846172617 0.0870846172617 0.0870846172617 0.0870846172617 0.0870846172617 0.0870846172617 0.0870846172617 0.0870846172617 0.0870846172617 

0 3.24 0.04 0.0861005971928 0.0861005971928 0.0861005971928 0.0861005971928 0.0861005971928 0.0861005971928 0.0861005971928 0.0861005971928 0.0861005971928 0.0861005971928 
1 3.24 0.04 0.0860781111188 0.0860781111188 0.0860781111188 0.0860781111188 0.0860781111188 0.0860781111188 0.0860781111188 0.0860781111188 0.0860781111188 0.0860781111188 

0 3.28 0.04 0.0845376568661 0.0845376568661 0.0845376568661 0.0845376568661 0.0845376568661 0.0845376568661 0.0845376568661 0.0845376568661 0.0845376568661 0.0845376568661 
1 3.28 0.04 0.0846355842119 0.0846355842119 0.0846355842119 0.0846355842119 0.0846355842119 0.0846355842119 0.0846355842119 0.0846355842119 0.0846355842119 0.0846355842119 

0 3.32 0.04 0.0836309476141 0.0836309476141 0.0836309476141 0.0836309476141 0.0836309476141 0.0836309476141 0.0836309476141 0.0836309476141 0.0836309476141 0.0836309476141 
1 3.32 0.04 0.0836226060119 0.0836226060119 0.0836226060119 0.0836226060119 0.0836226060119 0.0836226060119 0.0836226060119 0.0836226060119 0.0836226060119 0.0836226060119 

0 3.36 0.04 0.0822709078355 0.0822709078355 0.0822709078355 0.0822709078355 0.0822709078355 0.0822709078355 0.0822709078355 0.0822709078355 0.0822709078355 0.0822709078355 
1 3.36 0.04 0.0822915133925 0.0822915133925 0.0822915133925 0.0822915133925 0.0822915133925 0.0822915133925 0.0822915133925 0.0822915133925 0.0822915133925 0.0822915133925 

0 3.4 0.04 0.0812496426538 0.0812496426538 0.0812496426538 0.0812496426538 0.0812496426538 0.0812496426538 0.0812496426538 0.0812496426538 0.0812496426538 0.0812496426538 
1 3.4 0.04 0.0812555906716 0.0812555906716 0.0812555906716 0.0812555906716 0.0812555906716 0.0812555906716 0.0812555906716 0.0812555906716 0.0812555906716 0.0812555906716 

0 3.44 0.04 0.0798845502038 0.0798845502038 0.0798845502038 0.0798845502038 0.0798845502038 0.0798845502038 0.0798845502038 0.0798845502038 0.0798845502038 0.0798845502038 
1 3.44 0.04 0.0798959171199 0.0798959171199 0.0798959171199 0.0798959171199 0.0798959171199 0.0798959171199 0.0798959171199 0.0798959171199 0.0798959171199 0.0798959171199 

0 3.48 0.04 0.0792103891939 0.0792103891939 0.0792103891939 0.0792103891939 0.0792103891939 0.0792103891939 0.0792103891939 0.0792103891939 0.0792103891939 0.0792103891939 
1 3.48 0.04 0.0792163555224 0.0792163555224 0.0792163555224 0.0792163555224 0.0792163555224 0.0792163555224 0.0792163555224 0.0792163555224 0.0792163555224 0.0792163555224 

0 3.52 0.04 0.0785827686277 0.0785827686277 0.0785827686277 0.0785827686277 0.0785827686277 0.0785827686277 0.0785827686277 0.0785827686277 0.0785827686277 0.0785827686277 
1 3.52 0.04 0.0785887513424 0.0785887513424 0.0785887513424 0.0785887513424 0.0785887513424 0.0785887513424 0.0785887513424 0.0785887513424 0.0785887513424 0.0785887513424 

0 3.56 0.04 0.0779729504667 0.0779729504667 0.0779729504667 0.0779729504667 0.0779729504667 0.0779729504667 0.0779729504667 0.0779729504667 0.0779729504667 0.0779729504667 
1 3.56 0.04 0.0779759920358 0.0779759920358 0.0779759920358 0.0779759920358 0.0779759920358 0.0779759920358 0.0779759920358 0.0779759920358 0.0779759920358 0.0779759920358 

0 3.6 0.04 0.0776373130013 0.0776373130013 0.0776373130013 0.0776373130013 0.0776373130013 0.0776373130013 0.0776373130013 0.0776373130013 0.0776373130013 0.0776373130013 
1 3.6 0.04 0.0776388966905 0.0776388966905 0.0776388966905 0.0776388966905 0.0776388966905 0.0776388966905 0.0776388966905 0.0776388966905 0.0776388966905 0.0776388966905 

0 3.64 0.04 0.0775293119952 0.0775293119952 0.0775293119952 0.0775293119952 0.0775293119952 0.0775293119952 0.0775293119952 0.0775293119952 0.0775293119952 0.0775293119952 
1 3.64 0.04 0.0775281583902 0.0775281583902 0.0775281583902 0.0775281583902 0.0775281583902 0.0775281583902 0.0775281583902 0.0775281583902 0.0775281583902 0.0775281583902 

0 3.68 0.04 0.0773501405074 0.0773501405074 0.0773501405074 0.0773501405074 0.0773501405074 0.0773501405074 0.0773501405074 0.0773501405074 0.0773501405074 0.0773501405074 
1 3.68 0.04 0.077345714375 0.077345714375 0.077345714375 0.077345714375 0.077345714375 0.077345714375 0.077345714375 0.077345714375 0.077345714375 0.077345714375 

0 3.72 0.04 0.0776119041925 0.0776119041925 0.0776119041925 0.0776119041925 0.0776119041925 0.0776119041925 0.0776119041925 0.0776119041925 0.0776119041925 0.0776119041925 
1 3.72 0.04 0.0776045479332 0.0776045479332 0.0776045479332 0.0776045479332 0.0776045479332 0.0776045479332 0.0776045479332 0.0776045479332 0.0776045479332 0.0776045479332 

0 3.76 0.04 0.078446660265 0.078446660265 0.078446660265 0.078446660265 0.078446660265 0.078446660265 0.078446660265 0.078446660265 0.078446660265 0.078446660265 
1 3.76 0.04 0.0784361668865 0.0784361668865 0.0784361668865 0.0784361668865 0.0784361668865 0.0784361668865 0.0784361668865 0.0784361668865 0.0784361668865 0.0784361668865 

0 3.8 0.04 0.079070896611 0.079070896611 0.079070896611 0.079070896611 0.079070896611 0.079070896611 0.079070896611 0.079070896611 0.079070896611 0.079070896611 
1 3.8 0.04 0.0790566745122 0.0790566745122 0.0790566745122 0.0790566745122 0.0790566745122 0.0790566745122 0.0790566745122 0.0790566745122 0.0790566745122 0.0790566745122 

0 3.84 0.04 0.0797844260694 0.0797844260694 0.0797844260694 0.0797844260694 0.0797844260694 0.0797844260694 0.0797844260694 0.0797844260694 0.0797844260694 0.0797844260694 
1 3.84 0.04 0.0797667631922 0.0797667631922 0.0797667631922 0.0797667631922 0.0797667631922 0.0797667631922 0.0797667631922 0.0797667631922 0.0797667631922 0.0797667631922 

0 3.88 0.04 0.0809323975248 0.0809323975248 0.0809323975248 0.0809323975248 0.0809323975248 0.0809323975248 0.0809323975248 0.0809323975248 0.0809323975248 0.0809323975248 
1 3.88 0.04 0.0809113495052 0.0809113495052 0.0809113495052 0.0809113495052 0.0809113495052 0.0809113495052 0.0809113495052 0.0809113495052 0.0809113495052 0.0809113495052 

0 3.92 0.04 0.0825348954918 0.0825348954918 0.0825348954918 0.0825348954918 0.0825348954918 0.0825348954918 0.0825348954918 0.0825348954918 0.0825348954918 0.0825348954918 
1 3.92 0.04 0.0825100479615 0.0825100479615 0.0825100479615 0.0825100479615 0.0825100479615 0.0825100479615 0.0825100479615 0.0825100479615 0.0825100479615 0.0825100479615 

0 3.96 0.04 0.0838433317132 0.0838433317132 0.0838433317132 0.0838433317132 0.0838433317132 0.0838433317132 0.0838433317132 0.0838433317132 0.0838433317132 0.0838433317132 
1 3.96 0.04 0.0838147537527 0.0838147537527 0.0838147537527 0.0838147537527 0.0838147537527 0.0838147537527 0.0838147537527 0.0838147537527 0.0838147537527 0.0838147537527 

0 4 0.04 0.085123040578 0.085123040578 0.085123040578 0.085123040578 0.085123040578 0.085123040578 0.085123040578 0.085123040578 0.085123040578 0.085123040578 
1 4 0.04 0.0850903894674 0.0850903894674 0.0850903894674 0.0850903894674 0.0850903894674 0.0850903894674 0.0850903894674 0.0850903894674 0.0850903894674 0.0850903894674 

0 4.04 0.04 0.0872854186637 0.0872854186637 0.0872854186637 0.0872854186637 0.0872854186637 0.0872854186637 0.0872854186637 0.0872854186637 0.0872854186637 0.0872854186637 
1 4.04 0.04 0.0872482437835 0.0872482437835 0.0872482437835 0.0872482437835 0.0872482437835 0.0872482437835 0.0872482437835 0.0872482437835 0.0872482437835 0.0872482437835 

0 4.08 0.04 0.0890981656071 0.0890981656071 0.0890981656071 0.0890981656071 0.0890981656071 0.0890981656071 0.0890981656071 0.0890981656071 0.0890981656071 0.0890981656071 
1 4.08 0.04 0.0890572613498 0.0890572613498 0.0890572613498 0.0890572613498 0.0890572613498 0.0890572613498 0.0890572613498 0.0890572613498 0.0890572613498 0.0890572613498 

0 4.12 0.04 0.0912428471912 0.0912428471912 0.0912428471912 0.0912428471912 0.0912428471912 0.0912428471912 0.0912428471912 0.0912428471912 0.0912428471912 0.0912428471912 
1 4.12 0.04 0.0911980936516 0.0911980936516 0.0911980936516 0.0911980936516 0.0911980936516 0.0911980936516 0.0911980936516 0.0911980936516 0.0911980936516 0.0911980936516 

0 4.16 0.04 0.0933122451224 0.0933122451224 0.0933122451224 0.0933122451224 0.0933122451224 0.0933122451224 0.0933122451224 0.0933122451224 0.0933122451224 0.0933122451224 
1 4.16 0.04 0.0932618252101 0.0932618252101 0.0932618252101 0.0932618252101 0.0932618252101 0.0932618252101 0.0932618252101 0.0932618252101 0.0932618252101 0.0932618252101 

0 4.2 0.04 0.0957293405556 0.0957293405556 0.0957293405556 0.0957293405556 0.0957293405556 0.0957293405556 0.0957293405556 0.0957293405556 0.0957293405556 0.0957293405556 
1 4.2 0.04 0.0956749050054 0.0956749050054 0.0956749050054 0.0956749050054 0.0956749050054 0.0956749050054 0.0956749050054 0.0956749050054 0.0956749050054 0.0956749050054 

0 4.24 0.04 0.0979190553563 0.0979190553563 0.0979190553563 0.0979190553563 0.0979190553563 0.0979190553563 0.0979190553563 0.0979190553563 0.0979190553563 0.0979190553563 
1 4.24 0.04 0.0978613404117 0.0978613404117 0.0978613404117 0.0978613404117 0.0978613404117 0.0978613404117 0.0978613404117 0.0978613404117 0.0978613404117 0.0978613404117 

0 4.28 0.04 0.100459661517 0.100459661517 0.100459661517 0.100459661517 0.100459661517 0.100459661517 0.100459661517 0.100459661517 0.100459661517 0.100459661517 
1 4.28 0.04 0.100398738183 0.100398738183 0.100398738183 0.100398738183 0.100398738183 0.100398738183 0.100398738183 0.100398738183 0.100398738183 0.100398738183 

0 4.32 0.04 0.102563527607 0.102563527607 0.102563527607 0.102563527607 0.102563527607 0.102563527607 0.102563527607 0.102563527607 0.102563527607 0.102563527607 
1 4.32 0.04 0.102499507751 0.102499507751 0.102499507751 0.102499507751 0.102499507751 0.102499507751 0.102499507751 0.102499507751 0.102499507751 0.102499507751 

0 4.36 0.04 0.105359156381 0.105359156381 0.105359156381 0.105359156381 0.105359156381 0.105359156381 0.105359156381 0.105359156381 0.105359156381 0.105359156381 
1 4.36 0.04 0.105291598217 0.105291598217 0.105291598217 0.105291598217 0.105291598217 0.105291598217 0.105291598217 0.105291598217 0.105291598217 0.105291598217 

0 4.4 0.04 0.107577566411 0.107577566411 0.107577566411 0.107577566411 0.107577566411 0.107577566411 0.107577566411 0.107577566411 0.107577566411 0.107577566411 
1 4.4 0.04 0.107507492574 0.107507492574 0.107507492574 0.107507492574 0.107507492574 0.107507492574 0.107507492574 0.107507492574 0.107507492574 0.107507492574 

0 4.44 0.04 0.10970524724 0.10970524724 0.10970524724 0.10970524724 0.10970524724 0.10970524724 0.10970524724 0.10970524724 0.10970524724 0.10970524724 
1 4.44 0.04 0.109632872951 0.109632872951 0.109632872951 0.109632872951 0.109632872951 0.109632872951 0.109632872951 0.109632872951 0.109632872951 0.109632872951 

0 4.48 0.04 0.112085225915 0.112085225915 0.112085225915 0.112085225915 0.112085225915 0.112085225915 0.112085225915 0.112085225915 0.112085225915 0.112085225915 
1 4.48 0.04 0.112009974798 0.112009974798 0.112009974798 0.112009974798 0.112009974798 0.112009974798 0.112009974798 0.112009974798 0.112009974798 0.112009974798 

0 4.52 0.04 0.11409681347 0.11409681347 0.11409681347 0.11409681347 0.11409681347 0.11409681347 0.11409681347 0.11409681347 0.11409681347 0.11409681347 
1 4.52 0.04 0.114018525887 0.114018525887 0.114018525887 0.114018525887 0.114018525887 0.114018525887 0.114018525887 0.114018525887 0.114018525887 0.114018525887 

0 4.56 0.04 0.116077137773 0.116077137773 0.116077137773 0.116077137773 0.116077137773 0.116077137773 0.116077137773 0.116077137773 0.116077137773 0.116077137773 
1 4.56 0.04 0.11599727951 0.11599727951 0.11599727951 0.11599727951 0.11599727951 0.11599727951 0.11599727951 0.11599727951 0.11599727951 0.11599727951 

0 4.6 0.04 0.117963097831 0.117963097831 0.117963097831 0.117963097831 0.117963097831 0.117963097831 0.117963097831 0.117963097831 0.117963097831 0.117963097831 
1 4.6 0.04 0.117881670892 0.117881670892 0.117881670892 0.117881670892 0.117881670892 0.117881670892 0.117881670892 0.117881670892 0.117881670892 0.117881670892 

0 4.64 0.04 0.119664513616 0.119664513616 0.119664513616 0.119664513616 0.119664513616 0.119664513616 0.119664513616 0.119664513616 0.119664513616 0.119664513616 
1 4.64 0.04 0.119581247868 0.119581247868 0.119581247868 0.119581247868 0.119581247868 0.119581247868 0.119581247868 0.119581247868 0.119581247868 0.119581247868 

0 4.68 0.04 0.121361427419 0.121361427419 0.121361427419 0.121361427419 0.121361427419 0.121361427419 0.121361427419 0.121361427419 0.121361427419 0.121361427419 
1 4.68 0.04 0.12127740846 0.12127740846 0.12127740846 0.12127740846 0.12127740846 0.12127740846 0.12127740846 0.12127740846 0.12127740846 0.12127740846 

0 4.72 0.04 0.122738192409 0.122738192409 0.122738192409 0.122738192409 0.122738192409 0.122738192409 0.122738192409 0.122738192409 0.122738192409 0.122738192409 
1 4.72 0.04 0.1226542387 0.1226542387 0.1226542387 0.1226542387 0.1226542387 0.1226542387 0.1226542387 0.1226542387 0.1226542387 0.1226542387 

0 4.76 0.04 0.123911036736 0.123911036736 0.123911036736 0.123911036736 0.123911036736 0.123911036736 0.123911036736 0.123911036736 0.123911036736 0.123911036736 
1 4.76 0.04 0.123826698174 0.123826698174 0.123826698174 0.123826698174 0.123826698174 0.123826698174 0.123826698174 0.123826698174 0.123826698174 0.123826698174 

0 4.8 0.04 0.12539575578 0.12539575578 0.12539575578 0.12539575578 0.12539575578 0.12539575578 0.12539575578 0.12539575578 0.12539575578 0.12539575578 
1 4.8 0.04 0.125312512407 0.125312512407 0.125312512407 0.125312512407 0.125312512407 0.125312512407 0.125312512407 0.125312512407 0.125312512407 0.125312512407 

0 4.84 0.04 0.125599069712 0.125599069712 0.125599069712 0.125599069712 0.125599069712 0.125599069712 0.125599069712 0.125599069712 0.125599069712 0.125599069712 
1 4.84 0.04 0.125516078214 0.125516078214 0.125516078214 0.125516078214 0.125516078214 0.125516078214 0.125516078214 0.125516078214 0.125516078214 0.125516078214 

0 4.88 0.04 0.125900706807 0.125900706807 0.125900706807 0.125900706807 0.125900706807 0.125900706807 0.125900706807 0.125900706807 0.125900706807 0.125900706807 
1 4.88 0.04 0.125819230318 0.125819230318 0.125819230318 0.125819230318 0.125819230318 0.125819230318 0.125819230318 0.125819230318 0.125819230318 0.125819230318 

0 4.92 0.04 0.126580698744 0.126580698744 0.126580698744 0.126580698744 0.126580698744 0.126580698744 0.126580698744 0.126580698744 0.126580698744 0.126580698744 
1 4.92 0.04 0.126500202402 0.126500202402 0.126500202402 0.126500202402 0.126500202402 0.126500202402 0.126500202402 0.126500202402 0.126500202402 0.126500202402 

0 4.96 0.04 0.12663642179 0.12663642179 0.12663642179 0.12663642179 0.12663642179 0.12663642179 0.12663642179 0.12663642179 0.12663642179 0.12663642179 
1 4.96 0.04 0.126558383226 0.126558383226 0.126558383226 0.126558383226 0.126558383226 0.126558383226 0.126558383226 0.126558383226 0.126558383226 0.126558383226 

0 5 0.04 0.126982104767 0.126982104767 0.126982104767 0.126982104767 0.126982104767 0.126982104767 0.126982104767 0.126982104767 0.126982104767 0.126982104767 
1 5 0.04 0.126906518986 0.126906518986 0.126906518986 0.126906518986 0.126906518986 0.126906518986 0.126906518986 0.126906518986 0.126906518986 0.126906518986 

0 5.04 0.04 0.126828814806 0.126828814806 0.126828814806 0.126828814806 0.126828814806 0.126828814806 0.126828814806 0.126828814806 0.126828814806 0.126828814806 
1 5.04 0.04 0.126755894619 0.126755894619 0.126755894619 0.126755894619 0.126755894619 0.126755894619 0.126755894619 0.126755894619 0.126755894619 0.126755894619 

0 5.08 0.04 0.125919204181 0.125919204181 0.125919204181 0.125919204181 0.125919204181 0.125919204181 0.125919204181 0.125919204181 0.125919204181 0.125919204181 
1 5.08 0.04 0.125849890853 0.125849890853 0.125849890853 0.125849890853 0.125849890853 0.125849890853 0.125849890853 0.125849890853 0.125849890853 0.125849890853 

0 5.12 0.04 0.125549912949 0.125549912949 0.125549912949 0.125549912949 0.125549912949 0.125549912949 0.125549912949 0.125549912949 0.125549912949 0.125549912949 
1 5.12 0.04 0.125484003109 0.125484003109 0.125484003109 0.125484003109 0.125484003109 0.125484003109 0.125484003109 0.125484003109 0.125484003109 0.125484003109 

0 5.16 0.04 0.124995525013 0.124995525013 0.124995525013 0.124995525013 0.124995525013 0.124995525013 0.124995525013 0.124995525013 0.124995525013 0.124995525013 
1 5.16 0.04 0.1249331267 0.1249331267 0.1249331267 0.1249331267 0.1249331267 0.1249331267 0.1249331267 0.1249331267 0.1249331267 0.1249331267 

