0 0 0.04 0
1 0 0.04 0

0 0.04 0.04 9.15506751105
1 0.04 0.04 9.15516517294

0 0.08 0.04 9.16481428383
1 0.08 0.04 9.16488014962

0 0.12 0.04 9.16582132782
1 0.12 0.04 9.16563946761

0 0.16 0.04 9.15489832257
1 0.16 0.04 9.15494718006

0 0.2 0.04 9.13669926862
1 0.2 0.04 9.1367445484

0 0.24 0.04 9.11698278065
1 0.24 0.04 9.11695653597

0 0.28 0.04 9.10175982963
1 0.28 0.04 9.10177962906

0 0.32 0.04 9.09287370416
1 0.32 0.04 9.09294337024

0 0.36 0.04 9.09195289897
1 0.36 0.04 9.09193189626

0 0.4 0.04 9.09418775207
1 0.4 0.04 9.09419400721

0 0.44 0.04 9.09708496473
1 0.44 0.04 9.097071209

0 0.48 0.04 9.09776782245
1 0.48 0.04 9.09782563967

0 0.52 0.04 9.09627582296
1 0.52 0.04 9.09621322565

0 0.56 0.04 9.09478443301
1 0.56 0.04 9.09480672226

0 0.6 0.04 9.09458949278
1 0.6 0.04 9.09464875262

0 0.64 0.04 9.09785695908
1 0.64 0.04 9.09772495944

0 0.68 0.04 9.10140874218
1 0.68 0.04 9.10169632485

0 0.72 0.04 9.10321134893
1 0.72 0.04 9.1027562173

0 0.76 0.04 9.09999463672
1 0.76 0.04 9.10040224608

0 0.8 0.04 9.08930132328
1 0.8 0.04 9.08947701301

0 0.84 0.04 9.07058757278
1 0.84 0.04 9.07020152119

0 0.88 0.04 9.04322977195
1 0.88 0.04 9.04360490254

0 0.92 0.04 9.01561546769
1 0.92 0.04 9.01497196999

0 0.96 0.04 8.98937773997
1 0.96 0.04 8.98983888139

0 1 0.04 8.96708315608
1 1 0.04 8.96692273532

0 1.04 0.04 8.9562280941
1 1.04 0.04 8.95665262882

0 1.08 0.04 8.95333121142
1 1.08 0.04 8.95305317141

0 1.12 0.04 8.96069993597
1 1.12 0.04 8.96026094272

0 1.16 0.04 8.97831156744
1 1.16 0.04 8.97880842268

0 1.2 0.04 9.00055702602
1 1.2 0.04 9.00057453452

0 1.24 0.04 9.03107989622
1 1.24 0.04 9.03121640688

0 1.28 0.04 9.06040494694
1 1.28 0.04 9.05978201746

0 1.32 0.04 9.09433495529
1 1.32 0.04 9.09432121946

0 1.36 0.04 9.123640384
1 1.36 0.04 9.12396073631

0 1.4 0.04 9.1502367074
1 1.4 0.04 9.15002800809

0 1.44 0.04 9.17102935144
1 1.44 0.04 9.17128209768

0 1.48 0.04 9.1848348173
1 1.48 0.04 9.18454340995

0 1.52 0.04 9.1889646494
1 1.52 0.04 9.18898066827

0 1.56 0.04 9.18230526252
1 1.56 0.04 9.1825798352

0 1.6 0.04 9.16812007891
1 1.6 0.04 9.16783893334

0 1.64 0.04 9.14160067022
1 1.64 0.04 9.14191856192

0 1.68 0.04 9.11177824542
1 1.68 0.04 9.11173055442

0 1.72 0.04 9.07661858333
1 1.72 0.04 9.07660260269

0 1.76 0.04 9.04490818271
1 1.76 0.04 9.04493898241

0 1.8 0.04 9.01786395311
1 1.8 0.04 9.01783711432

0 1.84 0.04 9.00054492518
1 1.84 0.04 9.00055418663

0 1.88 0.04 8.99190062989
1 1.88 0.04 8.9918913532

0 1.92 0.04 8.99147932961
1 1.92 0.04 8.99148867067

0 1.96 0.04 8.99847189409
1 1.96 0.04 8.99848531955

0 2 0.04 9.00830666023
1 2 0.04 9.00828570902

0 2.04 0.04 9.02188611322
1 2.04 0.04 9.02189139295

0 2.08 0.04 9.03693360139
1 2.08 0.04 9.03695023703

0 2.12 0.04 9.05609009169
1 2.12 0.04 9.05599299999

0 2.16 0.04 9.07495247295
1 2.16 0.04 9.07494676982

0 2.2 0.04 9.0950260788
1 2.2 0.04 9.09515407005

0 2.24 0.04 9.11161107493
1 2.24 0.04 9.11157970798

0 2.28 0.04 9.12294297143
1 2.28 0.04 9.12283004317

0 2.32 0.04 9.12525596182
1 2.32 0.04 9.12520398813

0 2.36 0.04 9.12062261537
1 2.36 0.04 9.12072960557

0 2.4 0.04 9.10785745297
1 2.4 0.04 9.10786350383

0 2.44 0.04 9.09216304797
1 2.44 0.04 9.09218193853

0 2.48 0.04 9.07459148388
1 2.48 0.04 9.07448003551

0 2.52 0.04 9.05920413748
1 2.52 0.04 9.05932842713

0 2.56 0.04 9.04746267626
1 2.56 0.04 9.04743811757

0 2.6 0.04 9.03766543032
1 2.6 0.04 9.03767632177

0 2.64 0.04 9.02948002465
1 2.64 0.04 9.02953447459

0 2.68 0.04 9.02165037152
1 2.68 0.04 9.02154734489

0 2.72 0.04 9.01443203246
1 2.72 0.04 9.01452763375

0 2.76 0.04 9.00828361429
1 2.76 0.04 9.00828014232

0 2.8 0.04 9.00618750161
1 2.8 0.04 9.00619655308

0 2.84 0.04 9.00626845765
1 2.84 0.04 9.00624906572

0 2.88 0.04 9.00972061687
1 2.88 0.04 9.00971899492

0 2.92 0.04 9.01576441713
1 2.92 0.04 9.01576025911

0 2.96 0.04 9.02116421561
1 2.96 0.04 9.02117141483

0 3 0.04 9.02514837419
1 3 0.04 9.02514842517

0 3.04 0.04 9.02853467467
1 3.04 0.04 9.02853096066

0 3.08 0.04 9.03145799134
1 3.08 0.04 9.03136657558

0 3.12 0.04 9.03518653589
1 3.12 0.04 9.0353079882

0 3.16 0.04 9.04340691027
1 3.16 0.04 9.04327341474

0 3.2 0.04 9.05634886535
1 3.2 0.04 9.05638994855

0 3.24 0.04 9.07155131518
1 3.24 0.04 9.07149797422

0 3.28 0.04 9.09217741965
1 3.28 0.04 9.09245901116

0 3.32 0.04 9.11209636424
1 3.32 0.04 9.1117389561

0 3.36 0.04 9.13310506128
1 3.36 0.04 9.13314947859

0 3.4 0.04 9.15259458835
1 3.4 0.04 9.15274182132

0 3.44 0.04 9.17192485992
1 3.44 0.04 9.1719924987

0 3.48 0.04 9.19021416076
1 3.48 0.04 9.18990019448

0 3.52 0.04 9.2084530927
1 3.52 0.04 9.20863588875

0 3.56 0.04 9.22608643492
1 3.56 0.04 9.22630611316

0 3.6 0.04 9.24098706563
1 3.6 0.04 9.24076369643

0 3.64 0.04 9.25308880557
1 3.64 0.04 9.25347372874

0 3.68 0.04 9.26251400679
1 3.68 0.04 9.26213358107

0 3.72 0.04 9.26896685603
1 3.72 0.04 9.26862295995

0 3.76 0.04 9.27291382445
1 3.76 0.04 9.27350564663

0 3.8 0.04 9.27965739371
1 3.8 0.04 9.27908440036

0 3.84 0.04 9.28733476867
1 3.84 0.04 9.28745066215

0 3.88 0.04 9.29896526071
1 3.88 0.04 9.29926373434

0 3.92 0.04 9.31270458378
1 3.92 0.04 9.31273581592

0 3.96 0.04 9.33013738879
1 3.96 0.04 9.32962246652

0 4 0.04 9.34929743916
1 4 0.04 9.34983833176

0 4.04 0.04 9.36771283503
1 4.04 0.04 9.36778483843

0 4.08 0.04 9.38767962419
1 4.08 0.04 9.38744975459

0 4.12 0.04 9.4049057527
1 4.12 0.04 9.40531487643

0 4.16 0.04 9.41920128158
1 4.16 0.04 9.41916948553

0 4.2 0.04 9.42756986677
1 4.2 0.04 9.42724043533

0 4.24 0.04 9.42907247825
1 4.24 0.04 9.4292858317

0 4.28 0.04 9.4171352748
1 4.28 0.04 9.4169727175

0 4.32 0.04 9.39840787097
1 4.32 0.04 9.3986085008

0 4.36 0.04 9.36602303377
1 4.36 0.04 9.36594829954

0 4.4 0.04 9.32815163523
1 4.4 0.04 9.32819259046

0 4.44 0.04 9.28514549233
1 4.44 0.04 9.28523225726

0 4.48 0.04 9.23895432222
1 4.48 0.04 9.23900875164

0 4.52 0.04 9.19452592978
1 4.52 0.04 9.19436874577

0 4.56 0.04 9.15125613559
1 4.56 0.04 9.1513380531

0 4.6 0.04 9.11363103898
1 4.6 0.04 9.11362067538

0 4.64 0.04 9.08159812236
1 4.64 0.04 9.08159339157

0 4.68 0.04 9.05963645129
1 4.68 0.04 9.05966560391

0 4.72 0.04 9.04892608796
1 4.72 0.04 9.04887475049

0 4.76 0.04 9.05160690055
1 4.76 0.04 9.05155036629

0 4.8 0.04 9.06714404322
1 4.8 0.04 9.06714089068

0 4.84 0.04 9.09470626937
1 4.84 0.04 9.0947249772

0 4.88 0.04 9.13004851343
1 4.88 0.04 9.13035837557

0 4.92 0.04 9.16856151464
1 4.92 0.04 9.16844838185

0 4.96 0.04 9.20696178834
1 4.96 0.04 9.20711993501

0 5 0.04 9.24274510891
1 5 0.04 9.2423638891

0 5.04 0.04 9.27473631342
1 5.04 0.04 9.27551681066

0 5.08 0.04 9.30410198253
1 5.08 0.04 9.30380708169

0 5.12 0.04 9.32742433404
1 5.12 0.04 9.32750029136

0 5.16 0.04 9.34589207993
1 5.16 0.04 9.34522591839

