#Turbine    Time(s)    dt(s)    rotor axial force (N)
0 0 0.04 0
1 0 0.04 0

0 0.04 0.04 391280.178699
1 0.04 0.04 391280.178699

0 0.08 0.04 299904.543612
1 0.08 0.04 299904.136929

0 0.12 0.04 323777.440537
1 0.12 0.04 323777.678862

0 0.16 0.04 295926.685162
1 0.16 0.04 295926.299272

0 0.2 0.04 290550.464699
1 0.2 0.04 290550.475624

0 0.24 0.04 284709.725373
1 0.24 0.04 284708.566227

0 0.28 0.04 278802.751238
1 0.28 0.04 278803.375033

0 0.32 0.04 282465.317941
1 0.32 0.04 282465.667129

0 0.36 0.04 286447.267536
1 0.36 0.04 286446.682155

0 0.4 0.04 291959.948563
1 0.4 0.04 291959.986983

0 0.44 0.04 308753.934893
1 0.44 0.04 308754.627946

0 0.48 0.04 318209.840156
1 0.48 0.04 318208.524506

0 0.52 0.04 337904.806272
1 0.52 0.04 337905.218582

0 0.56 0.04 357238.343692
1 0.56 0.04 357238.437902

0 0.6 0.04 371097.864669
1 0.6 0.04 371098.020225

0 0.64 0.04 393470.634957
1 0.64 0.04 393470.531466

0 0.68 0.04 410357.565392
1 0.68 0.04 410357.701774

0 0.72 0.04 423649.40293
1 0.72 0.04 423649.405257

0 0.76 0.04 439391.663566
1 0.76 0.04 439391.806946

0 0.8 0.04 448353.58688
1 0.8 0.04 448353.318334

0 0.84 0.04 460502.529224
1 0.84 0.04 460502.787687

0 0.88 0.04 462027.780877
1 0.88 0.04 462028.095217

0 0.92 0.04 468648.386544
1 0.92 0.04 468648.707099

0 0.96 0.04 467837.918051
1 0.96 0.04 467838.412026

0 1 0.04 473280.093731
1 1 0.04 473279.453134

0 1.04 0.04 462473.622189
1 1.04 0.04 462474.317525

0 1.08 0.04 468315.646532
1 1.08 0.04 468316.096727

0 1.12 0.04 466271.28503
1 1.12 0.04 466271.142739

0 1.16 0.04 459284.355794
1 1.16 0.04 459286.25729

0 1.2 0.04 465541.091728
1 1.2 0.04 465540.832522

0 1.24 0.04 461478.138628
1 1.24 0.04 461478.353991

0 1.28 0.04 453899.814459
1 1.28 0.04 453901.349956

0 1.32 0.04 459552.442861
1 1.32 0.04 459552.449222

0 1.36 0.04 452522.690032
1 1.36 0.04 452523.963334

0 1.4 0.04 450037.581615
1 1.4 0.04 450037.438856

0 1.44 0.04 456547.164862
1 1.44 0.04 456548.311984

0 1.48 0.04 442512.850601
1 1.48 0.04 442513.125679

0 1.52 0.04 452881.986552
1 1.52 0.04 452882.713884

0 1.56 0.04 449458.20784
1 1.56 0.04 449459.896468

0 1.6 0.04 445790.490218
1 1.6 0.04 445790.273652

0 1.64 0.04 453803.252561
1 1.64 0.04 453803.262694

0 1.68 0.04 449117.566334
1 1.68 0.04 449117.651814

0 1.72 0.04 455834.771571
1 1.72 0.04 455834.798244

0 1.76 0.04 455594.952485
1 1.76 0.04 455593.397695

0 1.8 0.04 458908.858878
1 1.8 0.04 458910.427375

0 1.84 0.04 460276.813116
1 1.84 0.04 460276.059892

0 1.88 0.04 464881.811616
1 1.88 0.04 464882.384425

0 1.92 0.04 466168.493116
1 1.92 0.04 466166.707621

0 1.96 0.04 467162.930009
1 1.96 0.04 467162.372931

0 2 0.04 472002.263598
1 2 0.04 471999.920528

0 2.04 0.04 470135.921104
1 2.04 0.04 470133.10323

0 2.08 0.04 480212.304369
1 2.08 0.04 480208.092975

0 2.12 0.04 471287.430311
1 2.12 0.04 471288.020238

0 2.16 0.04 479135.313069
1 2.16 0.04 479131.495742

0 2.2 0.04 481641.880638
1 2.2 0.04 481638.646903

0 2.24 0.04 479813.976177
1 2.24 0.04 479810.782086

0 2.28 0.04 484706.954994
1 2.28 0.04 484706.128443

0 2.32 0.04 487320.3085
1 2.32 0.04 487314.706645

0 2.36 0.04 484826.397854
1 2.36 0.04 484822.773026

0 2.4 0.04 491155.773575
1 2.4 0.04 491148.477454

0 2.44 0.04 490125.980982
1 2.44 0.04 490124.007663

0 2.48 0.04 492910.460134
1 2.48 0.04 492905.686984

0 2.52 0.04 493888.94438
1 2.52 0.04 493885.90411

0 2.56 0.04 490999.001091
1 2.56 0.04 490994.315931

0 2.6 0.04 490496.364543
1 2.6 0.04 490490.486347

0 2.64 0.04 495962.519184
1 2.64 0.04 495958.722984

0 2.68 0.04 483769.83248
1 2.68 0.04 483762.544118

0 2.72 0.04 486765.768614
1 2.72 0.04 486758.391172

0 2.76 0.04 485803.372902
1 2.76 0.04 485801.176568

0 2.8 0.04 479057.467617
1 2.8 0.04 479049.708937

0 2.84 0.04 479348.419023
1 2.84 0.04 479342.78884

0 2.88 0.04 477553.485804
1 2.88 0.04 477545.321478

0 2.92 0.04 468639.210843
1 2.92 0.04 468633.363784

0 2.96 0.04 471371.233009
1 2.96 0.04 471364.08355

0 3 0.04 464565.245998
1 3 0.04 464557.624566

0 3.04 0.04 464279.54063
1 3.04 0.04 464272.008581

0 3.08 0.04 459801.313711
1 3.08 0.04 459793.716994

0 3.12 0.04 454867.246277
1 3.12 0.04 454861.549102

0 3.16 0.04 455819.730499
1 3.16 0.04 455809.927686

0 3.2 0.04 448213.087797
1 3.2 0.04 448204.662654

0 3.24 0.04 449622.614944
1 3.24 0.04 450335.345861

0 3.28 0.04 447067.473007
1 3.28 0.04 445782.073183

0 3.32 0.04 444194.200383
1 3.32 0.04 445000.337994

0 3.36 0.04 447404.499972
1 3.36 0.04 447012.220488

0 3.4 0.04 448991.829034
1 3.4 0.04 449170.149685

0 3.44 0.04 443312.83525
1 3.44 0.04 443218.673483

0 3.48 0.04 445491.506832
1 3.48 0.04 445526.037592

0 3.52 0.04 445110.618246
1 3.52 0.04 445082.424308

0 3.56 0.04 440695.74422
1 3.56 0.04 440699.746563

0 3.6 0.04 443965.395402
1 3.6 0.04 443947.687829

0 3.64 0.04 436889.881563
1 3.64 0.04 436885.882813

0 3.68 0.04 436531.940783
1 3.68 0.04 436519.24295

0 3.72 0.04 437394.832588
1 3.72 0.04 437379.718435

0 3.76 0.04 429119.055556
1 3.76 0.04 429114.801855

0 3.8 0.04 432024.091988
1 3.8 0.04 432011.741852

0 3.84 0.04 428290.479331
1 3.84 0.04 428277.164802

0 3.88 0.04 421315.036922
1 3.88 0.04 421293.868917

0 3.92 0.04 428231.2197
1 3.92 0.04 428226.917194

0 3.96 0.04 422193.567148
1 3.96 0.04 422184.000612

0 4 0.04 416454.52949
1 4 0.04 416445.321839

0 4.04 0.04 423557.113224
1 4.04 0.04 423543.661048

0 4.08 0.04 417333.317208
1 4.08 0.04 417321.183745

0 4.12 0.04 421356.642791
1 4.12 0.04 421344.83124

0 4.16 0.04 415288.437913
1 4.16 0.04 415278.000208

0 4.2 0.04 420670.123868
1 4.2 0.04 420656.436682

0 4.24 0.04 421081.354979
1 4.24 0.04 421072.324361

0 4.28 0.04 421551.667967
1 4.28 0.04 421537.236357

0 4.32 0.04 420215.131165
1 4.32 0.04 420207.324785

0 4.36 0.04 423130.011155
1 4.36 0.04 423117.383214

0 4.4 0.04 427593.489503
1 4.4 0.04 427583.870137

0 4.44 0.04 422466.381139
1 4.44 0.04 422455.291997

0 4.48 0.04 428913.841728
1 4.48 0.04 428906.353649

0 4.52 0.04 426652.538011
1 4.52 0.04 426638.230642

0 4.56 0.04 425742.995208
1 4.56 0.04 425728.719081

0 4.6 0.04 431202.992775
1 4.6 0.04 431190.763523

0 4.64 0.04 427666.381423
1 4.64 0.04 427655.58227

0 4.68 0.04 430970.021176
1 4.68 0.04 430958.874984

0 4.72 0.04 429781.723013
1 4.72 0.04 429763.873784

0 4.76 0.04 429523.271336
1 4.76 0.04 429516.979208

0 4.8 0.04 432942.759665
1 4.8 0.04 432932.89958

0 4.84 0.04 430421.058039
1 4.84 0.04 430399.701319

0 4.88 0.04 429658.146289
1 4.88 0.04 429647.078143

0 4.92 0.04 435420.709977
1 4.92 0.04 435406.733337

0 4.96 0.04 428356.994635
1 4.96 0.04 428349.582005

0 5 0.04 435212.184532
1 5 0.04 435196.621829

0 5.04 0.04 438580.529467
1 5.04 0.04 438568.056756

0 5.08 0.04 432617.926051
1 5.08 0.04 432603.18135

0 5.12 0.04 437018.091379
1 5.12 0.04 437005.928323

0 5.16 0.04 441895.57213
1 5.16 0.04 441882.168275

