#Turbine    Time(s)    dt(s)    rotor torque (N-m)
0 0 0.04 0
1 0 0.04 0

0 0.04 0.04 3449445.12009
1 0.04 0.04 3449445.12211

0 0.08 0.04 2642337.85049
1 0.08 0.04 2642336.21753

0 0.12 0.04 2236255.34814
1 0.12 0.04 2236255.40419

0 0.16 0.04 1761328.03932
1 0.16 0.04 1761325.40873

0 0.2 0.04 1484238.01757
1 0.2 0.04 1484237.14732

0 0.24 0.04 1309395.74282
1 0.24 0.04 1309390.80236

0 0.28 0.04 1200517.02962
1 0.28 0.04 1200519.01054

0 0.32 0.04 1167783.72272
1 0.32 0.04 1167784.42274

0 0.36 0.04 1165473.5985
1 0.36 0.04 1165470.92984

0 0.4 0.04 1191622.3951
1 0.4 0.04 1191621.61549

0 0.44 0.04 1275239.20767
1 0.44 0.04 1275241.10679

0 0.48 0.04 1356609.29306
1 0.48 0.04 1356604.39844

0 0.52 0.04 1497755.46487
1 0.52 0.04 1497756.04194

0 0.56 0.04 1665604.3769
1 0.56 0.04 1665604.28036

0 0.6 0.04 1844834.70662
1 0.6 0.04 1844834.68826

0 0.64 0.04 2075572.57839
1 0.64 0.04 2075571.46261

0 0.68 0.04 2302741.34377
1 0.68 0.04 2302741.29413

0 0.72 0.04 2528174.55713
1 0.72 0.04 2528173.81142

0 0.76 0.04 2752531.17348
1 0.76 0.04 2752531.56708

0 0.8 0.04 2940636.50201
1 0.8 0.04 2940635.30677

0 0.84 0.04 3117421.95826
1 0.84 0.04 3117422.25062

0 0.88 0.04 3229632.51324
1 0.88 0.04 3229633.00341

0 0.92 0.04 3332202.44599
1 0.92 0.04 3332203.10517

0 0.96 0.04 3374022.97168
1 0.96 0.04 3374023.98722

0 1 0.04 3405722.31259
1 1 0.04 3405719.13696

0 1.04 0.04 3362390.42916
1 1.04 0.04 3362392.03053

0 1.08 0.04 3359911.4254
1 1.08 0.04 3359912.60031

0 1.12 0.04 3330231.49233
1 1.12 0.04 3330231.55949

0 1.16 0.04 3290054.61869
1 1.16 0.04 3290061.20312

0 1.2 0.04 3290480.6719
1 1.2 0.04 3290479.90073

0 1.24 0.04 3253195.2953
1 1.24 0.04 3253196.54481

0 1.28 0.04 3202088.67083
1 1.28 0.04 3202094.42223

0 1.32 0.04 3186735.02445
1 1.32 0.04 3186735.62375

0 1.36 0.04 3128543.49015
1 1.36 0.04 3128549.20969

0 1.4 0.04 3087395.64426
1 1.4 0.04 3087396.14303

0 1.44 0.04 3076442.55487
1 1.44 0.04 3076447.48733

0 1.48 0.04 3004494.23856
1 1.48 0.04 3004497.08581

0 1.52 0.04 3017411.39113
1 1.52 0.04 3017417.11277

0 1.56 0.04 2991836.52019
1 1.56 0.04 2991845.71911

0 1.6 0.04 2975309.3132
1 1.6 0.04 2975312.25676

0 1.64 0.04 3002155.83427
1 1.64 0.04 3002159.85749

0 1.68 0.04 2995296.70319
1 1.68 0.04 2995301.34101

0 1.72 0.04 3032597.97562
1 1.72 0.04 3032602.17056

0 1.76 0.04 3051041.40353
1 1.76 0.04 3051041.77435

0 1.8 0.04 3088885.91307
1 1.8 0.04 3088895.39151

0 1.84 0.04 3120891.54597
1 1.84 0.04 3120893.69252

0 1.88 0.04 3168800.2428
1 1.88 0.04 3168805.92708

0 1.92 0.04 3208227.63735
1 1.92 0.04 3208223.21642

0 1.96 0.04 3246795.35052
1 1.96 0.04 3246792.57593

0 2 0.04 3297252.05428
1 2 0.04 3297240.75159

0 2.04 0.04 3323747.1637
1 2.04 0.04 3323729.89871

0 2.08 0.04 3389537.26681
1 2.08 0.04 3389511.30016

0 2.12 0.04 3392449.67297
1 2.12 0.04 3392434.57099

0 2.16 0.04 3451026.22291
1 2.16 0.04 3450993.00717

0 2.2 0.04 3494103.30364
1 2.2 0.04 3494069.00012

0 2.24 0.04 3524152.98419
1 2.24 0.04 3524118.98759

0 2.28 0.04 3573955.96435
1 2.28 0.04 3573930.21754

0 2.32 0.04 3613784.7243
1 2.32 0.04 3613739.66692

0 2.36 0.04 3630799.04837
1 2.36 0.04 3630755.51322

0 2.4 0.04 3670501.86219
1 2.4 0.04 3670440.21003

0 2.44 0.04 3684814.59558
1 2.44 0.04 3684770.98315

0 2.48 0.04 3708172.40555
1 2.48 0.04 3708116.16841

0 2.52 0.04 3715461.02343
1 2.52 0.04 3715413.81153

0 2.56 0.04 3703367.73948
1 2.56 0.04 3703316.62288

0 2.6 0.04 3691406.12138
1 2.6 0.04 3691344.982

0 2.64 0.04 3690126.44896
1 2.64 0.04 3690069.45835

0 2.68 0.04 3623621.90184
1 2.68 0.04 3623548.86476

0 2.72 0.04 3601376.88144
1 2.72 0.04 3601300.51332

0 2.76 0.04 3561130.17462
1 2.76 0.04 3561071.98016

0 2.8 0.04 3501847.41792
1 2.8 0.04 3501764.74383

0 2.84 0.04 3463766.1098
1 2.84 0.04 3463680.00073

0 2.88 0.04 3419489.76296
1 2.88 0.04 3419400.48905

0 2.92 0.04 3356709.79111
1 2.92 0.04 3356627.78806

0 2.96 0.04 3330004.11497
1 2.96 0.04 3329917.4548

0 3 0.04 3277447.78241
1 3 0.04 3277354.76233

0 3.04 0.04 3247619.5354
1 3.04 0.04 3247525.54381

0 3.08 0.04 3203463.9629
1 3.08 0.04 3203369.58383

0 3.12 0.04 3159860.54121
1 3.12 0.04 3159770.32595

0 3.16 0.04 3131016.59358
1 3.16 0.04 3130913.08613

0 3.2 0.04 3074287.14931
1 3.2 0.04 3074187.20708

0 3.24 0.04 3045136.61746
1 3.24 0.04 3047054.36082

0 3.28 0.04 3009088.49509
1 3.28 0.04 3005302.7022

0 3.32 0.04 2983285.7687
1 3.32 0.04 2985662.0342

0 3.36 0.04 2986181.49087
1 3.36 0.04 2984871.67582

0 3.4 0.04 2987768.88434
1 3.4 0.04 2988266.80792

0 3.44 0.04 2969175.52119
1 3.44 0.04 2968802.20078

0 3.48 0.04 2968055.74308
1 3.48 0.04 2968093.35559

0 3.52 0.04 2952438.05529
1 3.52 0.04 2952275.10015

0 3.56 0.04 2921801.33698
1 3.56 0.04 2921740.20348

0 3.6 0.04 2912093.04917
1 3.6 0.04 2911961.91388

0 3.64 0.04 2866534.16277
1 3.64 0.04 2866457.23656

0 3.68 0.04 2841161.18637
1 3.68 0.04 2841052.18477

0 3.72 0.04 2818980.00587
1 3.72 0.04 2818858.53908

0 3.76 0.04 2767957.65198
1 3.76 0.04 2767869.47707

0 3.8 0.04 2753852.86596
1 3.8 0.04 2753742.01512

0 3.84 0.04 2721005.27786
1 3.84 0.04 2720891.98029

0 3.88 0.04 2681687.27804
1 3.88 0.04 2681532.48982

0 3.92 0.04 2690084.39167
1 3.92 0.04 2689977.07072

0 3.96 0.04 2659418.48178
1 3.96 0.04 2659306.62612

0 4 0.04 2636060.72203
1 4 0.04 2635950.67997

0 4.04 0.04 2652996.7141
1 4.04 0.04 2652872.21431

0 4.08 0.04 2632265.06596
1 4.08 0.04 2632141.08845

0 4.12 0.04 2645819.37691
1 4.12 0.04 2645694.42898

0 4.16 0.04 2627177.76483
1 4.16 0.04 2627055.97769

0 4.2 0.04 2646528.85282
1 4.2 0.04 2646395.93787

0 4.24 0.04 2651242.37422
1 4.24 0.04 2651125.07466

0 4.28 0.04 2655462.53445
1 4.28 0.04 2655328.0808

0 4.32 0.04 2654373.20057
1 4.32 0.04 2654263.27221

0 4.36 0.04 2669286.31429
1 4.36 0.04 2669162.90817

0 4.4 0.04 2688660.07693
1 4.4 0.04 2688550.57148

0 4.44 0.04 2674845.08199
1 4.44 0.04 2674735.36555

0 4.48 0.04 2697819.54466
1 4.48 0.04 2697719.23775

0 4.52 0.04 2690027.99425
1 4.52 0.04 2689897.46446

0 4.56 0.04 2683876.04154
1 4.56 0.04 2683733.18554

0 4.6 0.04 2699563.55123
1 4.6 0.04 2699421.38792

0 4.64 0.04 2686368.95801
1 4.64 0.04 2686228.44966

0 4.68 0.04 2698225.13383
1 4.68 0.04 2698081.8019

0 4.72 0.04 2696590.98622
1 4.72 0.04 2696418.80898

0 4.76 0.04 2701420.97784
1 4.76 0.04 2701296.39847

0 4.8 0.04 2717582.02234
1 4.8 0.04 2717440.62008

0 4.84 0.04 2719366.87747
1 4.84 0.04 2719183.8827

0 4.88 0.04 2728021.55346
1 4.88 0.04 2727875.49323

0 4.92 0.04 2760487.20527
1 4.92 0.04 2760330.25574

0 4.96 0.04 2754437.34851
1 4.96 0.04 2754304.12374

0 5 0.04 2792031.61513
1 5 0.04 2791869.85784

0 5.04 0.04 2820513.06563
1 5.04 0.04 2820363.34212

0 5.08 0.04 2820284.43647
1 5.08 0.04 2820126.20416

0 5.12 0.04 2850801.59445
1 5.12 0.04 2850652.96111

0 5.16 0.04 2883420.02812
1 5.16 0.04 2883265.61456

