#Turbine    Time(s)    dt(s)    rotor power (W)
0 0 0.04 0
1 0 0.04 0

0 0.04 0.04 3307039.70363
1 0.04 0.04 3307074.9835

0 0.08 0.04 2535949.68572
1 0.08 0.04 2535966.34389

0 0.12 0.04 2146453.06917
1 0.12 0.04 2146410.53493

0 0.16 0.04 1688582.92003
1 0.16 0.04 1688589.40964

0 0.2 0.04 1420108.41198
1 0.2 0.04 1420114.61713

0 0.24 0.04 1250117.04616
1 0.24 0.04 1250108.73071

0 0.28 0.04 1144253.67116
1 0.28 0.04 1144258.04839

0 0.32 0.04 1111967.75693
1 0.32 0.04 1111976.94296

0 0.36 0.04 1109655.66602
1 0.36 0.04 1109650.56183

0 0.4 0.04 1134830.99971
1 0.4 0.04 1134831.03781

0 0.44 0.04 1214849.62988
1 0.44 0.04 1214849.60209

0 0.48 0.04 1292463.40435
1 0.48 0.04 1292466.95487

0 0.52 0.04 1426701.61114
1 0.52 0.04 1426692.34278

0 0.56 0.04 1586327.60255
1 0.56 0.04 1586331.39834

0 0.6 0.04 1756989.55294
1 0.6 0.04 1757000.98391

0 0.64 0.04 1977450.61715
1 0.64 0.04 1977420.86356

0 0.68 0.04 2194736.5452
1 0.68 0.04 2194805.84629

0 0.72 0.04 2410073.57081
1 0.72 0.04 2409952.36395

0 0.76 0.04 2623022.40713
1 0.76 0.04 2623140.27333

0 0.8 0.04 2798984.30316
1 0.8 0.04 2799037.26784

0 0.84 0.04 2961144.68961
1 0.84 0.04 2961018.93857

0 0.88 0.04 3058477.51556
1 0.88 0.04 3058604.85131

0 0.92 0.04 3145975.79461
1 0.92 0.04 3145751.87004

0 0.96 0.04 3176188.60448
1 0.96 0.04 3176352.49418

0 1 0.04 3198077.98512
1 1 0.04 3198017.78967

0 1.04 0.04 3153565.85224
1 1.04 0.04 3153716.8366

0 1.08 0.04 3150221.54389
1 1.08 0.04 3150124.81731

0 1.12 0.04 3124963.69265
1 1.12 0.04 3124810.66071

0 1.16 0.04 3093331.02978
1 1.16 0.04 3093508.40423

0 1.2 0.04 3101396.91078
1 1.2 0.04 3101402.21698

0 1.24 0.04 3076652.43893
1 1.24 0.04 3076700.12625

0 1.28 0.04 3038152.57741
1 1.28 0.04 3037949.15206

0 1.32 0.04 3034907.90831
1 1.32 0.04 3034903.89521

0 1.36 0.04 2989089.87423
1 1.36 0.04 2989200.29295

0 1.4 0.04 2958375.06998
1 1.4 0.04 2958308.07304

0 1.44 0.04 2954578.35204
1 1.44 0.04 2954664.51506

0 1.48 0.04 2889823.66854
1 1.48 0.04 2889734.72157

0 1.52 0.04 2903552.77559
1 1.52 0.04 2903563.34303

0 1.56 0.04 2876856.52843
1 1.56 0.04 2876951.39891

0 1.6 0.04 2856544.75291
1 1.6 0.04 2856459.98133

0 1.64 0.04 2873982.34424
1 1.64 0.04 2874086.13622

0 1.68 0.04 2858061.75296
1 1.68 0.04 2858051.21918

0 1.72 0.04 2882488.24349
1 1.72 0.04 2882487.15576

0 1.76 0.04 2889887.13561
1 1.76 0.04 2889897.32748

0 1.8 0.04 2916984.79373
1 1.8 0.04 2916985.06318

0 1.84 0.04 2941549.07794
1 1.84 0.04 2941554.12797

0 1.88 0.04 2983836.20658
1 1.88 0.04 2983838.48072

0 1.92 0.04 3020820.66753
1 1.92 0.04 3020819.64311

0 1.96 0.04 3059512.96474
1 1.96 0.04 3059514.91489

0 2 0.04 3110455.03458
1 2 0.04 3110437.13804

0 2.04 0.04 3140175.62566
1 2.04 0.04 3140161.15188

0 2.08 0.04 3207673.25062
1 2.08 0.04 3207654.582

0 2.12 0.04 3217234.86069
1 2.12 0.04 3217186.0464

0 2.16 0.04 3279602.70952
1 2.16 0.04 3279569.08267

0 2.2 0.04 3327884.97917
1 2.2 0.04 3327899.13926

0 2.24 0.04 3362625.83039
1 2.24 0.04 3362581.81619

0 2.28 0.04 3414387.24342
1 2.28 0.04 3414320.38148

0 2.32 0.04 3453313.0587
1 2.32 0.04 3453250.33372

0 2.36 0.04 3467810.18014
1 2.36 0.04 3467809.27825

0 2.4 0.04 3500824.11226
1 2.4 0.04 3500767.63587

0 2.44 0.04 3508419.15994
1 2.44 0.04 3508384.92454

0 2.48 0.04 3523835.43969
1 2.48 0.04 3523738.72131

0 2.52 0.04 3524774.79097
1 2.52 0.04 3524778.36037

0 2.56 0.04 3508748.63916
1 2.56 0.04 3508690.68473

0 2.6 0.04 3493628.37291
1 2.6 0.04 3493574.71941

0 2.64 0.04 3489254.18338
1 2.64 0.04 3489221.33577

0 2.68 0.04 3423398.73772
1 2.68 0.04 3423290.64212

0 2.72 0.04 3399660.57503
1 2.72 0.04 3399624.53821

0 2.76 0.04 3359375.2496
1 2.76 0.04 3359319.05738

0 2.8 0.04 3302682.47147
1 2.8 0.04 3302607.81861

0 2.84 0.04 3266796.37396
1 2.84 0.04 3266708.12779

0 2.88 0.04 3226274.01302
1 2.88 0.04 3226189.20269

0 2.92 0.04 3169165.85659
1 2.92 0.04 3169086.9736

0 2.96 0.04 3145835.26554
1 2.96 0.04 3145755.90862

0 3 0.04 3097553.02498
1 3 0.04 3097465.12815

0 3.04 0.04 3070513.65751
1 3.04 0.04 3070423.52861

0 3.08 0.04 3029746.74089
1 3.08 0.04 3029626.81382

0 3.12 0.04 2989741.61725
1 3.12 0.04 2989696.44636

0 3.16 0.04 2965145.84555
1 3.16 0.04 2965004.05261

0 3.2 0.04 2915588.25166
1 3.2 0.04 2915506.69443

0 3.24 0.04 2892790.35787
1 3.24 0.04 2894595.13735

0 3.28 0.04 2865045.21289
1 3.28 0.04 2861529.26461

0 3.32 0.04 2846700.50438
1 3.32 0.04 2848856.22968

0 3.36 0.04 2856033.326
1 3.36 0.04 2854794.48099

0 3.4 0.04 2863649.38791
1 3.4 0.04 2864172.70018

0 3.44 0.04 2851838.82733
1 3.44 0.04 2851501.28827

0 3.48 0.04 2856447.87296
1 3.48 0.04 2856386.48476

0 3.52 0.04 2847056.54472
1 3.52 0.04 2846955.91945

0 3.56 0.04 2822908.62361
1 3.56 0.04 2822916.77288

0 3.6 0.04 2818072.92928
1 3.6 0.04 2817877.91364

0 3.64 0.04 2777617.69517
1 3.64 0.04 2777658.69931

0 3.68 0.04 2755835.99783
1 3.68 0.04 2755617.08766

0 3.72 0.04 2736225.85792
1 3.72 0.04 2736006.44217

0 3.76 0.04 2687845.387
1 3.76 0.04 2687931.30414

0 3.8 0.04 2676093.56144
1 3.8 0.04 2675820.60587

0 3.84 0.04 2646361.09021
1 3.84 0.04 2646283.92235

0 3.88 0.04 2611387.82477
1 3.88 0.04 2611320.90848

0 3.92 0.04 2623435.24685
1 3.92 0.04 2623339.38277

0 3.96 0.04 2598384.03668
1 3.96 0.04 2598131.35158

0 4 0.04 2580851.43102
1 4 0.04 2580892.99955

0 4.04 0.04 2602548.90477
1 4.04 0.04 2602446.77553

0 4.08 0.04 2587715.32582
1 4.08 0.04 2587530.08597

0 4.12 0.04 2605813.07279
1 4.12 0.04 2605803.36452

0 4.16 0.04 2591386.28147
1 4.16 0.04 2591257.40626

0 4.2 0.04 2612793.04093
1 4.2 0.04 2612570.52496

0 4.24 0.04 2617863.65939
1 4.24 0.04 2617807.06889

0 4.28 0.04 2618711.19826
1 4.28 0.04 2618533.4039

0 4.32 0.04 2612431.37202
1 4.32 0.04 2612378.94647

0 4.36 0.04 2618056.40651
1 4.36 0.04 2617914.47958

0 4.4 0.04 2626395.42805
1 4.4 0.04 2626299.98926

0 4.44 0.04 2600853.95121
1 4.44 0.04 2600771.57238

0 4.48 0.04 2610143.1995
1 4.48 0.04 2610061.52902

0 4.52 0.04 2590089.42946
1 4.52 0.04 2589919.47261

0 4.56 0.04 2572004.84584
1 4.56 0.04 2571890.96655

0 4.6 0.04 2576401.932
1 4.6 0.04 2576263.32497

0 4.64 0.04 2554797.94418
1 4.64 0.04 2554662.98677

0 4.68 0.04 2559868.00256
1 4.68 0.04 2559740.25713

0 4.72 0.04 2555293.1889
1 4.72 0.04 2555115.53744

0 4.76 0.04 2560628.47618
1 4.76 0.04 2560494.39727

0 4.8 0.04 2580368.87065
1 4.8 0.04 2580233.71079

0 4.84 0.04 2589912.54149
1 4.84 0.04 2589743.5852

0 4.88 0.04 2608251.70794
1 4.88 0.04 2608200.57625

0 4.92 0.04 2650425.24601
1 4.92 0.04 2650241.85185

0 4.96 0.04 2655692.92869
1 4.96 0.04 2655610.09418

0 5 0.04 2702401.82862
1 5 0.04 2702133.80913

0 5.04 0.04 2739417.99985
1 5.04 0.04 2739503.09928

0 5.08 0.04 2747868.78611
1 5.08 0.04 2747627.52571

0 5.12 0.04 2784564.90752
1 5.12 0.04 2784442.40235

0 5.16 0.04 2822001.82627
1 5.16 0.04 2821649.56439

