#Turbine    Time(s)    dt(s)    Vaxial (m/s)
0 0 0.04 8 8 8 8 8 8 8 8 8 8 8 8 
1 0 0.04 8 8 8 8 8 8 8 8 8 8 8 8 

0 0.04 0.04 7.99999999974 7.99999999974 7.99999999974 7.99999999974 7.99999999974 7.99999999974 7.99999999974 7.99999999974 7.99999999974 7.99999999974 7.99999999974 7.99999999974 
1 0.04 0.04 7.99999999974 7.99999999974 7.99999999974 7.99999999974 7.99999999974 7.99999999974 7.99999999974 7.99999999974 7.99999999974 7.99999999974 7.99999999974 7.99999999974 

0 0.08 0.04 7.99479916979 7.98827806945 7.98892074519 7.99053833452 7.99223524491 7.99441070994 7.99739819562 8.00161755229 8.00739707969 8.01347330218 8.00783623028 8.01619065072 
1 0.08 0.04 7.99479914568 7.98827849853 7.98892147263 7.99053828875 7.99223523716 7.99441150119 7.99739821073 8.00161737086 8.00739648319 8.01347459412 8.00783616386 8.01619125251 

0 0.12 0.04 7.98937327222 7.97628162858 7.97746083196 7.98053406489 7.98366707764 7.98757535563 7.9927567437 7.9997136258 8.00863106377 8.01775655785 8.0057159657 8.02064464867 
1 0.12 0.04 7.98937322697 7.97628369652 7.97746181244 7.98053399496 7.98366706247 7.98757661282 7.99275678258 7.99971336016 8.0086302906 8.01775837041 8.00571585941 8.02064555505 

0 0.16 0.04 7.98397403255 7.96431963691 7.96604273572 7.97059380594 7.97522194391 7.9809858262 7.98862204804 7.99887061026 8.01206542354 8.02559153632 8.00761161151 8.03031563521 
1 0.16 0.04 7.98397396427 7.96432214351 7.96604379681 7.97059371371 7.97522192159 7.98098747001 7.98862213625 7.99887032997 8.01206448703 8.02559333983 8.00761160084 8.03031682156 

0 0.2 0.04 7.97855472353 7.95234678426 7.95460355783 7.96061957919 7.96673675452 7.97434519392 7.98440264354 7.99782183827 8.01497640949 8.03254740837 8.00871387754 8.03872220023 
1 0.2 0.04 7.97855462839 7.95234963437 7.95460461733 7.96061946241 7.96673672628 7.97434720195 7.98440279678 7.99782163008 8.014975426 8.03254951931 8.00871358854 8.03872326084 

0 0.24 0.04 7.97313923882 7.94040172563 7.94319825249 7.95069503717 7.95834217698 7.96786670445 7.98045881238 7.99720187029 8.01851063854 8.04007772835 8.01073490322 8.04838772362 
1 0.24 0.04 7.97313910965 7.94040487026 7.94319927959 7.95069490377 7.95834214961 7.96786906929 7.98045903934 7.99720158515 8.01850954207 8.04007939863 8.01073451968 8.04838886462 

0 0.28 0.04 7.96772679676 7.92849868457 7.93184619815 7.94084953084 7.95008140082 7.96161548153 7.97688498535 7.99713605609 8.02279481863 8.04819204205 8.0137272097 8.05921433908 
1 0.28 0.04 7.96772663431 7.92850208407 7.93184714961 7.94084937858 7.95008137076 7.96161818201 7.97688522001 7.99713581621 8.02279369434 8.04819360604 8.01372660503 8.05921527544 

0 0.32 0.04 7.9623221253 7.91665073556 7.92056543206 7.93110903907 7.94198929848 7.95563678456 7.97372454867 7.99761858072 8.02765591719 8.05661025124 8.01704269924 8.07055803395 
1 0.32 0.04 7.962321924 7.91665434605 7.92056625893 7.93110886047 7.9419892559 7.95563981988 7.97372486391 7.99761830224 8.0276549462 8.05661058461 8.0170420865 8.07055893948 

0 0.36 0.04 7.95695238788 7.90489727868 7.90940884357 7.92154662268 7.93417189689 7.95008131613 7.97119040566 7.9989554726 8.03350671932 8.0651006786 8.02170925077 8.08359584031 
1 0.36 0.04 7.95695214624 7.90490105755 7.9094095405 7.92154642147 7.93417186415 7.95008467346 7.9711908395 7.99895530514 8.03350599624 8.06510030199 8.0217086727 8.08359693615 

0 0.4 0.04 7.95163581036 7.89326610556 7.89842110771 7.91222656741 7.92671951893 7.94506863229 7.96942077407 8.00126243237 8.04069145938 8.07338740009 8.02712131188 8.09791360717 
1 0.4 0.04 7.95163552475 7.89326999642 7.89842165398 7.91222634477 7.92671948451 7.94507231477 7.96942115923 8.00126237599 8.04069301566 8.07338659069 8.02712008907 8.09791415239 

0 0.44 0.04 7.94639292453 7.88180743334 7.8876419861 7.90320434333 7.91970489574 7.94067709943 7.96845752856 8.00413828268 8.04809281326 8.08111691204 8.03309408542 8.11284331119 
1 0.44 0.04 7.9463925932 7.88181137758 7.88764235143 7.90320409495 7.91970487018 7.94068102507 7.96845797463 8.00413574885 8.04809454881 8.08111739594 8.03309288351 8.11284386425 

0 0.48 0.04 7.94128158245 7.87059373818 7.87718097899 7.8946408314 7.91336078656 7.93722649296 7.96872034531 8.00868589095 8.05651227869 8.08788505913 8.04078927051 8.13005775903 
1 0.48 0.04 7.94128120614 7.87059769619 7.87718114989 7.89464057881 7.91336078459 7.93723061219 7.96872088343 8.00868360476 8.05651364176 8.08788482786 8.04078752509 8.13005819128 

0 0.52 0.04 7.93631403292 7.8596529145 7.86708745468 7.88660925894 7.90778042117 7.93479505755 7.97018284348 8.01438219362 8.06525743056 8.09195881894 8.04766778671 8.14744499971 
1 0.52 0.04 7.93631360005 7.85965681608 7.86708739421 7.88660896658 7.90778039885 7.93479944485 7.97018366814 8.0143800426 8.06525789055 8.09195907214 8.04766606901 8.14744502353 

0 0.56 0.04 7.9315396212 7.84906545945 7.85748631609 7.87929409679 7.90322152747 7.933697633 7.97316744359 8.02152190151 8.07421377748 8.0945508783 8.05593830365 8.16648277201 
1 0.56 0.04 7.93153913049 7.84906927695 7.85748600031 7.87929380505 7.90322156826 7.9337020981 7.97316840076 8.02151965785 8.0742134007 8.09454976395 8.05593608219 8.16648274131 

0 0.6 0.04 7.92699932599 7.83890386228 7.84850401156 7.87287513567 7.89992787458 7.93419619493 7.97786520439 8.0302427015 8.08262589609 8.09399982353 8.06542659858 8.18719409166 
1 0.6 0.04 7.92699877579 7.83890749498 7.84850342002 7.87287478369 7.89992793937 7.93420086002 7.97786610794 8.03024156679 8.08262577421 8.09399868171 8.0654241286 8.18719330452 

0 0.64 0.04 7.92272177533 7.82922773372 7.84023756513 7.86751771367 7.89810669286 7.93644598875 7.98422890261 8.0397858807 8.08934081375 8.09105853966 8.07511961077 8.20801987177 
1 0.64 0.04 7.92272116395 7.82923118366 7.84023669055 7.86751731493 7.89810658618 7.93645062312 7.98423009593 8.03978561039 8.08934083487 8.09105769574 8.07511702527 8.20801887673 

0 0.68 0.04 7.91876409752 7.82013801461 7.83285041879 7.86348461436 7.89808913199 7.94074226787 7.99239595818 8.04984051498 8.09344853734 8.08353003722 8.08573283727 8.23049006662 
1 0.68 0.04 7.91876342037 7.82014115587 7.83284931961 7.86348426204 7.89808902771 7.94074720628 7.99239663448 8.04983940912 8.09344786334 8.08352899561 8.08573013096 8.23048896564 

0 0.72 0.04 7.91516507226 7.81171657551 7.82648905931 7.86100812245 7.90011743496 7.94717187932 8.00156335535 8.05959430191 8.09212138945 8.06582217338 8.09616987616 8.25440967504 
1 0.72 0.04 7.91516432717 7.8117195026 7.82648767114 7.8610078275 7.90011728112 7.94717672639 8.00156447099 8.05959355888 8.09212186813 8.06582145554 8.09616634693 8.25440763589 

0 0.76 0.04 7.91194960596 7.8040280777 7.82129425802 7.86026309223 7.90423314429 7.95540161269 8.01190650028 8.06669522898 8.08564650649 8.05125986677 8.10843794856 8.2785256189 
1 0.76 0.04 7.91194879011 7.80403051217 7.82129265351 7.86026274388 7.90423289475 7.9554059749 8.01190717942 8.06669507569 8.08564626647 8.05125817004 8.10843423266 8.27852273622 

0 0.8 0.04 7.90916140386 7.79716576665 7.81742990691 7.86142025574 7.91029060396 7.96476993735 8.02115904681 8.06901718852 8.06864296488 8.02270232374 8.11967314586 8.30376945551 
1 0.8 0.04 7.90916051896 7.79716788743 7.81742800302 7.86141992129 7.91029055053 7.96477463581 8.02115988375 8.06901641698 8.06864131515 8.02270191879 8.11966904034 8.30376664394 

0 0.84 0.04 7.90680812668 7.79117194004 7.81498164455 7.86436050587 7.91729817082 7.97305367798 8.02577320405 8.06286624793 8.03873379141 7.98711616493 8.13195460134 8.32969450031 
1 0.84 0.04 7.90680717435 7.79117354125 7.81497940481 7.86436029687 7.91729815376 7.97305809098 8.02577573781 8.06286652392 8.03873303548 7.98711350551 8.13195012958 8.32969093452 

0 0.88 0.04 7.90491076229 7.78610792299 7.81403774126 7.86860029471 7.92261027051 7.97468516797 8.0199825862 8.04261356818 7.99756580892 7.95138314189 8.14567887176 8.35676388579 
1 0.88 0.04 7.90490975228 7.78610895706 7.81403524321 7.86859998872 7.92261080874 7.97468984861 8.01998204774 8.04261173824 7.99756426809 7.95138009504 8.14567476229 8.35675934313 

0 0.92 0.04 7.90347043015 7.78200874363 7.81460866627 7.87255692228 7.91865345264 7.96064813636 7.99504679244 8.00320216229 7.93824447594 7.90340973383 8.1585325541 8.38367517114 
1 0.92 0.04 7.90346936188 7.78200949283 7.81460576147 7.87255580335 7.91865355111 7.96065168671 7.9950473184 8.00320016899 7.9382453701 7.90340711967 8.15852785662 8.38367019237 

0 0.96 0.04 7.90247798521 7.77888325875 7.81660385978 7.87178853003 7.89158254807 7.91649550533 7.94056419562 7.94082048888 7.86200279468 7.84526965801 8.17200357364 8.41133022653 
1 0.96 0.04 7.90247687206 7.77888330183 7.81660089593 7.87178793201 7.89158136564 7.91649547525 7.94056595612 7.94081739539 7.86200453299 7.84526639688 8.17199865137 8.41132516102 

0 1 0.04 7.90188425631 7.77667600421 7.81978142232 7.85885285429 7.81958346337 7.82507790374 7.84712285318 7.85198862216 7.77182777975 7.7878517451 8.18567442058 8.43852414153 
1 1 0.04 7.90188310017 7.77667522791 7.81977829915 7.85885214632 7.81958149553 7.8250779661 7.84712356142 7.85198396683 7.7718312833 7.78784474585 8.18566843008 8.43851810391 

0 1.04 0.04 7.90165953758 7.77535472416 7.8238952133 7.82501046657 7.6825176173 7.67294764751 7.7108680364 7.73682179433 7.66334420961 7.7149968527 8.20030053847 8.46743485184 
1 1.04 0.04 7.90165834689 7.77535343135 7.82389100482 7.82501027916 7.68251607951 7.67294095291 7.7108675524 7.73681712576 7.66334810278 7.71498920493 8.20029453375 8.46742832635 

0 1.08 0.04 7.90170128481 7.77474272269 7.82867396971 7.77587185759 7.46972885688 7.46196386338 7.53655177427 7.60140734224 7.54944188724 7.64930264298 8.21444051221 8.49436092267 
1 1.08 0.04 7.901700066 7.77474054928 7.82867028128 7.7758700523 7.46972561936 7.46195018034 7.53655069613 7.60139960089 7.54944788022 7.64929238467 8.21443348066 8.49435404507 

0 1.12 0.04 7.90197678891 7.77477559726 7.83424775114 7.70486019707 7.21078191203 7.21499708564 7.33980844023 7.45185632227 7.42662641273 7.57593606808 8.22884831653 8.52208332645 
1 1.12 0.04 7.901975554 7.77477262796 7.8342504599 7.70485788856 7.21077656459 7.21497609247 7.33980586098 7.45184360237 7.42663491495 7.57592518066 8.22884126715 8.52207585115 

0 1.16 0.04 7.90243125887 7.77535162804 7.84209605352 7.63766925515 6.95463923309 6.96761437812 7.14177271804 7.30044667378 7.29449087282 7.49041386284 8.24369156388 8.55022823945 
1 1.16 0.04 7.90243000572 7.77534879822 7.8420989465 7.63766596606 6.95463113525 6.9675858558 7.14176781783 7.30042942313 7.29449813541 7.49040285214 8.24368458929 8.55022035402 

0 1.2 0.04 7.90297868698 7.77613153644 7.85217788296 7.59055398511 6.74453863949 6.75486314643 6.96391372957 7.15998108367 7.17740564294 7.42072507986 8.25884028492 8.57674870684 
1 1.2 0.04 7.90297743182 7.77612849835 7.85217988223 7.59054929122 6.74452847468 6.75482374047 6.96390878136 7.15995919244 7.17741145785 7.42071027077 8.25883273678 8.57674028168 

0 1.24 0.04 7.90361032684 7.77737360102 7.86431668093 7.56829936485 6.5982908498 6.59673834682 6.82084491332 7.03681538388 7.05520555562 7.33219114509 8.27417667415 8.6042462374 
1 1.24 0.04 7.90360906854 7.77736964285 7.8643199821 7.5682926403 6.59828030481 6.59669512305 6.82083738495 7.03678886247 7.05521134059 7.33217836137 8.27416918847 8.60423761273 

0 1.28 0.04 7.90422249409 7.77869830621 7.87775289208 7.56576824811 6.50727025406 6.49304560975 6.71697421366 6.93763042211 6.95810936265 7.26876969529 8.291746615 8.63162205638 
1 1.28 0.04 7.90422120786 7.7786942737 7.87775409758 7.5657608978 6.50725940913 6.49299618102 6.71696244921 6.93759954506 6.95811600349 7.26875537105 8.29173884621 8.6316131163 

0 1.32 0.04 7.90479130731 7.78000303795 7.89184090624 7.57545926498 6.45290050992 6.43223120103 6.65040798363 6.86544309524 6.86781347149 7.19535781917 8.30612099792 8.65626071365 
1 1.32 0.04 7.90478999798 7.77999858249 7.89184172509 7.57544975363 6.45288313925 6.43217948639 6.65039219498 6.86540681952 6.86781508838 7.19533733333 8.3061128103 8.65625143761 

0 1.36 0.04 7.90529498844 7.78121230076 7.90607060577 7.59105216586 6.41906364587 6.3994581345 6.61291137854 6.81811578834 6.79562665269 7.12696747924 8.32268533325 8.68215449578 
1 1.36 0.04 7.90529366336 7.78120856947 7.90607135554 7.59104011102 6.41904445337 6.39939802241 6.61289202269 6.81807387537 6.79563048347 7.12694729805 8.32267710437 8.68214495589 

0 1.4 0.04 7.90570028973 7.78241988621 7.92012996656 7.60905364353 6.39427221505 6.38301323956 6.59546993983 6.79141500531 6.74092793169 7.07111990196 8.33957777118 8.70673042246 
1 1.4 0.04 7.90569891863 7.78241279895 7.92013243422 7.60904109118 6.39424719139 6.38295063143 6.59544805094 6.79136910104 6.74092744793 7.07110299301 8.33956916697 8.70672071633 

0 1.44 0.04 7.90603313355 7.78331121004 7.93389969086 7.62786757569 6.37286043308 6.37454430838 6.59064679362 6.78069681499 6.70122896715 7.02157813347 8.35627083999 8.72995994913 
1 1.44 0.04 7.90603171298 7.78330290953 7.93389985333 7.62785547143 6.37283360595 6.37447974806 6.59062303377 6.78064554705 6.70122917426 7.02155970199 8.35626222552 8.72995001881 

0 1.48 0.04 7.90632406776 7.78411125728 7.94736689793 7.64682101786 6.35233061741 6.36965224832 6.59373385968 6.78220219785 6.6738334957 6.97261128176 8.37388480088 8.75394686092 
1 1.48 0.04 7.90632258229 7.78410329011 7.94736688 7.64680679511 6.352301742 6.36958448052 6.59370511173 6.78214728489 6.67382637273 6.97259256474 8.37387664868 8.75393748508 

0 1.52 0.04 7.90654208929 7.78476690704 7.96041772734 7.66548087571 6.33133071236 6.36564279719 6.59979729635 6.79012268461 6.65852954383 6.93880197636 8.39087801822 8.77470441029 
1 1.52 0.04 7.90654044115 7.78475916958 7.96041852827 7.66546538928 6.3312954811 6.36557333355 6.59976612427 6.79006569835 6.65851982064 6.93878107401 8.39087002034 8.77469478094 

0 1.56 0.04 7.90681346032 7.78537607615 7.97317624695 7.6839460164 6.30972591063 6.36189589423 6.60761885998 6.80341287667 6.65235201464 6.90807134669 8.40829550372 8.79567813453 
1 1.56 0.04 7.90681051896 7.78536641407 7.97317708415 7.68392987651 6.3096901085 6.36182404047 6.60758266825 6.80335264012 6.65234223995 6.9080481367 8.40828742348 8.79566840035 

0 1.6 0.04 7.90702739117 7.78595328607 7.98565514046 7.70220812713 6.28746145936 6.35795790647 6.61613269741 6.82017887524 6.65340583489 6.88080324052 8.42539298095 8.81563261152 
1 1.6 0.04 7.90702480191 7.78594479335 7.98565386472 7.70218915953 6.28742114792 6.35788236911 6.61609319692 6.82011502286 6.65339196787 6.88078466317 8.42538479141 8.81562380599 

0 1.64 0.04 7.90719309884 7.78646340469 7.99780857116 7.72020062421 6.26447526914 6.35336021252 6.62409341196 6.83707481944 6.65866410687 6.86571627578 8.442558719 8.83347445027 
1 1.64 0.04 7.9071908931 7.78645375339 7.99780642476 7.72018360013 6.26443284524 6.35328597736 6.62405056415 6.83700901677 6.65864409236 6.86569325437 8.44255113701 8.83346536391 

0 1.68 0.04 7.90738464304 7.78699288681 8.00974793622 7.73812108823 6.24120583214 6.34860808393 6.63232581671 6.85584063037 6.66962478765 6.85248261591 8.45989281774 8.85101386385 
1 1.68 0.04 7.90738232332 7.78698329377 8.00974326776 7.73810089319 6.24116068974 6.34853227654 6.63227852366 6.85577291957 6.66960258418 6.8524610015 8.45988472225 8.8510054029 

0 1.72 0.04 7.90755965391 7.78749122506 8.02136322553 7.75586210476 6.21762392658 6.34335878632 6.63981709801 6.8737507543 6.68194366968 6.84634869545 8.47690782249 8.86661295313 
1 1.72 0.04 7.90755766807 7.78748137406 8.02135985659 7.75584122065 6.21757223455 6.34328105787 6.63976628183 6.87368085224 6.68191728815 6.84632506417 8.47689947238 8.86660469883 

0 1.76 0.04 7.90770994478 7.78799242711 8.03272178624 7.77351401533 6.19411417886 6.33806414097 6.6472676929 6.8922335479 6.6975491422 6.84495065325 8.49404989684 8.88152345127 
1 1.76 0.04 7.90770831683 7.78798271281 8.03271718476 7.77349367083 6.19406171112 6.33798542198 6.64721241106 6.89216232096 6.69751844995 6.84493075916 8.4940427052 8.8815144994 

0 1.8 0.04 7.90782952805 7.7883594941 8.04376490671 7.79099317475 6.17074201031 6.3326125273 6.65423889398 6.91013414552 6.71408364383 6.84782303638 8.51067756441 8.89505117009 
1 1.8 0.04 7.90782808858 7.78850310389 8.04376074292 7.7909723467 6.17068631876 6.33253376397 6.65417998209 6.91006200629 6.7140506199 6.84780218201 8.51066919388 8.89504308331 

0 1.84 0.04 7.90795691267 7.78890552205 8.05448709708 7.80830929266 6.14776972216 6.32726490554 6.66108208674 6.92808477305 6.73241293706 6.85526761446 8.52729258626 8.90725065025 
1 1.84 0.04 7.90795539663 7.78889871114 8.05448092525 7.80828565709 6.14771134793 6.32718633148 6.66101923952 6.92801195308 6.73237486365 6.85524561271 8.52728510351 8.90724290043 

0 1.88 0.04 7.90810377744 7.78943883489 8.06482909162 7.82536601328 6.12532025414 6.32198884952 6.66756882861 6.9454912405 6.75105100453 6.86615308426 8.54345857815 8.91830683468 
1 1.88 0.04 7.90810210512 7.78943245017 8.06482113634 7.8253424673 6.12525922402 6.32191121819 6.66750236721 6.94541777099 6.75100973692 6.86612976794 8.54345017457 8.91829968667 

0 1.92 0.04 7.90827045995 7.7899737065 8.07477214531 7.8421455684 6.10360336871 6.31697869777 6.67396693957 6.96270837893 6.77077342067 6.88062679918 8.55897687207 8.92816875717 
1 1.92 0.04 7.90826855657 7.78996725575 8.07476472062 7.84211811442 6.10353661453 6.31690012236 6.6738965352 6.96263472503 6.77072678979 6.8806051982 8.5589699543 8.92816192569 

0 1.96 0.04 7.90843370916 7.79048217851 8.08427161469 7.85857926441 6.08275754844 6.31231173334 6.68028472745 6.9796893888 6.79118895238 6.89833259645 8.57396916234 8.93660449459 
1 1.96 0.04 7.90843193345 7.79047512597 8.08426316235 7.85855082804 6.08268759968 6.31223432893 6.68021081333 6.97961571582 6.79113843495 6.89831078181 8.57396309956 8.93659569306 

0 2 0.04 7.90858713802 7.79094775887 8.09326690749 7.87457619602 6.06289024202 6.30800770891 6.68645347759 6.99612198314 6.81149959171 6.9181946756 8.58777532559 8.94336936102 
1 2 0.04 7.90858538112 7.79094163701 8.09325672164 7.87454740066 6.06281680848 6.30793038291 6.68637559957 6.9960485368 6.81144559231 6.91817259495 8.5877685726 8.94336114846 

0 2.04 0.04 7.90874730289 7.79138307518 8.1017093015 7.89009589473 6.04420204733 6.30425145756 6.69270262344 7.01237491506 6.83243542502 6.94089103884 8.60124756956 8.94940388749 
1 2.04 0.04 7.90874545468 7.79137745517 8.1016990071 7.89006700226 6.04412664742 6.30417457767 6.69262104155 7.01230164634 6.83237651641 6.94086803226 8.60123927147 8.94939490133 

0 2.08 0.04 7.9089251871 7.79175711435 8.1094123793 7.90500895986 6.02678596056 6.30104994211 6.69894679672 7.02822625891 6.85352230777 6.96536390432 8.61341209316 8.9537422286 
1 2.08 0.04 7.90892332318 7.79174984915 8.10940029489 7.90498055131 6.02670769346 6.30097243038 6.6988615185 7.0281534477 6.8534595332 6.96534018049 8.61340531505 8.95373568676 

0 2.12 0.04 7.90913019976 7.79210433568 8.11657922026 7.91912532286 6.01090353627 6.29869781915 6.70562071989 7.04437018211 6.87602861894 6.99339081564 8.62578387351 8.95821339933 
1 2.12 0.04 7.90912831808 7.79209754223 8.1165677139 7.91909702009 6.010821181 6.29862005093 6.70553181503 7.0442978942 6.87596196853 6.99336569297 8.62577673788 8.95820465359 

0 2.16 0.04 7.90931823112 7.79235318851 8.12308050912 7.93265458895 5.99650551715 6.29698183828 6.71226375319 7.05984697365 6.89800259732 7.02169090572 8.63560607942 8.95976641878 
1 2.16 0.04 7.90931636118 7.79234684701 8.12306673697 7.9326286344 5.99641975858 6.29690418785 6.71217142531 7.05977519671 6.8979319197 7.02166478874 8.6355975149 8.95975800938 

0 2.2 0.04 7.90951416914 7.79254148336 8.12892313819 7.94547619497 5.98388060418 6.29620347719 6.71933441188 7.07545994352 6.92095634612 7.05256646108 8.64489782498 8.96109537446 
1 2.2 0.04 7.90951241862 7.79253561629 8.12890973851 7.9454493364 5.98379060495 6.29612571588 6.71923852847 7.07538878995 6.92088170328 7.05253921795 8.64488962382 8.96108858742 

0 2.24 0.04 7.90971461508 7.79265876108 8.13405219897 7.95744334559 5.97313590422 6.29641303894 6.72686776381 7.09116001202 6.94465907611 7.08513066579 8.65385108816 8.96217846823 
1 2.24 0.04 7.90971280924 7.79265317035 8.13403805845 7.95741790221 5.97304127975 6.29633462008 6.72676867025 7.09108938297 6.94458085965 7.08510235079 8.65384389953 8.96217186522 

0 2.28 0.04 7.90991842006 7.79268629398 8.13841455263 7.96844685013 5.96435827151 6.29763520474 6.73483121583 7.10682438682 6.96881577962 7.11881545718 8.66095968202 8.96138632952 
1 2.28 0.04 7.90991656269 7.79268072037 8.13839819585 7.96842084462 5.96425889476 6.29755555601 6.73472877189 7.10675423757 6.96873408674 7.1187866277 8.6609504969 8.96137684731 

0 2.32 0.04 7.91013609184 7.7926042471 8.14200324686 7.9784719512 5.95767689225 6.29998361378 6.7433644769 7.12264009061 6.9937269183 7.15394686625 8.66722291198 8.96028451148 
1 2.32 0.04 7.91013416931 7.7925968073 8.14198789337 7.97844425536 5.95757401508 6.29990241291 6.74325852484 7.12257024986 6.99364159085 7.15391472506 8.66721358611 8.96027443052 

0 2.36 0.04 7.91033098223 7.79247041115 8.14481470425 7.9874937561 5.9532190243 6.30359648883 6.75265043522 7.13885966793 7.01974084374 7.19083236003 8.67301599021 8.95904427737 
1 2.36 0.04 7.91032851921 7.79246202902 8.14479761076 7.9874648724 5.95311170358 6.30351369179 6.75254166697 7.13878984616 7.01965208828 7.19079806665 8.67300466194 8.95903605339 

0 2.4 0.04 7.91056596969 7.79225436456 8.14679571627 7.99542730777 5.95099805656 6.30842082152 6.76254335013 7.15511467267 7.04606437976 7.22784567554 8.67706950922 8.95640516865 
1 2.4 0.04 7.91056347019 7.79224542472 8.14677916208 7.99539774634 5.95088664768 6.30833567948 6.76243136494 7.15504496235 7.0459724156 7.22780974271 8.67705925304 8.9563946277 

0 2.44 0.04 7.91083078012 7.79182356589 8.14796413864 8.00228221682 5.95119129668 6.31466973277 6.7733482842 7.17190415447 7.07362416624 7.26620623615 8.68091505243 8.95428719865 
1 2.44 0.04 7.91082820095 7.79181873322 8.14794736327 8.00225210364 5.95107549368 6.31458200505 6.77323332292 7.17183441281 7.07353000039 7.26616656329 8.68090158686 8.9542765348 

0 2.48 0.04 7.91112230054 7.79149118139 8.14832088258 8.00806159033 5.95385440664 6.32236926854 6.78505813794 7.18911428338 7.10207363465 7.30453960314 8.68294083508 8.95125402455 
1 2.48 0.04 7.91111963378 7.79148671484 8.1483038307 8.00803014573 5.95373432305 6.32227757578 6.78494002733 7.18904421722 7.10197625077 7.30449615416 8.68292645289 8.95124335869 

0 2.52 0.04 7.91145138287 7.7910971808 8.14787886565 8.01277402353 5.95908573864 6.33162536999 6.79779961563 7.20687734596 7.1312902547 7.34288039759 8.68423061029 8.94814724771 
1 2.52 0.04 7.91144863811 7.79109175512 8.14786261084 8.01274291768 5.95895992575 6.33153019102 6.79767881328 7.20680647551 7.13119054079 7.34283591699 8.68421209641 8.94813487413 

0 2.56 0.04 7.91182642524 7.79065315055 8.14665101669 8.01639359332 5.9669555269 6.3425183768 6.81164874045 7.22524389066 7.16136356347 7.38146765811 8.68521050135 8.94529618456 
1 2.56 0.04 7.91182364055 7.79064849844 8.14663592537 8.01636146779 5.96682545663 6.34241856321 6.81152420919 7.22517211587 7.1612608865 7.38141709447 8.68519207112 8.94528645728 

0 2.6 0.04 7.91224700243 7.79017111484 8.14420201279 8.01890511848 5.97751679903 6.35505111038 6.82654418613 7.24397701635 7.19163362715 7.41924051023 8.68481326011 8.94155658367 
1 2.6 0.04 7.91224411264 7.79016717843 8.14419728869 8.01887321488 5.97738233159 6.35494784646 6.82641733065 7.24390391728 7.19152970958 7.41918653937 8.68479552973 8.94154366084 

0 2.64 0.04 7.91272673907 7.78966769406 8.14148657933 8.02043306604 5.99089254402 6.36940221651 6.84273610624 7.26343730454 7.22237999888 7.45504429012 8.6828219425 8.93738986527 
1 2.64 0.04 7.91272388736 7.78966444577 8.14148174223 8.02040085865 5.99075360644 6.36929269542 6.84260570859 7.26336225163 7.22227209941 7.45498572952 8.68280007105 8.93737520742 

0 2.68 0.04 7.91327910077 7.78917446889 8.13808406308 8.02107604212 6.00720135811 6.3857243675 6.86040898626 7.28382696307 7.25359814179 7.48773149944 8.68037316806 8.93474866313 
1 2.68 0.04 7.9132764221 7.78917155299 8.13807888411 8.02104377936 6.00705834589 6.38561036641 6.86027550447 7.2837507443 7.25348826436 7.48767210739 8.6803514174 8.93473276566 

0 2.72 0.04 7.91387999079 7.78867139581 8.13397393584 8.01959419055 6.02639172157 6.40388769452 6.8792405123 7.30443756467 7.28412212014 7.51940371438 8.67615410177 8.93004642587 
1 2.72 0.04 7.91387736625 7.78866862359 8.13396898995 8.01956695813 6.02624416626 6.40376669311 6.87910517682 7.30435856291 7.2840114605 7.51933985067 8.67612815625 8.93003204278 

0 2.76 0.04 7.91456658862 7.78821447574 8.12924782128 8.01888495673 6.04861593601 6.42411229958 6.89952809677 7.32575785308 7.31374936058 7.54663795595 8.67106004192 8.9259136764 
1 2.76 0.04 7.91456394221 7.7882119274 8.12924295423 8.01885805683 6.04846030106 6.42398647294 6.89938900835 7.32567560333 7.3136364379 7.54657087308 8.67103508643 8.92589832655 

0 2.8 0.04 7.9153525289 7.78783141987 8.12396414371 8.01760435626 6.07393651448 6.44644235289 6.92122927787 7.3474795731 7.34154403781 7.56967706943 8.66583596788 8.92244542664 
1 2.8 0.04 7.91534992485 7.78782784874 8.12395932753 8.01757767224 6.07377841505 6.44630978571 6.92108786014 7.34739553815 7.34142744376 7.56960215022 8.66580911002 8.92242971335 

0 2.84 0.04 7.91624007952 7.78753676976 8.11820155917 8.01586608848 6.10426891757 6.47079949258 6.94409747 7.36875772927 7.36606693295 7.58895934718 8.65923039046 8.9181032463 
1 2.84 0.04 7.91623755026 7.78753402916 8.11819753562 8.01583997208 6.10410753254 6.47065644161 6.94395278619 7.36867022627 7.36595041046 7.58887963505 8.65920070617 8.91808411328 

0 2.88 0.04 7.91725175572 7.78738256918 8.11220400852 8.01385172414 6.13580059751 6.49710461406 6.96795455409 7.38898058185 7.38637012536 7.60181754063 8.65185130097 8.91427831186 
1 2.88 0.04 7.91724930271 7.78738062278 8.11220075659 8.01382564169 6.13563324911 6.49695368757 6.9678077408 7.38888977921 7.38625006621 7.60173360401 8.65182181257 8.91426143241 

0 2.92 0.04 7.91840221349 7.78740933624 8.10583979236 8.01160554536 6.17031724818 6.52508737882 6.9924861145 7.4068685683 7.39905918099 7.60532987235 8.64394605672 8.91131806259 
1 2.92 0.04 7.91839986413 7.78740678807 8.10583691473 8.01158058616 6.17014246053 6.52492815827 6.99233576811 7.40677289362 7.39894059588 7.60523978079 8.64391187822 8.9112999076 

0 2.96 0.04 7.91968589494 7.78763221805 8.09923593802 8.00922529946 6.20724764067 6.55526030818 7.01573779529 7.42000766495 7.4046587374 7.60772192869 8.63496593412 8.90671047026 
1 2.96 0.04 7.91968365457 7.7876290932 8.09923316887 8.00919989905 6.2070679076 6.55503778326 7.01558740154 7.41990683124 7.40454214134 7.60763032945 8.63493263494 8.90669011235 

0 3 0.04 7.92115211071 7.78814599516 8.09260130116 8.00697680291 6.24655406737 6.58415452281 7.03593104677 7.42573855516 7.39703504379 7.59320377895 8.62369507823 8.90308325797 
1 3 0.04 7.92115000528 7.78814372281 8.0925991018 8.00695182193 6.24636785318 6.58392454288 7.03577676613 7.42563309619 7.39691747176 7.59311488805 8.6236625459 8.90305814526 

0 3.04 0.04 7.92279050022 7.78896519749 8.08599622729 8.00455240103 6.28643403564 6.60976072541 7.04867407277 7.41987058251 7.37788769269 7.57546083743 8.61250145317 8.89896968999 
1 3.04 0.04 7.9227885038 7.78896244402 8.08599440357 8.00452781005 6.28624332262 6.60952568922 7.04851750854 7.41976401187 7.37776939604 7.57536760497 8.61246408513 8.89894639354 

0 3.08 0.04 7.92461941699 7.79014816147 8.07950924439 8.00133630579 6.32338065142 6.62631412496 7.0482400181 7.39848391648 7.34293378785 7.55364871444 8.60175834185 8.89521878628 
1 3.08 0.04 7.92461754389 7.79014504409 8.07950803921 8.00131219462 6.32318029756 6.62607535597 7.04808327038 7.39837217581 7.3428201962 7.55355206726 8.60171796538 8.89519390527 

0 3.12 0.04 7.92663995405 7.79170566093 8.07316290056 7.99539721445 6.34914129364 6.62480761117 7.02674688154 7.35734528249 7.29267394155 7.51900998787 8.59005061526 8.89164131576 
1 3.12 0.04 7.92663824589 7.79170254787 8.07316133971 7.99537367861 6.34893538576 6.62456454573 7.02659224695 7.35722823576 7.2925632886 7.51891560024 8.59000840581 8.89161192907 

0 3.16 0.04 7.92884553454 7.79366385871 8.06694996996 7.9826408568 6.35093013102 6.59256922069 6.97528017547 7.29123827621 7.22643520832 7.48390249343 8.57805125793 8.88743603917 
1 3.16 0.04 7.92884395442 7.7936612064 8.06694950235 7.98261706492 6.35072238911 6.59232190707 6.97512093717 7.29111911713 7.22633262192 7.48380524593 8.57800986237 8.88740805065 

0 3.2 0.04 7.93122316388 7.79602953627 8.06083527667 7.95694568986 6.31120911292 6.51668493416 6.88894072783 7.2029032348 7.14813381272 7.43904547803 8.56519541743 8.88381946448 
1 3.2 0.04 7.93122168332 7.79602636402 8.06083464221 7.95692204645 6.31100364342 6.51644133921 6.88878739806 7.20278262642 7.14803209637 7.43894135709 8.56514886364 8.88378899928 

0 3.24 0.04 7.93374002049 7.79877558546 8.0547817917 7.9127179494 6.21606995298 6.39070248366 6.76653234908 7.09256818131 7.05642864864 7.38584943659 8.55174124731 8.87928024038 
1 3.24 0.04 7.9337386868 7.79877220548 8.05478171007 7.91269445114 6.21586257833 6.3904547508 6.76638336504 7.09244843224 7.05633254131 7.38574234098 8.55169559643 8.87924803143 

0 3.28 0.04 7.93637164617 7.80187917952 8.04894727912 7.85034886647 6.06799345444 6.22134037868 6.6166612898 6.96646154811 6.95696054088 7.33561594622 8.53926861162 8.87534342739 
1 3.28 0.04 7.93637284992 7.80187914871 8.04895209425 7.85033432149 6.06779527196 6.22112383288 6.61658338482 6.966492278 6.95666624978 7.33098018151 8.53823631738 8.87530164707 

0 3.32 0.04 7.93909414961 7.80531420837 8.04396961914 7.77983743031 5.89159241305 6.03020649401 6.45351006765 6.83465034139 6.85208183122 7.26784062566 8.52490951721 8.87129574242 
1 3.32 0.04 7.93909196137 7.80530940186 8.04396742324 7.77981019271 5.89137621173 6.02995591056 6.45332424333 6.83440952565 6.85259218331 7.26932893948 8.52495360823 8.87122054386 

0 3.36 0.04 7.94187478531 7.80903149197 8.04052756776 7.71640253573 5.72473367817 5.84638123101 6.29451906142 6.70239297772 6.75036962425 7.21645342904 8.5122882089 8.86667555179 
1 3.36 0.04 7.94187457175 7.80902797848 8.04052963575 7.71638108125 5.72452412894 5.84615684512 6.29440725802 6.70229420722 6.74994379643 7.21554346064 8.51214675452 8.86668210696 

0 3.4 0.04 7.94469891773 7.81298748845 8.03911796928 7.67132664937 5.59888504748 5.69594077182 6.15693254029 6.58202550642 6.65164691462 7.15555482726 8.49882454985 8.86235176441 
1 3.4 0.04 7.94469791159 7.81298320966 8.03911749291 7.67130025128 5.59867138331 5.69570889239 6.15678621807 6.58188613644 6.6517089737 7.155699266 8.49878392513 8.86232818529 

0 3.44 0.04 7.94752143672 7.8170761439 8.03954074584 7.64635438957 5.52468441329 5.59186326191 6.0517197879 6.48279250025 6.56006524222 7.09068863557 8.48678452621 8.8592497828 
1 3.44 0.04 7.94752105679 7.81707172716 8.03954097258 7.64632682923 5.52447041451 5.59164143287 6.05158998076 6.48266348273 6.55992533673 7.09034163507 8.48669554334 8.85923222062 

0 3.48 0.04 7.95027672268 7.82115255672 8.04128984193 7.63643708883 5.49391679795 5.5326511372 5.9808376553 6.40500067451 6.48468547517 7.03652554207 8.47387125469 8.85441913713 
1 3.48 0.04 7.9502763031 7.82114744374 8.04128941458 7.63640672845 5.49369848614 5.5324304901 5.98070217107 6.40486034893 6.48463178311 7.03639973453 8.47379970286 8.85439571904 

0 3.52 0.04 7.95292907236 7.82511369199 8.0438769802 7.63535145952 5.4915314838 5.5080293942 5.94151909295 6.35161064624 6.42086361666 6.98156237562 8.46139447783 8.84987828255 
1 3.52 0.04 7.952928937 7.82510879097 8.04387670565 7.63531846072 5.49130848704 5.50781188099 5.94138310425 6.3514690446 6.42077745845 6.98134425056 8.46130910824 8.84985353137 

0 3.56 0.04 7.95544340543 7.82887405381 8.04690267385 7.63831959554 5.50456104715 5.50597799838 5.92609578907 6.32004709894 6.37185985209 6.92885703015 8.44998049149 8.84590533915 
1 3.56 0.04 7.95544338524 7.82886953481 8.04690220367 7.63828325447 5.50433401601 5.50576096679 5.92595610921 6.31989734686 6.37177949583 6.92869808304 8.44989784797 8.8458739631 

0 3.6 0.04 7.9577772288 7.83235130823 8.05008090217 7.64268163366 5.52413791623 5.51669322445 5.92702801702 6.30573960361 6.33773819057 6.88559613406 8.43897541518 8.84116852679 
1 3.6 0.04 7.95777739758 7.83234753485 8.05007995622 7.64264301611 5.52390573101 5.51647748252 5.92688398293 6.30558736577 6.33765225489 6.88542123669 8.43888695524 8.84113200246 

0 3.64 0.04 7.95992871544 7.8355331039 8.05331481503 7.64716444575 5.54596533085 5.53393673862 5.93832021013 6.30490446249 6.31576862416 6.84307280544 8.42878288257 8.83715881085 
1 3.64 0.04 7.95992901384 7.83552823359 8.05331337576 7.6471229501 5.54573150591 5.53372191941 5.93817095132 6.30474316277 6.31568285295 6.84293059532 8.42869584524 8.83711824246 

0 3.68 0.04 7.96187030401 7.8383825094 8.05653059123 7.65109385793 5.56780599627 5.5537489912 5.95695907832 6.31277517065 6.3046366791 6.81122478869 8.41963053861 8.83246160345 
1 3.68 0.04 7.96187075146 7.83837844624 8.05652854198 7.65105018672 5.56756646882 5.5535359539 5.9567977582 6.31260947942 6.30454200064 6.8111082443 8.41954462362 8.83242178937 

0 3.72 0.04 7.96361231137 7.84092014424 8.0597646872 7.65426595776 5.58870719254 5.57445479879 5.97665673971 6.32641750257 6.30257308495 6.78243967146 8.41037922578 8.82737455589 
1 3.72 0.04 7.96361289169 7.84091496693 8.05976200789 7.65422008146 5.58846659181 5.57424129913 5.97649112975 6.3262460345 6.30247219652 6.78234044008 8.4102984075 8.82732989899 

0 3.76 0.04 7.96516632657 7.84317445284 8.06309318491 7.65678323707 5.6082190422 5.5952411933 5.99723655919 6.34399592308 6.30763514821 6.75509998018 8.40117917152 8.82235096606 
1 3.76 0.04 7.96516701537 7.84317005211 8.06308977538 7.65673563468 5.60797378563 5.59502842312 5.99706637212 6.34381927836 6.30752947436 6.75502531872 8.40109941898 8.82229934592 

0 3.8 0.04 7.96651116743 7.84512146348 8.06651001157 7.6585022128 5.62613886853 5.61539406438 6.01738967448 6.36268408044 6.31704734662 6.73628093595 8.39377935965 8.81689951577 
1 3.8 0.04 7.96651197315 7.84511633111 8.06650647916 7.658452583 5.62589255951 5.61518370245 6.01721505065 6.36250250016 6.31693305352 6.73623240296 8.39369988016 8.81684424874 

0 3.84 0.04 7.96768717164 7.84682499742 8.07013614752 7.65958741459 5.64265827325 5.63507731569 6.03733855726 6.38244937211 6.33042154947 6.72161763894 8.38750157626 8.81185288849 
1 3.84 0.04 7.9676881711 7.84682118725 8.07013163775 7.65953572549 5.64241109103 5.63486681096 6.03715965011 6.38226320092 6.33029863265 6.72158544474 8.38742702837 8.81179773078 

0 3.88 0.04 7.96869510426 7.84829311575 8.07398614496 7.66013505839 5.65778532313 5.65414087803 6.05669690964 6.40223317457 6.34632046061 6.71024413834 8.38169163929 8.80630364125 
1 3.88 0.04 7.96869613124 7.84828878875 8.07397915254 7.66008182833 5.6575373244 5.65392927515 6.05651354997 6.40204433272 6.34618956319 6.71023930501 8.38161811574 8.80624348944 

0 3.92 0.04 7.96953382506 7.84953244214 8.07807240624 7.66020742694 5.67148121316 5.67255306139 6.07525793441 6.42140183467 6.36319088777 6.7024608872 8.37568318157 8.7994252597 
1 3.92 0.04 7.96953475958 7.84952775738 8.07806484165 7.66015169447 5.67122968043 5.67234123308 6.07506966183 6.42120960942 6.36305090581 6.7024770725 8.37561452378 8.79935861077 

0 3.96 0.04 7.97024251032 7.85059316251 8.08246289143 7.66001586471 5.68397839918 5.69054443971 6.0933304496 6.4404329056 6.38152058084 6.69829528065 8.37174806317 8.7939557966 
1 3.96 0.04 7.97024345229 7.85058838177 8.08245307715 7.65995982088 5.68372699192 5.69033380971 6.09313864409 6.44023850144 6.38137370274 6.69833111651 8.37167979015 8.79388698172 

0 4 0.04 7.97081317471 7.8514635686 8.08712284573 7.65963528218 5.69531062679 5.70808241322 6.11074918219 6.45886487966 6.40010022403 6.69705710798 8.36873259803 8.78835766055 
1 4 0.04 7.9708140127 7.8514583692 8.08711011628 7.65957819071 5.69505987056 5.70787236515 6.11055376861 6.45866906661 6.39994490697 6.69711035267 8.36866878903 8.7882842935 

0 4.04 0.04 7.97124946322 7.85215161287 8.09203531205 7.65912716866 5.70556744144 5.72523034986 6.12756004634 6.47669758413 6.41863520109 6.69794582122 8.36515933199 8.7809300191 
1 4.04 0.04 7.97125023294 7.85214563239 8.09202066149 7.65906841311 5.70531482215 5.7250217684 6.12735997959 6.47650033417 6.41847279418 6.69802095529 8.36509956906 8.78085496385 

0 4.08 0.04 7.97158118467 7.85269377293 8.09721284278 7.65863447278 5.71492548147 5.742156998 6.14398554182 6.49423973317 6.43764462376 6.70147055884 8.36322151534 8.77475684831 
1 4.08 0.04 7.97158185234 7.85268900628 8.09719514634 7.65857431914 5.71467385348 5.74194605539 6.14378154496 6.49404163938 6.43747464013 6.70155962551 8.3631642072 8.77467916438 

0 4.12 0.04 7.97179915333 7.8530708083 8.10258750304 7.65818165851 5.72343446583 5.75884509936 6.15995265867 6.51126630375 6.45625541151 6.70673676401 8.36160055053 8.76783793126 
1 4.12 0.04 7.97179971857 7.85306528203 8.10256907038 7.65812070838 5.72318332368 5.75863571526 6.15974501596 6.51106792709 6.45607771866 6.70684525399 8.36154522808 8.76775813868 

0 4.16 0.04 7.97192335288 7.85330501117 8.10814368451 7.65786229121 5.7312570691 5.77545860294 6.17418090667 6.52819463039 6.47526750714 6.71463950389 8.36148389116 8.76175649574 
1 4.16 0.04 7.97192387828 7.85329875176 8.10812204901 7.65779986898 5.73100700073 5.77524812927 6.17396712021 6.52799623834 6.47508359949 6.71476583079 8.36143123513 8.7616722017 

0 4.2 0.04 7.97193865244 7.85337218787 8.11379365205 7.65768990361 5.73840309404 5.79189864077 6.18954230867 6.54448532677 6.49339378506 6.72340763485 8.36079132603 8.7543574657 
1 4.2 0.04 7.97193911249 7.85336703623 8.11376895396 7.65762632905 5.73815291337 5.79168702711 6.18932352107 6.54428758276 6.49320287194 6.72355014093 8.3607442758 8.75426957617 

0 4.24 0.04 7.97186974347 7.8533025882 8.11951518441 7.65773216405 5.74508537736 5.80834766512 6.20475830756 6.56066636362 6.51172228627 6.73424670072 8.36142146754 8.74784851899 
1 4.24 0.04 7.97187000488 7.85329661878 8.1194871669 7.65766763318 5.74483654466 5.80813278259 6.20453597198 6.56046900186 6.51152488949 6.73440539847 8.36137607197 8.74776038139 

0 4.28 0.04 7.97172409493 7.85309879754 8.12524101662 7.65802499079 5.75144585453 5.82313490621 6.21996668684 6.5769538499 6.53057052613 6.74742179491 8.36296919249 8.74161348246 
1 4.28 0.04 7.97172418752 7.85309190437 8.12520899593 7.65795880446 5.75119842542 5.82286346681 6.21973970853 6.57675785109 6.5303669005 6.74759559675 8.36292875521 8.74152107145 

0 4.32 0.04 7.97149593697 7.85274634449 8.13087307831 7.65855401047 5.75751729872 5.83968556731 6.23500076142 6.59293590688 6.54904397122 6.76153761313 8.36433966574 8.73509212829 
1 4.32 0.04 7.97149581889 7.85274002722 8.1308358866 7.65848664032 5.7572710204 5.83941859259 6.23476997069 6.59274071467 6.54883387353 6.76172336686 8.36429907377 8.7349970376 

0 4.36 0.04 7.97119151119 7.85224433217 8.13633838719 7.65935284733 5.76345097116 5.85636658368 6.2500176915 6.60891168363 6.56780878596 6.77751793097 8.36585642593 8.72808731694 
1 4.36 0.04 7.97119111741 7.85223646807 8.13629885036 7.6592846562 5.76320619131 5.85610369341 6.24978418098 6.60871759509 6.56759364017 6.77771561196 8.36581810196 8.72798948519 

0 4.4 0.04 7.97082331677 7.85160313129 8.14157202363 7.66044510325 5.76855328788 5.87324224115 6.26507280873 6.62487913855 6.58663838816 6.79467924464 8.36768497188 8.72127155256 
1 4.4 0.04 7.97082263639 7.85159518786 8.14152850924 7.66037535818 5.76830822244 5.87298206385 6.26483461009 6.6246869008 6.58641805437 6.79488598385 8.36765113155 8.72117020773 

0 4.44 0.04 7.97040388427 7.8508323338 8.14650804171 7.66185113459 5.77462503604 5.89040073846 6.28032251466 6.6411273649 6.60618954595 6.81409491765 8.37039059366 8.7153087365 
1 4.44 0.04 7.97040290918 7.85082404229 8.1464614003 7.66178063485 5.77438038593 5.89014660393 6.28008254639 6.64093632114 6.60596482942 6.81431056924 8.37035589933 8.71520648315 

0 4.48 0.04 7.96992043763 7.84990626807 8.15103157552 7.66352457137 5.78090548868 5.90775981725 6.29560437496 6.65730922075 6.62574865811 6.8343886853 8.37232286909 8.70839338145 
1 4.48 0.04 7.96991915959 7.84989744181 8.15098104809 7.66345172414 5.78066280268 5.90750740537 6.29536140452 6.65711935713 6.62551951983 6.83461203999 8.37228971686 8.70828666806 

0 4.52 0.04 7.96939785666 7.84885252716 8.15510256002 7.66545066019 5.78760046449 5.92548325447 6.31117020044 6.67382944408 6.64600951942 6.85644997575 8.37457823347 8.702209119 
1 4.52 0.04 7.96939629402 7.84884306075 8.15504953059 7.66537627816 5.78735870509 5.92523667077 6.31092397312 6.67364133115 6.64577665546 6.85667960495 8.37454903708 8.70210088377 

0 4.56 0.04 7.96883378173 7.84766292404 8.15863513829 7.6675249639 5.79480931208 5.94356568989 6.32699693334 6.69061278719 6.66680064106 6.87991374321 8.37689578693 8.69602377899 
1 4.56 0.04 7.9688318483 7.84765253947 8.15857933245 7.66744946237 5.79456856512 5.94332145064 6.32674823654 6.69042637372 6.66656429605 6.88014810647 8.3768655343 8.69591525364 

0 4.6 0.04 7.96823259593 7.84633707331 8.16155936748 7.66977893935 5.80263470145 5.962008243 6.34304707701 6.70752066521 6.68786596534 6.90416496556 8.37863783672 8.68946682349 
1 4.6 0.04 7.96823031722 7.846327118 8.1615002549 7.66970089452 5.80239452222 5.96176765077 6.34279561962 6.70733539311 6.6876263718 6.90440234783 8.3786052504 8.68935604892 

0 4.64 0.04 7.96762425109 7.84491105008 8.16385018652 7.67224836365 5.8113099112 5.98100357489 6.35960850857 6.72500880581 6.71002452139 6.92997811751 8.38062443116 8.68385978621 
1 4.64 0.04 7.96762161732 7.84489965354 8.1637899226 7.67216822781 5.81107023613 5.98076751797 6.3593551757 6.72482455558 6.7097822852 6.9302160748 8.38058769307 8.68374431325 

0 4.68 0.04 7.96700656037 7.84337918339 8.16542848201 7.67487704465 5.82093202257 6.00053861707 6.37662048987 6.74288470227 6.73276846618 6.9560059255 8.38120600043 8.67763656734 
1 4.68 0.04 7.96700354853 7.84336759142 8.1653659508 7.67479655081 5.82069349721 6.00030511883 6.37636628964 6.7427013866 6.73252349487 6.95624464651 8.38117062939 8.6775203997 

0 4.72 0.04 7.96640119798 7.84176711416 8.16626762073 7.67768979832 5.83264638639 6.02073913191 6.39424601495 6.76135565559 6.75638766093 6.98312544161 8.38215890315 8.67214335603 
1 4.72 0.04 7.96639782155 7.84175349131 8.16620340019 7.67760711312 5.83241127036 6.02050545187 6.39398959604 6.76117280688 6.75614037655 6.98336355542 8.38212056432 8.67202636441 

0 4.76 0.04 7.96581222039 7.84007985441 8.16631500393 7.68065042953 5.84465722413 6.04161885555 6.41245292235 6.78025737296 6.78045128473 7.0108346213 8.3825318754 8.66649567283 
1 4.76 0.04 7.96580851282 7.84006539232 8.16624857159 7.68056707474 5.84442261379 6.04138700242 6.41219557219 6.78007490356 6.78020267265 7.01106877485 8.38249040005 8.66637301995 

0 4.8 0.04 7.96526360981 7.83835136595 8.1655650846 7.68378703442 5.85812141981 6.06335885127 6.43150443832 6.79996856758 6.80525873925 7.03751853298 8.38176610092 8.66072319212 
1 4.8 0.04 7.96525954256 7.83833583553 8.1654982599 7.68370203357 5.85788724853 6.06312958149 6.43124524278 6.79978596597 6.80500929553 7.03774869709 8.38172346341 8.66059999087 

0 4.84 0.04 7.9647730738 7.83660760349 8.16400916363 7.68709343089 5.87319119825 6.08602670987 6.45141504709 6.82036308633 6.83063064362 7.06464622626 8.38167819026 8.65628524067 
1 4.84 0.04 7.96476855499 7.83659216619 8.16394183757 7.6870065725 5.87295689333 6.0857974418 6.45115545101 6.82018049577 6.83037933026 7.06487159646 8.38162979458 8.65615874911 

0 4.88 0.04 7.96434807894 7.83486234287 8.16163327284 7.6905594142 5.89000194802 6.10968491313 6.47220693053 6.8413692907 6.85620177972 7.08990472858 8.37954107205 8.65120412728 
1 4.88 0.04 7.96434306206 7.83484540927 8.16156564154 7.69047058982 5.889767025 6.10945710015 6.47194627758 6.84118552322 6.85594911026 7.09012201436 8.379490279 8.65107669001 

0 4.92 0.04 7.96401234946 7.83315542388 8.1584674071 7.69424631314 5.90876959725 6.1345169125 6.49407826492 6.86312959353 6.88168645252 7.11277297631 8.37600222527 8.64568571639 
1 4.92 0.04 7.96400688512 7.83313693024 8.15840017286 7.69415673272 5.90853299282 6.13428767279 6.49381571424 6.86294582149 6.8814338378 7.11298456431 8.37594753033 8.64555582544 

0 4.96 0.04 7.96379301912 7.83153225635 8.15455480917 7.69823111369 5.9296911557 6.16213297411 6.51712616588 6.88577254751 6.90672849932 7.13444462719 8.37348106157 8.64165051458 
1 4.96 0.04 7.96378706779 7.8315133078 8.15448829987 7.69814017762 5.92945351445 6.1618425443 6.51686387159 6.88558586669 6.90647626493 7.13464843465 8.3734221158 8.64151824849 

0 5 0.04 7.96368716503 7.83000063919 8.14989817092 7.70253113208 5.95284953292 6.18952812616 6.54112898709 6.9085197343 6.9299943855 7.15327224169 8.36844818166 8.63565710426 
1 5 0.04 7.96368069593 7.82998092988 8.14983269637 7.70243896603 5.95261274538 6.18922941199 6.54086681491 6.90833083684 6.92974404033 7.1534611394 8.36838149962 8.63552340106 

0 5.04 0.04 7.96373650501 7.82863153957 8.14460209292 7.70728564487 5.97847408202 6.21689426568 6.56618051143 6.93123912689 6.95113026356 7.16817285206 8.36324120288 8.63078550329 
1 5.04 0.04 7.96372957179 7.82860970149 8.14453786098 7.70719251448 5.97823572106 6.21665875195 6.56591745498 6.93104867345 6.95087963779 7.16835085532 8.36316715722 8.63064720819 

0 5.08 0.04 7.9639638865 7.8274711719 8.13874976584 7.71256594239 6.0066505808 6.2470628826 6.59217921897 6.95311463687 6.96752054844 7.17438701499 8.3573782151 8.62726994199 
1 5.08 0.04 7.96395646106 7.82744938028 8.13868720996 7.71247172149 6.00640789631 6.24682712773 6.59191797015 6.95292226634 6.96726876219 7.17454909209 8.35729703341 8.62713087355 

0 5.12 0.04 7.96435549725 7.82652664795 8.1323960473 7.71839435032 6.03723075534 6.27806274892 6.61806043726 6.97207119034 6.97859364471 7.18268162189 8.35091768153 8.62212376982 
1 5.12 0.04 7.96434757473 7.82650345435 8.13233528982 7.71829789704 6.03698840448 6.27781977807 6.61779768995 6.97187373953 6.97834702446 7.18283247153 8.35083013184 8.62198099844 

0 5.16 0.04 7.96494528599 7.82586334336 8.12563377361 7.72482448231 6.06995339242 6.30925509634 6.64243164822 6.98655603439 6.98136641671 7.18077879651 8.34274648781 8.61718930096 
1 5.16 0.04 7.96493680925 7.82583866603 8.12557574629 7.72472709221 6.06970579394 6.30900769369 6.64216852618 6.98635510424 6.98111872182 7.18091720107 8.34265251244 8.61704682346 

