#Turbine    Time(s)    dt(s)    tower axial force (N)
0 0 0.04 0
1 0 0.04 0

0 0.04 0.04 16848.5012863
1 0.04 0.04 16848.5012863

0 0.08 0.04 16834.6652426
1 0.08 0.04 16834.6670372

0 0.12 0.04 16809.1402705
1 0.12 0.04 16809.1427752

0 0.16 0.04 16787.6923676
1 0.16 0.04 16787.6952462

0 0.2 0.04 16765.6178603
1 0.2 0.04 16765.6202528

0 0.24 0.04 16744.5529953
1 0.24 0.04 16744.5562477

0 0.28 0.04 16724.0071595
1 0.28 0.04 16724.0105241

0 0.32 0.04 16702.9129658
1 0.32 0.04 16702.9165173

0 0.36 0.04 16681.3558709
1 0.36 0.04 16681.358899

0 0.4 0.04 16659.2133549
1 0.4 0.04 16659.2162707

0 0.44 0.04 16636.077296
1 0.44 0.04 16636.0811092

0 0.48 0.04 16613.8607981
1 0.48 0.04 16613.8631535

0 0.52 0.04 16591.4854568
1 0.52 0.04 16591.4876626

0 0.56 0.04 16570.7866036
1 0.56 0.04 16570.7889597

0 0.6 0.04 16551.3837252
1 0.6 0.04 16551.3859698

0 0.64 0.04 16532.5515538
1 0.64 0.04 16532.5540238

0 0.68 0.04 16513.6543507
1 0.68 0.04 16513.6551395

0 0.72 0.04 16491.2763039
1 0.72 0.04 16491.2781785

0 0.76 0.04 16469.9081268
1 0.76 0.04 16469.907872

0 0.8 0.04 16440.3046163
1 0.8 0.04 16440.3045872

0 0.84 0.04 16401.1833813
1 0.84 0.04 16401.1828303

0 0.88 0.04 16348.5704233
1 0.88 0.04 16348.5691634

0 0.92 0.04 16263.6163668
1 0.92 0.04 16263.6142859

0 0.96 0.04 16129.4956991
1 0.96 0.04 16129.4921634

0 1 0.04 15927.1778202
1 1 0.04 15927.1716321

0 1.04 0.04 15632.6486067
1 1.04 0.04 15632.6390922

0 1.08 0.04 15261.743202
1 1.08 0.04 15261.7287911

0 1.12 0.04 14837.3254289
1 1.12 0.04 14837.3085881

0 1.16 0.04 14415.3529118
1 1.16 0.04 14415.330389

0 1.2 0.04 14059.2449421
1 1.2 0.04 14059.2140832

0 1.24 0.04 13772.7116905
1 1.24 0.04 13772.6780298

0 1.28 0.04 13574.9850277
1 1.28 0.04 13574.9447523

0 1.32 0.04 13433.1697113
1 1.32 0.04 13433.1191589

0 1.36 0.04 13338.6566608
1 1.36 0.04 13338.6000188

0 1.4 0.04 13278.5405088
1 1.4 0.04 13278.4773298

0 1.44 0.04 13240.244856
1 1.44 0.04 13240.1767475

0 1.48 0.04 13216.3086463
1 1.48 0.04 13216.2329912

0 1.52 0.04 13205.6493333
1 1.52 0.04 13205.5683369

0 1.56 0.04 13203.3372102
1 1.56 0.04 13203.2502352

0 1.6 0.04 13207.503779
1 1.6 0.04 13207.4105993

0 1.64 0.04 13218.0954776
1 1.64 0.04 13217.996838

0 1.68 0.04 13233.3724654
1 1.68 0.04 13233.2678402

0 1.72 0.04 13251.9466139
1 1.72 0.04 13251.8352154

0 1.76 0.04 13274.53395
1 1.76 0.04 13274.4204121

0 1.8 0.04 13299.6456663
1 1.8 0.04 13299.5988794

0 1.84 0.04 13328.4026573
1 1.84 0.04 13328.2795289

0 1.88 0.04 13359.785121
1 1.88 0.04 13359.658917

0 1.92 0.04 13394.3112677
1 1.92 0.04 13394.1788485

0 1.96 0.04 13431.5903748
1 1.96 0.04 13431.4538728

0 2 0.04 13470.5020738
1 2 0.04 13470.3608178

0 2.04 0.04 13511.5856705
1 2.04 0.04 13511.4404475

0 2.08 0.04 13553.6675146
1 2.08 0.04 13553.5171313

0 2.12 0.04 13598.4748151
1 2.12 0.04 13598.3212926

0 2.16 0.04 13643.2678034
1 2.16 0.04 13643.1106958

0 2.2 0.04 13690.3730067
1 2.2 0.04 13690.212018

0 2.24 0.04 13739.5200132
1 2.24 0.04 13739.3561179

0 2.28 0.04 13789.8554061
1 2.28 0.04 13789.6843456

0 2.32 0.04 13841.8115828
1 2.32 0.04 13841.6344799

0 2.36 0.04 13895.5713049
1 2.36 0.04 13895.3869652

0 2.4 0.04 13949.54178
1 2.4 0.04 13949.3522969

0 2.44 0.04 14004.9700468
1 2.44 0.04 14004.7766929

0 2.48 0.04 14061.0892459
1 2.48 0.04 14060.8882859

0 2.52 0.04 14118.3996737
1 2.52 0.04 14118.1919311

0 2.56 0.04 14177.3632675
1 2.56 0.04 14177.1485831

0 2.6 0.04 14236.981874
1 2.6 0.04 14236.7666695

0 2.64 0.04 14297.8060037
1 2.64 0.04 14297.5807134

0 2.68 0.04 14359.7841124
1 2.68 0.04 14359.5538945

0 2.72 0.04 14421.3181254
1 2.72 0.04 14421.0809489

0 2.76 0.04 14483.2973526
1 2.76 0.04 14483.0518014

0 2.8 0.04 14544.9074106
1 2.8 0.04 14544.6514611

0 2.84 0.04 14605.7918909
1 2.84 0.04 14605.527254

0 2.88 0.04 14663.800857
1 2.88 0.04 14663.5272323

0 2.92 0.04 14717.1410477
1 2.92 0.04 14716.8567133

0 2.96 0.04 14766.6651544
1 2.96 0.04 14766.3550173

0 3 0.04 14803.1146265
1 3 0.04 14802.7965342

0 3.04 0.04 14827.0702707
1 3.04 0.04 14826.7447439

0 3.08 0.04 14830.2741553
1 3.08 0.04 14829.9420849

0 3.12 0.04 14798.8927285
1 3.12 0.04 14798.5573155

0 3.16 0.04 14721.4665685
1 3.16 0.04 14721.1298159

0 3.2 0.04 14582.5743611
1 3.2 0.04 14582.2408273

0 3.24 0.04 14372.9268127
1 3.24 0.04 14372.6000007

0 3.28 0.04 14107.1798948
1 3.28 0.04 14105.2806475

0 3.32 0.04 13807.4852041
1 3.32 0.04 13807.8155682

0 3.36 0.04 13523.4183602
1 3.36 0.04 13522.7739061

0 3.4 0.04 13278.1484536
1 3.4 0.04 13277.9753894

0 3.44 0.04 13088.6071027
1 3.44 0.04 13088.2261639

0 3.48 0.04 12956.2859435
1 3.48 0.04 12955.9978248

0 3.52 0.04 12866.3801681
1 3.52 0.04 12866.0502026

0 3.56 0.04 12808.4672741
1 3.56 0.04 12808.1526685

0 3.6 0.04 12774.3414337
1 3.6 0.04 12774.0150172

0 3.64 0.04 12754.1128845
1 3.64 0.04 12753.7902668

0 3.68 0.04 12745.8955731
1 3.68 0.04 12745.5706687

0 3.72 0.04 12742.961374
1 3.72 0.04 12742.6350761

0 3.76 0.04 12743.1337629
1 3.76 0.04 12742.8081035

0 3.8 0.04 12746.6227402
1 3.8 0.04 12746.2974824

0 3.84 0.04 12752.0217033
1 3.84 0.04 12751.6949703

0 3.88 0.04 12758.2306726
1 3.88 0.04 12757.9044975

0 3.92 0.04 12764.6697474
1 3.92 0.04 12764.3418806

0 3.96 0.04 12772.6842287
1 3.96 0.04 12772.3564182

0 4 0.04 12781.3434789
1 4 0.04 12781.0152759

0 4.04 0.04 12789.9697805
1 4.04 0.04 12789.642095

0 4.08 0.04 12799.761708
1 4.08 0.04 12799.4318355

0 4.12 0.04 12809.6827697
1 4.12 0.04 12809.3539024

0 4.16 0.04 12820.4393821
1 4.16 0.04 12820.1089219

0 4.2 0.04 12831.4158049
1 4.2 0.04 12831.0844409

0 4.24 0.04 12843.8547414
1 4.24 0.04 12843.5218229

0 4.28 0.04 12857.6190752
1 4.28 0.04 12857.2683937

0 4.32 0.04 12872.8449235
1 4.32 0.04 12872.4928676

0 4.36 0.04 12889.7010512
1 4.36 0.04 12889.3499057

0 4.4 0.04 12907.8589139
1 4.4 0.04 12907.5058509

0 4.44 0.04 12928.5920946
1 4.44 0.04 12928.2387732

0 4.48 0.04 12950.3513848
1 4.48 0.04 12949.9961223

0 4.52 0.04 12974.3018104
1 4.52 0.04 12973.9460546

0 4.56 0.04 13000.2112227
1 4.56 0.04 12999.8533313

0 4.6 0.04 13027.8035892
1 4.6 0.04 13027.4422249

0 4.64 0.04 13058.3056524
1 4.64 0.04 13057.940817

0 4.68 0.04 13090.7442433
1 4.68 0.04 13090.3784723

0 4.72 0.04 13126.3682201
1 4.72 0.04 13125.9971218

0 4.76 0.04 13163.9391225
1 4.76 0.04 13163.5641869

0 4.8 0.04 13203.6469547
1 4.8 0.04 13203.2677602

0 4.84 0.04 13246.2544921
1 4.84 0.04 13245.8690044

0 4.88 0.04 13290.463998
1 4.88 0.04 13290.0724285

0 4.92 0.04 13336.6543434
1 4.92 0.04 13336.2549726

0 4.96 0.04 13386.4821654
1 4.96 0.04 13386.0578488

0 5 0.04 13437.0356238
1 5 0.04 13436.6011186

0 5.04 0.04 13488.8386717
1 5.04 0.04 13488.4139131

0 5.08 0.04 13540.4035541
1 5.08 0.04 13539.9700132

0 5.12 0.04 13592.6639699
1 5.12 0.04 13592.2201663

0 5.16 0.04 13639.9889282
1 5.16 0.04 13639.5333889

