#Turbine    Time(s)    dt(s)    Vvertical (m/s)
0 0 0.04 0 0 0 0 0 0 0 0 0 0 0 0 
1 0 0.04 0 0 0 0 0 0 0 0 0 0 0 0 

0 0.04 0.04 0 0 0 0 0 0 0 0 0 0 0 0 
1 0.04 0.04 0 0 0 0 0 0 0 0 0 0 0 0 

0 0.08 0.04 7.09274680589e-05 0.000420842724001 0.000836078227449 0.00121457347479 0.00166492372961 0.0022559528706 0.00308175463547 0.00423787729417 0.00582278829841 0.00582685470162 -0.00227646018584 -0.00341780170827 
1 0.08 0.04 7.11935802438e-05 0.000421661716956 0.000836172012472 0.00121476793883 0.00166510483236 0.00225623194814 0.00308187822122 0.0042380352895 0.00582295278536 0.00582697335409 -0.00227652942375 -0.00341784231477 

0 0.12 0.04 -2.22698173121e-05 0.000678501618112 0.00151084299455 0.00220903064411 0.00298221548449 0.00391207061035 0.00504496357798 0.00629918442874 0.00750589062675 0.00676897863994 -0.00222066002642 -0.00366690951599 
1 0.12 0.04 -2.17390246245e-05 0.000678567513534 0.00151103939754 0.00220940875774 0.00298255832189 0.00391252494433 0.00504522606215 0.00629947503124 0.00750615747242 0.00676892549444 -0.00222066645326 -0.00366679540378 

0 0.16 0.04 -0.000278612424429 0.000866933897446 0.00220232259458 0.00327851017315 0.00445428468176 0.00586582662378 0.00759288856146 0.00952241796492 0.0114118422862 0.0100019899134 -0.00351520432772 -0.00537286921965 
1 0.16 0.04 -0.000277847649268 0.000867135392305 0.00220266050758 0.00327909425657 0.00445479767288 0.00586643953618 0.00759331461653 0.00952286888636 0.0114122913136 0.0100020319871 -0.00351510808757 -0.00537261441738 

0 0.2 0.04 -0.000690617578585 0.00096885499932 0.00288543633537 0.00437996861773 0.0059906908223 0.00791186575646 0.0102232651836 0.0126586082586 0.0145719454287 0.011368329721 -0.00487474259421 -0.00659007743002 
1 0.2 0.04 -0.000689614472132 0.000969208948011 0.00288590970091 0.00438073944794 0.00599140159744 0.00791262147903 0.0102238381257 0.0126591418185 0.0145724824265 0.0113681592792 -0.00487464819264 -0.00658979777871 

0 0.24 0.04 -0.00123741746427 0.000991156701084 0.00357361552798 0.0055419124623 0.00764965786636 0.0101709216912 0.0131902104918 0.0162605841589 0.0182183244481 0.0124557641337 -0.00680862738138 -0.00796664799483 
1 0.24 0.04 -0.00123617337652 0.000991704187475 0.00357426179053 0.00554287882823 0.00765055963276 0.0101718308654 0.0131909603091 0.016261364036 0.018219034559 0.0124557194401 -0.00680843746427 -0.0079662330812 

0 0.28 0.04 -0.00192915707266 0.000928043309948 0.00426152581923 0.00675973098395 0.00942805377079 0.0126422899679 0.0164941970581 0.0203118832187 0.0222203417396 0.0129740501649 -0.00931767616237 -0.00953067880046 
1 0.28 0.04 -0.00192765832265 0.000928814606927 0.00426234492916 0.0067609135166 0.00942915914935 0.0126433658228 0.0164952177043 0.0203128596667 0.0222212401509 0.0129740240634 -0.00931754964702 -0.00953035957055 

0 0.32 0.04 -0.00275958293734 0.000792934760759 0.00496824813252 0.00806174438963 0.0113701974787 0.0153886353656 0.0202082915274 0.0248557870269 0.0264642336354 0.01145083952 -0.0125868181573 -0.0113534228461 
1 0.32 0.04 -0.0027578263848 0.000793947962923 0.00496918444928 0.00806314183223 0.0113715268355 0.0153898453743 0.020209514894 0.0248570247458 0.0264652118858 0.0114509141562 -0.0125866258704 -0.0113530606042 

0 0.36 0.04 -0.00372043598666 0.000595839044865 0.0057098883966 0.00947251117848 0.0135136502556 0.0184613393435 0.0244046109203 0.0300322990713 0.0312696604226 0.00995841229394 -0.016518221932 -0.0131920986271 
1 0.36 0.04 -0.00371840524899 0.00059707411013 0.0057110134276 0.00947411365396 0.0135151571373 0.0184627052705 0.0244060450716 0.0300337246379 0.0312706897849 0.00995871225699 -0.0165178963715 -0.0131916083308 

0 0.4 0.04 -0.00479811603972 0.000358003704956 0.00651498363438 0.0110359595218 0.0159233935493 0.0219427273911 0.0291581685132 0.0358259065213 0.0359531786687 0.00756710681073 -0.0212139845295 -0.0153492461682 
1 0.4 0.04 -0.00479580581314 0.000359602057151 0.00651636158039 0.0110378010543 0.0159251471598 0.0219442473872 0.0291600033518 0.0358276346276 0.0359535539532 0.00756763348154 -0.0212139973892 -0.0153491885386 

0 0.44 0.04 -0.00598309698309 9.94018542622e-05 0.00741030827017 0.0127931029634 0.0186508400204 0.0258730566056 0.0344459353081 0.0422318571364 0.0409188637145 0.00332242759251 -0.0264426206816 -0.0173405352888 
1 0.44 0.04 -0.00598048874323 0.000101340053089 0.00741187589228 0.0127952503456 0.0186528270739 0.025874784459 0.0344480842031 0.0422350775092 0.040919326438 0.00332284214911 -0.0264424784241 -0.0173404014581 

0 0.48 0.04 -0.00724393639203 -0.000140456682945 0.0084616047828 0.0148495187378 0.021854281913 0.0304621765358 0.0405419274757 0.049451609301 0.0466518100996 -0.00239680468915 -0.0327163101025 -0.0195995170978 
1 0.48 0.04 -0.00724104102322 -0.000138230876603 0.0084634411032 0.0148518889125 0.0218565456585 0.0304641728741 0.0405444489798 0.0494553924869 0.04665272106 -0.00239606278514 -0.0327164940725 -0.0195996528497 

0 0.52 0.04 -0.0085703526614 -0.000336865869028 0.00971397077139 0.017275287559 0.0256151770401 0.0357392123693 0.0472936521154 0.0570827641275 0.0522608170719 -0.00909732108403 -0.0403310185008 -0.0229356209213 
1 0.52 0.04 -0.00856712090033 -0.0003341262557 0.0097161209284 0.0172779567254 0.0256177359176 0.0357413175037 0.0472963279616 0.0570869324071 0.0522616743808 -0.0090968312152 -0.0403308012158 -0.0229353945503 

0 0.56 0.04 -0.00993105098155 -0.00043869675587 0.0112574857836 0.0202208623686 0.0301374342947 0.0419072341478 0.0548419604968 0.0652251144288 0.0575136112905 -0.0180659089084 -0.0481708331258 -0.0258427236185 
1 0.56 0.04 -0.00992746808451 -0.000435670327583 0.0112599568155 0.0202238004865 0.0301402745911 0.0419096587894 0.0548450359031 0.0652300382481 0.0575150095528 -0.0180650374971 -0.0481710438068 -0.0258428114357 

0 0.6 0.04 -0.0112972462464 -0.000383683057596 0.0132004333507 0.0238727944075 0.0356567750782 0.0491486539488 0.0632438954152 0.0739123288402 0.0626674113313 -0.0293975855374 -0.056924765638 -0.0289702351424 
1 0.6 0.04 -0.0112932747491 -0.000380061638919 0.0132032712107 0.0238761315699 0.0356599628061 0.0491512702608 0.0632474580328 0.0739176078638 0.0626687991228 -0.0293966921114 -0.056925021416 -0.0289705318342 

0 0.64 0.04 -0.0126351654609 -0.000108957880698 0.0156730144419 0.0284622874879 0.0424379313488 0.0575720904435 0.0722873720239 0.0825176047446 0.0662878131639 -0.043563382502 -0.0659300316991 -0.0320727536465 
1 0.64 0.04 -0.0126308002701 -0.000104987754366 0.0156762558713 0.0284660223876 0.0424416559906 0.0575750325319 0.0722912837663 0.0825233583453 0.0662892916992 -0.0435624268793 -0.0659302834531 -0.0320730498357 

0 0.68 0.04 -0.0138976587032 0.000481950499271 0.0188792391302 0.034364606033 0.0509253860685 0.0674413773632 0.0819911592572 0.090962849914 0.0687574167021 -0.0597522800983 -0.0754280414836 -0.035104636293 
1 0.68 0.04 -0.0138928637057 0.000486569028404 0.0188827966695 0.0343686647649 0.0509295237339 0.0674444656919 0.0819957599801 0.090969464876 0.0687590811613 -0.0597511964218 -0.0754283511823 -0.035104882744 

0 0.72 0.04 -0.0150367643693 0.00150043216787 0.0230814215003 0.042092487795 0.0616892213548 0.0789939022417 0.0918918187032 0.0994743515095 0.0719584397711 -0.0780702703905 -0.0872008546373 -0.0395566038757 
1 0.72 0.04 -0.0150315198764 0.00150530333154 0.0230854815066 0.0420969206714 0.0616938410855 0.0789973566954 0.0918974874181 0.0994816819672 0.0719601263126 -0.0780692111042 -0.0872017083198 -0.0395574631754 

0 0.76 0.04 -0.0160203639552 0.00305073853645 0.0285856602651 0.0523099467002 0.0753922486936 0.0922661119643 0.101951484821 0.105540894947 0.068662650265 -0.0998483784512 -0.09639625884 -0.0419571502826 
1 0.76 0.04 -0.0160146355938 0.00305645346703 0.0285901452987 0.0523148900618 0.0753974011865 0.0922700325436 0.101957905644 0.105548861196 0.0686644810615 -0.0998470754073 -0.0963971819422 -0.0419585798258 

0 0.8 0.04 -0.0167982386463 0.0052775752899 0.0358412515623 0.06606633923 0.0930867591148 0.107474927294 0.11166223407 0.110525550935 0.0652535295066 -0.123263989573 -0.108484160687 -0.0466327626515 
1 0.8 0.04 -0.0167920009134 0.00528350724179 0.0358463377109 0.0660717965146 0.0930923574304 0.107479016104 0.111669260399 0.110534142764 0.0652551516284 -0.123262879162 -0.108485376058 -0.0466335673906 

0 0.84 0.04 -0.0173500610188 0.00830282478221 0.0453639200088 0.0847741780954 0.115974770685 0.124265156299 0.119550292695 0.112537058596 0.0595237059882 -0.150479792304 -0.120685182267 -0.0510923509204 
1 0.84 0.04 -0.0173432823981 0.00830942095368 0.0453696802078 0.0847801746673 0.11598098234 0.124269632125 0.11955779202 0.11254608844 0.0595254687309 -0.150478746156 -0.12068691549 -0.0510936367794 

0 0.88 0.04 -0.0176623365637 0.0122478304828 0.0578301620031 0.110601643819 0.14563603681 0.141922422977 0.124284440711 0.109438490481 0.0465361243437 -0.178998693787 -0.130819344322 -0.0539806526574 
1 0.88 0.04 -0.0176549882265 0.0122551513971 0.0578365820515 0.11060836881 0.145642796573 0.14192714507 0.124292954858 0.109448211555 0.0465377360899 -0.178997651588 -0.130820661856 -0.0539827402036 

0 0.92 0.04 -0.0177390314068 0.0172177985458 0.0740738469962 0.14666984827 0.183583013457 0.15900281705 0.12427010905 0.101484632993 0.031333356459 -0.209689396541 -0.14241666737 -0.0581869225579 
1 0.92 0.04 -0.0177310933899 0.0172254191116 0.0740811028728 0.146677572132 0.183590631129 0.159007899377 0.124279120441 0.101494392592 0.0313342781874 -0.209687431876 -0.142418434579 -0.0581889442192 

0 0.96 0.04 -0.0176169662155 0.0232147276187 0.0949652208585 0.19702321951 0.230896573953 0.171625899257 0.116816946797 0.0871271563993 0.0138825625289 -0.241927457714 -0.154363121135 -0.0627732908875 
1 0.96 0.04 -0.0176084246762 0.023223231989 0.0949731599448 0.197031661124 0.230905226509 0.171634184177 0.116826525597 0.0871370590818 0.0138828675269 -0.241925541869 -0.154364953181 -0.0627749203345 

0 1 0.04 -0.0173750276917 0.030125478036 0.121128918946 0.265832932761 0.287134665528 0.178250576715 0.100217464238 0.0657242451784 -0.00965449669263 -0.274462274516 -0.164552392052 -0.0666078000616 
1 1 0.04 -0.0173658190968 0.0301349565628 0.121137710947 0.265842361373 0.287144355991 0.178258931455 0.100227588946 0.0657343146897 -0.00965361970805 -0.274459439799 -0.164555913885 -0.0666111896069 

0 1.04 0.04 -0.0171079345295 0.0377057543715 0.152595376233 0.355429987335 0.350035605515 0.17609400889 0.0752246122311 0.0399724592652 -0.0321147999412 -0.307874354381 -0.175481040689 -0.0709407436962 
1 1.04 0.04 -0.0170980292037 0.0377157278699 0.152605498054 0.355440564315 0.350046482178 0.176102478108 0.0752350345435 0.0399826041389 -0.032114131759 -0.307871957588 -0.175484387508 -0.0709444639365 

0 1.08 0.04 -0.0169240185984 0.0455509523414 0.188132892864 0.460052211789 0.417230906997 0.165399601573 0.0424860710196 0.00800298229231 -0.0599546165345 -0.339790882548 -0.183936777976 -0.074449772258 
1 1.08 0.04 -0.0169134002767 0.0455619548196 0.188143789702 0.460064000609 0.417243200358 0.16540811884 0.0424965831103 0.00801223667499 -0.059954534067 -0.339787244826 -0.183942107465 -0.0744533921354 

0 1.12 0.04 -0.0169465743008 0.0531995782214 0.226988755586 0.577254201366 0.485765144476 0.150387381199 0.00700167348671 -0.0245395526675 -0.0875564169183 -0.370087627752 -0.192054348883 -0.0781322073954 
1 1.12 0.04 -0.016935265906 0.0532115412923 0.22700026058 0.577267739059 0.485778923581 0.150396067619 0.00701271355362 -0.0245315308937 -0.0875569308039 -0.370084342235 -0.192059126991 -0.0781365953623 

0 1.16 0.04 -0.01725381522 0.060191748299 0.262432563949 0.691806184422 0.55392264104 0.136871149079 -0.0272591313192 -0.0544908960378 -0.11002789176 -0.401025880026 -0.20124723734 -0.0830044641133 
1 1.16 0.04 -0.0172417468781 0.0602039534246 0.26244544062 0.691821797846 0.553937925506 0.136879913055 -0.0272471272518 -0.0544835187708 -0.110029713184 -0.401021314071 -0.201252106122 -0.0830079230732 

0 1.2 0.04 -0.0179316502038 0.0660637355777 0.293362564204 0.792921644543 0.618837045861 0.128806219888 -0.0574950677016 -0.0843254987855 -0.136247547305 -0.426461772795 -0.205949336354 -0.0854527623883 
1 1.2 0.04 -0.017918800198 0.066076568725 0.2933772201 0.792939164534 0.618853999678 0.128814918572 -0.0574827299076 -0.0843188480412 -0.136249234778 -0.426456525647 -0.205956919119 -0.0854587799382 

0 1.24 0.04 -0.0190511819084 0.0706864798313 0.318235075475 0.874902993776 0.677848301136 0.12925331954 -0.0781445954637 -0.105110776155 -0.152215828624 -0.452196678369 -0.213412558988 -0.090396053722 
1 1.24 0.04 -0.0190375308311 0.0707007373947 0.318250811229 0.874921765417 0.677866984403 0.129263188232 -0.0781323930197 -0.105105107437 -0.152218492936 -0.452193796843 -0.213418980385 -0.0904017987829 

0 1.28 0.04 -0.02066426956 0.0737845729168 0.336777296593 0.937436231709 0.728276369138 0.136366376331 -0.0908309101661 -0.123512175315 -0.172237972749 -0.470458548348 -0.213485606671 -0.0904334827555 
1 1.28 0.04 -0.0206497615782 0.0737997208198 0.336795233895 0.937457576373 0.728296871071 0.13637709794 -0.0908188240039 -0.123507535238 -0.172242125812 -0.470455164145 -0.213492454628 -0.0904387411915 

0 1.32 0.04 -0.0227642481629 0.0753852072944 0.349628669085 0.983463336202 0.769188975859 0.147486269642 -0.0957524120456 -0.13309473641 -0.183058711415 -0.486472333781 -0.216731101599 -0.0944788621619 
1 1.32 0.04 -0.0227488695193 0.0754015786656 0.349648237482 0.983486209763 0.769211708653 0.147498694745 -0.0957405401727 -0.133090990146 -0.183062288836 -0.486466290761 -0.216740166032 -0.0944866180693 

0 1.36 0.04 -0.0253101789101 0.0756217880576 0.357753825444 1.01653634956 0.800947416553 0.159916950753 -0.0951482420657 -0.137461194947 -0.188879670333 -0.496920704928 -0.216972089013 -0.0966312082468 
1 1.36 0.04 -0.0252944508625 0.0756384798794 0.35777467974 1.01656121842 0.800972354607 0.159930057036 -0.0951365911307 -0.137458444971 -0.188885630175 -0.496915124369 -0.216980538254 -0.0966386205696 

0 1.4 0.04 -0.0282803807148 0.0745627754242 0.362039171439 1.03966308283 0.82454080518 0.171469798454 -0.0914195379843 -0.137873251077 -0.192225497451 -0.501715180623 -0.213537996231 -0.0969982778477 
1 1.4 0.04 -0.0282637970271 0.0745812182221 0.36206043705 1.03969028014 0.824567829092 0.171484612101 -0.091408058261 -0.137871447133 -0.192231608263 -0.501713686974 -0.21354811575 -0.0970087323092 

0 1.44 0.04 -0.031607633447 0.0725633523771 0.36323551056 1.05510095352 0.841327079281 0.181389742041 -0.0857925426488 -0.135064221363 -0.191656569956 -0.501404903298 -0.20834169208 -0.0969068167965 
1 1.44 0.04 -0.031590134485 0.0725834199573 0.363259161979 1.05512995661 0.841356587291 0.181406344872 -0.08578135072 -0.135063053578 -0.191664792343 -0.501402831 -0.208352707864 -0.0969145722419 

0 1.48 0.04 -0.0352233922392 0.06973902265 0.361955384759 1.06436652138 0.852482808028 0.189372002092 -0.0790963287855 -0.129004721288 -0.184579956754 -0.495762346961 -0.20259444277 -0.0971352789143 
1 1.48 0.04 -0.0352049258888 0.0697597243799 0.361980375283 1.06439830352 0.85251505868 0.189389997998 -0.0790854812716 -0.12900435744 -0.184587303572 -0.495760923778 -0.202606877018 -0.0971469109996 

0 1.52 0.04 -0.0390898840226 0.06617971829 0.35859251494 1.06830776632 0.858727379617 0.195122905709 -0.0727427326436 -0.122978074687 -0.17862993802 -0.484647462511 -0.19189630056 -0.0945150539562 
1 1.52 0.04 -0.0390704639746 0.0662012347148 0.358618200451 1.0683422124 0.858761169759 0.195142716061 -0.0727320645919 -0.122978732526 -0.178637988925 -0.484645306252 -0.19191143154 -0.094525419218 

0 1.56 0.04 -0.0431132992196 0.0620393350272 0.353488616802 1.06755846906 0.860790496335 0.199028326685 -0.0664911307603 -0.115460125821 -0.168130264633 -0.467717916837 -0.180533413114 -0.0925736831737 
1 1.56 0.04 -0.0430933268798 0.0620634087245 0.35351535092 1.06759533786 0.860827916978 0.199049566493 -0.0664808024918 -0.115461494559 -0.168140463804 -0.467714474993 -0.180548360785 -0.092584514467 

0 1.6 0.04 -0.0473135718959 0.0574260048501 0.346854828477 1.06249450357 0.85908833327 0.201282259955 -0.060488644587 -0.107010024108 -0.154419154153 -0.446048427974 -0.168627504103 -0.0909905094524 
1 1.6 0.04 -0.0472921140041 0.0574504076828 0.346884001218 1.06253612565 0.859127824888 0.201303928044 -0.0604785969172 -0.10701167348 -0.154429504817 -0.446052045866 -0.168641144986 -0.0910043102154 

0 1.64 0.04 -0.0516828213716 0.0523932282853 0.338832888214 1.05333617172 0.853841463534 0.201905763141 -0.0552781687386 -0.0995984032719 -0.142842997567 -0.419833456055 -0.150474712159 -0.0848057799095 
1 1.64 0.04 -0.0516599346394 0.0524198007722 0.338863691411 1.05337755924 0.853884387725 0.20193040105 -0.0552682492701 -0.099600767969 -0.142852244214 -0.41983294529 -0.15049144087 -0.0848180726067 

0 1.68 0.04 -0.0561382211057 0.0470137711911 0.329567657585 1.04025515782 0.845343989994 0.201298377925 -0.0501724087735 -0.0910297239201 -0.126871023169 -0.388715143536 -0.133906063882 -0.0812027208716 
1 1.68 0.04 -0.0561140411991 0.0470417055719 0.329601448466 1.0403026258 0.845390151979 0.201324189634 -0.0501627688472 -0.0910327920627 -0.126881611432 -0.388718481046 -0.133921257048 -0.0812179445057 

0 1.72 0.04 -0.0606382597197 0.0413284280575 0.319141780677 1.02329637432 0.833654493004 0.199430464155 -0.0456763503472 -0.0833223027864 -0.112210536518 -0.35383026144 -0.112655752853 -0.0740038534023 
1 1.72 0.04 -0.0606132903025 0.0413579311479 0.319175644113 1.02334697986 0.83370059097 0.199456751408 -0.045666989502 -0.0833254531836 -0.112221104942 -0.353832406395 -0.112671372872 -0.0740206596327 

0 1.76 0.04 -0.065123952044 0.0354152040156 0.307650789922 1.00255070204 0.818930175362 0.196570374134 -0.0413204411553 -0.0752440182747 -0.0958549888452 -0.314946665276 -0.0908827112841 -0.0671087595808 
1 1.76 0.04 -0.0650981948361 0.0354464796305 0.30768678649 1.00260218282 0.818981507315 0.196597466804 -0.04131111287 -0.0752475980575 -0.0958654095315 -0.314958042913 -0.0909018232079 -0.0671219417522 

0 1.8 0.04 -0.069602290893 0.0295340202166 0.295147502031 0.978027561881 0.801208244659 0.192737154835 -0.0373209928011 -0.0674936816028 -0.0795144866976 -0.272386155037 -0.0673641334498 -0.0588484728675 
1 1.8 0.04 -0.0695756374196 0.029310806698 0.295184005826 0.978081358765 0.801262642925 0.192765616563 -0.0373119231617 -0.0674978895499 -0.0795267681258 -0.272398958605 -0.0673818227239 -0.0588661056559 

0 1.84 0.04 -0.0740643509304 0.0232178334517 0.281688453436 0.949751263984 0.780560365857 0.188081937859 -0.0334555962065 -0.0596246628982 -0.0624458266128 -0.227012485553 -0.0421717385042 -0.0501276623079 
1 1.84 0.04 -0.074036695196 0.0232517108243 0.281727728696 0.949812693426 0.780618385744 0.188111794142 -0.0334467110148 -0.0596293693586 -0.0624570529541 -0.227024952729 -0.0421933603196 -0.050148789764 

0 1.88 0.04 -0.0785114977042 0.0167343632348 0.267309404917 0.917746191711 0.757024331238 0.182628451805 -0.0297903880985 -0.0519968667898 -0.0455855868341 -0.17917185048 -0.0139769879994 -0.0392427771406 
1 1.88 0.04 -0.0784827954431 0.0167692901676 0.267351455324 0.917809527595 0.757086496446 0.182660473928 -0.0297817227957 -0.0520014335501 -0.0455980016959 -0.179183558154 -0.0139970138488 -0.0392662208645 

0 1.92 0.04 -0.0828289137843 0.0100903753357 0.252057355692 0.882075613134 0.730646356395 0.176491026281 -0.0261587857281 -0.044275272821 -0.0282370142707 -0.12856503285 0.0145506110627 -0.0286043936118 
1 1.92 0.04 -0.0827985511308 0.010127328932 0.252099836636 0.882150805431 0.730707404904 0.176522386157 -0.026150225222 -0.044280174926 -0.0282474676687 -0.12858599643 0.0145276435672 -0.0286284102277 

0 1.96 0.04 -0.0872080997604 0.0033062185519 0.235959133525 0.842798983019 0.70145864762 0.169709695878 -0.0225568097241 -0.0365302559729 -0.0107910169879 -0.0763300480777 0.0438231570943 -0.0172649312728 
1 1.96 0.04 -0.0871766362862 0.00334512464972 0.236003721418 0.842879671803 0.701522991437 0.169743591193 -0.0225484979819 -0.0365354967261 -0.0108017657901 -0.0763553202611 0.0437976216437 -0.0172863092984 

0 2 0.04 -0.091541317686 -0.00354040271146 0.219048836991 0.800003486641 0.669519749026 0.162337640814 -0.0189668940323 -0.0288583772773 0.00636522600435 -0.0229614339579 0.0742171577545 -0.00472805310057 
1 2 0.04 -0.0915088375776 -0.00350089283617 0.219096787194 0.80008808001 0.669586891561 0.162372271237 -0.0189587908411 -0.0288635853544 0.00635358794308 -0.022990520276 0.0741924863379 -0.00475151195417 

0 2.04 0.04 -0.0958138913558 -0.010455162944 0.201362351119 0.753825098238 0.634925888572 0.154478759419 -0.015243589737 -0.0209992575723 0.023715237299 0.0317059109939 0.105190804693 0.00835004794969 
1 2.04 0.04 -0.0957803939379 -0.010414643703 0.201413124728 0.753913099345 0.635000370314 0.154515107523 -0.0152357387316 -0.0210052849545 0.0237056220907 0.0316741477533 0.105167401984 0.00832665082581 

0 2.08 0.04 -0.100007908234 -0.0175162815744 0.1829623562 0.704377121907 0.597734195005 0.146135768776 -0.0114709782401 -0.0131611635531 0.0407802220831 0.0866273906424 0.136655190261 0.0222025441028 
1 2.08 0.04 -0.0999734038311 -0.0174730357965 0.183017861792 0.70446720336 0.597814521199 0.146171012007 -0.0114632616476 -0.0131671002586 0.0407705718044 0.086590733844 0.136628465803 0.0221744210107 

0 2.12 0.04 -0.104100995822 -0.0245618680126 0.163933923454 0.651843830195 0.558113663473 0.137480825758 -0.00738315079509 -0.0048777469079 0.0583784554251 0.142497098976 0.167132943422 0.0350606296352 
1 2.12 0.04 -0.104065425554 -0.0245177626586 0.163989736975 0.651938421353 0.558196118152 0.137515965752 -0.00737568225194 -0.00488332127954 0.058366917522 0.142461005424 0.167105775072 0.0350350739174 

0 2.16 0.04 -0.108115024886 -0.0316092250818 0.144314720156 0.596250172958 0.516096845614 0.128416174769 -0.00324605431871 0.00322057956008 0.0749743353179 0.196730750616 0.1977896294 0.0493190559275 
1 2.16 0.04 -0.108078375209 -0.0315641395277 0.144375263047 0.596348726573 0.51618400313 0.128453961064 -0.00323861204898 0.00321465092175 0.0749648612468 0.196689362874 0.197764897553 0.0492938627732 

0 2.2 0.04 -0.112030036391 -0.0385569897 0.124190990013 0.537780649519 0.471907812807 0.119122826543 0.00120671493381 0.0116870877 0.0917239234158 0.250792219108 0.227549376285 0.0633002286002 
1 2.2 0.04 -0.11199242609 -0.0385109303188 0.124252264276 0.537889363161 0.471998535717 0.119162152201 0.00121392115618 0.011681384145 0.0917129061005 0.250745264197 0.227522503962 0.0632722544252 

0 2.24 0.04 -0.11584349508 -0.0455464087466 0.103604801607 0.476563023361 0.425709234047 0.109646554454 0.00598876374223 0.0204671934223 0.108385310296 0.303530886884 0.256029718501 0.0773200624957 
1 2.24 0.04 -0.115804810784 -0.0454987555464 0.103668969163 0.476668478458 0.425801061698 0.109686892223 0.00599623606407 0.0204614092067 0.108375383337 0.303482804122 0.256001104153 0.0772918762471 

0 2.28 0.04 -0.119563409431 -0.0525459392291 0.082596327031 0.412801951402 0.377642026079 0.0999788493143 0.0110177484389 0.0293349751604 0.124493540514 0.35422815838 0.283344337152 0.0909375360368 
1 2.28 0.04 -0.119523692592 -0.0524967344309 0.0826667356 0.412911372741 0.377730268664 0.100019179743 0.0110250789277 0.0293289841838 0.124482588276 0.354180736153 0.28331700783 0.0909119036717 

0 2.32 0.04 -0.123173949309 -0.0595042799683 0.0612343843258 0.34675853541 0.327921972856 0.0902365553682 0.0164256272085 0.0385596384701 0.140464506321 0.40312948949 0.308972124728 0.104089181063 
1 2.32 0.04 -0.123133064998 -0.0594539429188 0.0613044978504 0.34687861886 0.328022611186 0.0902780965201 0.0164326824179 0.038553373548 0.140452956593 0.403073519676 0.308943862989 0.104063554354 

0 2.36 0.04 -0.126864292559 -0.0664038118433 0.0396664288423 0.278740322444 0.276753226963 0.0805038376573 0.0222512885926 0.0481626251519 0.156174319256 0.4495001786 0.332732462158 0.116832835337 
1 2.36 0.04 -0.126822660782 -0.0663513271486 0.0397492112006 0.278868593185 0.276847483358 0.0805433119205 0.0222585070982 0.0481557719248 0.156162386381 0.449441450441 0.332704551093 0.116804318265 

0 2.4 0.04 -0.130258419555 -0.0732362524894 0.0174750058358 0.209059635517 0.224321150973 0.0707954086793 0.0284034628376 0.0579099045305 0.171114908777 0.492291967615 0.354549393343 0.129172074289 
1 2.4 0.04 -0.130215685396 -0.0731816245454 0.0175625060146 0.209193058699 0.224418007791 0.0708355277678 0.0284105139277 0.0579031841189 0.171102680203 0.492232351925 0.354519712966 0.129144915827 

0 2.44 0.04 -0.133538031575 -0.0802570011229 -0.00495602947488 0.138100894631 0.170872842983 0.0612270559902 0.0349765738455 0.0679920582316 0.185705714506 0.532149835986 0.374450573613 0.141264999666 
1 2.44 0.04 -0.133494138973 -0.0801999544933 -0.00487141882214 0.138238137144 0.17097640208 0.0612671585654 0.0349836564838 0.0679856784191 0.185693921208 0.532086224278 0.374422027825 0.141237078393 

0 2.48 0.04 -0.136696110187 -0.0868982558691 -0.0271969773697 0.0662711337233 0.116655294339 0.0518992828097 0.042006852772 0.0784149871609 0.199909962584 0.568746083046 0.391246761333 0.151846695487 
1 2.48 0.04 -0.136651025389 -0.0868396232953 -0.0271095466524 0.0664218788569 0.116761209432 0.0519423716654 0.0420138295467 0.0784086030088 0.19989715012 0.568679631933 0.391217853476 0.151818200941 

0 2.52 0.04 -0.139727634855 -0.0934029673411 -0.0493358383784 -0.00452944622567 0.0618947108378 0.0429090037964 0.0495549751236 0.089302277965 0.21384253931 0.600856681348 0.404853565364 0.161447755933 
1 2.52 0.04 -0.139681366834 -0.0933412844738 -0.0492467035387 -0.00436104578256 0.0620136073339 0.0429519172713 0.0495620607153 0.0892955584487 0.213829322334 0.600791502088 0.404826202137 0.16141997735 

0 2.56 0.04 -0.142634293072 -0.0997542100527 -0.071293819893 -0.0769133341556 0.0063775212503 0.0342790018066 0.0575123703962 0.100354897406 0.22688505262 0.628527676165 0.416388512797 0.170839799613 
1 2.56 0.04 -0.142586879449 -0.099691348733 -0.0712042072509 -0.0767148666147 0.00648397482683 0.0343232079452 0.0575190263122 0.100348072755 0.226870724209 0.628459624884 0.416360068415 0.170810179963 

0 2.6 0.04 -0.14541095947 -0.105927053601 -0.0917056639229 -0.15019765321 -0.0486153077991 0.0260548175609 0.0658033117673 0.111319549637 0.238436711847 0.651131855121 0.426049775197 0.180395597137 
1 2.6 0.04 -0.145362410997 -0.105862952538 -0.0916182669812 -0.149995085812 -0.0485099483913 0.0260970341754 0.065810204524 0.111312475888 0.238421948274 0.651064173568 0.426020504342 0.180367089001 

0 2.64 0.04 -0.14804736491 -0.111885843462 -0.11298387868 -0.223662293724 -0.102844338078 0.0184066552953 0.0746521568458 0.122775556404 0.249813054967 0.669043530762 0.431547832073 0.187392685674 
1 2.64 0.04 -0.147997584846 -0.111820282402 -0.112893926163 -0.223447581022 -0.102738334761 0.0184510275196 0.0746588101734 0.122767975922 0.249796890637 0.668976236109 0.4315192675 0.187364132737 

0 2.68 0.04 -0.150538767434 -0.117596426048 -0.133784563248 -0.29662903716 -0.156061885562 0.0115149183049 0.0842017996662 0.134955816131 0.261484753156 0.682596102895 0.433378389516 0.193074928733 
1 2.68 0.04 -0.150487699925 -0.117529462855 -0.133690274947 -0.296410218548 -0.155956153775 0.0115578241518 0.0842084544612 0.134948773085 0.26146747673 0.682530934674 0.433349858884 0.193046813092 

0 2.72 0.04 -0.1528979629 -0.123049271185 -0.154036149661 -0.369864792293 -0.20809639453 0.00529376306498 0.0939445739302 0.146516498403 0.270387257876 0.689989964296 0.433518695834 0.198383751367 
1 2.72 0.04 -0.152845632203 -0.122980959636 -0.153941988958 -0.369650179225 -0.207989380224 0.00533812893174 0.0939515853314 0.14650897158 0.270369062898 0.689926110692 0.433490873371 0.198355445039 

0 2.76 0.04 -0.15510297053 -0.12819017994 -0.173580130567 -0.439912424122 -0.258487178739 4.55315172275e-05 0.104257936546 0.158444828738 0.278850114051 0.692350404541 0.430327597548 0.202334030651 
1 2.76 0.04 -0.155049430949 -0.128120578931 -0.173482358796 -0.439703373564 -0.258369351039 8.82488240643e-05 0.104264866022 0.158436871087 0.278830549046 0.692288903466 0.430299757228 0.20230612228 

0 2.8 0.04 -0.157144826491 -0.132981565406 -0.192251498859 -0.507821292025 -0.30678036719 -0.00407104711383 0.115071860277 0.170456896857 0.286257385214 0.688697491491 0.424493097489 0.205571307862 
1 2.8 0.04 -0.157090089096 -0.132909061212 -0.192148022156 -0.507606586148 -0.306667665152 -0.00402804552499 0.115079040808 0.170449499983 0.286236700729 0.688638810383 0.424465579107 0.205543753016 

0 2.84 0.04 -0.159018012727 -0.137377921167 -0.209896848654 -0.572948635244 -0.351958139302 -0.00689172621465 0.126299943896 0.182173504452 0.291219966456 0.678765387656 0.416326624794 0.207795260414 
1 2.84 0.04 -0.15896205342 -0.137304402386 -0.209790874902 -0.572722230219 -0.351840461647 -0.00684537333335 0.126307287878 0.182165991753 0.29119796283 0.678710656975 0.416299779298 0.20776821689 

0 2.88 0.04 -0.160713415988 -0.141319470257 -0.226315417414 -0.63460964187 -0.39440243491 -0.00824305682165 0.137826395099 0.193195870116 0.294429688328 0.664004699929 0.40577187767 0.209228251252 
1 2.88 0.04 -0.160656189917 -0.141245238492 -0.226205745907 -0.634394764201 -0.394281831714 -0.00819633116626 0.137834139585 0.193188636617 0.294406923463 0.663954655031 0.40574525226 0.209201406471 

0 2.92 0.04 -0.162213110108 -0.144734677603 -0.241140916356 -0.692026632282 -0.433014940354 -0.00787512715433 0.149841429771 0.204330320121 0.296927860879 0.643190096821 0.391965592697 0.209276574838 
1 2.92 0.04 -0.162154580234 -0.144658324494 -0.241029220762 -0.691807309682 -0.432889135319 -0.00782801329581 0.149849391481 0.204323023691 0.29690468088 0.643145911455 0.39193885548 0.209249685503 

0 2.96 0.04 -0.163523848925 -0.147569389244 -0.254082498515 -0.744411963829 -0.467103724291 -0.00744059242571 0.161064280358 0.212724307095 0.293881041732 0.616993704505 0.37764438481 0.209067510252 
1 2.96 0.04 -0.16346402626 -0.147490977361 -0.25397005704 -0.744199092054 -0.466977800833 -0.00738441954798 0.161072706204 0.212716987245 0.293856636282 0.616954759814 0.377618948994 0.209041742565 

0 3 0.04 -0.164615999573 -0.149707005329 -0.264672111626 -0.790648820672 -0.495432357896 -0.00321621748696 0.172255308028 0.220625755577 0.290850921594 0.586911913637 0.358771605689 0.205944729523 
1 3 0.04 -0.164554883329 -0.149628235603 -0.264555664429 -0.790436796514 -0.49530904511 -0.00315822680105 0.172264058871 0.220618478847 0.290824579565 0.58687669624 0.358748511934 0.20592073573 

0 3.04 0.04 -0.165499466784 -0.151079963946 -0.272467586981 -0.829162402389 -0.516706064583 0.00270124556387 0.181821017824 0.224481721056 0.2824339121 0.551626745474 0.339729561077 0.203157070373 
1 3.04 0.04 -0.165437103159 -0.150999411191 -0.2723490414 -0.82895330136 -0.516586622209 0.00275929142859 0.181830162724 0.224475629811 0.282407705909 0.551597917181 0.339706751795 0.203133809706 

0 3.08 0.04 -0.166173335631 -0.151610098564 -0.276859112136 -0.857600015696 -0.529595064078 0.00951952779459 0.188354807924 0.22459943795 0.269609956597 0.511160832345 0.320310736079 0.20048075341 
1 3.08 0.04 -0.16610964391 -0.151527936868 -0.276737783259 -0.857392588679 -0.529472718148 0.0095772408658 0.188364473464 0.224593961815 0.269583369916 0.511140463157 0.32028896526 0.200458530292 

0 3.12 0.04 -0.166658637917 -0.151238356776 -0.277145900995 -0.873020934869 -0.53292315308 0.0158377246921 0.190265573929 0.219856138822 0.254669782755 0.467918153782 0.298807046026 0.196386444922 
1 3.12 0.04 -0.166593602448 -0.15115505748 -0.277026290794 -0.872811416005 -0.532803334151 0.0158957035503 0.190275978099 0.219850832944 0.254641428308 0.467905121642 0.298786992197 0.196365296191 

0 3.16 0.04 -0.166985291942 -0.14996314001 -0.272589090487 -0.871694635334 -0.525877394715 0.0197248866855 0.18646766302 0.209672638082 0.23296897153 0.421259526351 0.277528909777 0.192240308072 
1 3.16 0.04 -0.166918893157 -0.149879189736 -0.272465214191 -0.87149608896 -0.525762962543 0.0197834254259 0.186478813845 0.209668180074 0.23294101099 0.421254656875 0.277510162507 0.192220358568 

0 3.2 0.04 -0.167210807231 -0.147878997008 -0.262687596069 -0.850214852406 -0.5090363265 0.0182326783225 0.174560030581 0.193547515536 0.209362086651 0.374372449601 0.255489581602 0.187388918948 
1 3.2 0.04 -0.167143005292 -0.147793354168 -0.262563955759 -0.850019532753 -0.508929375422 0.0182894112776 0.174572670974 0.193546250789 0.209335999179 0.374373439898 0.255469847247 0.18736815119 

0 3.24 0.04 -0.16740461937 -0.145179762167 -0.247539816587 -0.807266728858 -0.484041978248 0.0102460352985 0.155566540318 0.172395865275 0.184700210948 0.324595969618 0.232235052313 0.181146965157 
1 3.24 0.04 -0.16733540582 -0.145092808086 -0.24741373907 -0.807081004376 -0.483938788714 0.0103038352872 0.155579148263 0.172395826847 0.18467684463 0.324607085351 0.232216276812 0.181126667811 

0 3.28 0.04 -0.167643351619 -0.142154915754 -0.228206070735 -0.745636443878 -0.453173489169 -0.00396940262348 0.130292014777 0.14801352157 0.155966910251 0.274577946235 0.21102859193 0.176200910017 
1 3.28 0.04 -0.167571481434 -0.142065201123 -0.228078031666 -0.745457359611 -0.453064737546 -0.00389859342345 0.130348710979 0.148211240201 0.156997952834 0.275486011245 0.209979970477 0.175320568626 

0 3.32 0.04 -0.167989620161 -0.13911596726 -0.206551403943 -0.672205335954 -0.418547656108 -0.0215125388138 0.101860300057 0.121553893152 0.1316430565 0.225168184159 0.186993297039 0.168358674166 
1 3.32 0.04 -0.167918095931 -0.139027995811 -0.206426535919 -0.672044747576 -0.418455505009 -0.0214599949469 0.101859335186 0.121399116911 0.131016376428 0.22532448152 0.187354231424 0.168615740702 

0 3.36 0.04 -0.168503878799 -0.136387295164 -0.185112288288 -0.596186329586 -0.381916828635 -0.0381463982149 0.0739513495488 0.094482636272 0.101064408627 0.176088336408 0.167159276073 0.162818416663 
1 3.36 0.04 -0.168429940527 -0.136295726233 -0.184983634368 -0.596031572576 -0.381821334606 -0.0380857596812 0.0739868574523 0.094596181281 0.101295747102 0.176126591557 0.167013934303 0.162699779363 

0 3.4 0.04 -0.169244709215 -0.134267246659 -0.165898958634 -0.525670495358 -0.34532463509 -0.0502960243987 0.0495219455886 0.0701072769432 0.0744888330164 0.12901810064 0.146329518826 0.155743347551 
1 3.4 0.04 -0.169169822605 -0.134175690315 -0.165768304438 -0.525529681932 -0.345238177838 -0.0502399597965 0.0495330169581 0.0700671202629 0.0743711008857 0.129114662479 0.146433141711 0.155817295139 

0 3.44 0.04 -0.170268426041 -0.132997136069 -0.15014433923 -0.464969663139 -0.311279512433 -0.0567411550203 0.0300345464899 0.0495069413056 0.0534513370777 0.083453774386 0.126406166382 0.148743207931 
1 3.44 0.04 -0.170191811068 -0.132903351451 -0.150012078847 -0.464839283597 -0.311196279785 -0.056683312759 0.0300605784819 0.0495378369374 0.0534988068124 0.0835275652499 0.126395479812 0.148727246817 

0 3.48 0.04 -0.171625923308 -0.132724575265 -0.138173313293 -0.414506962127 -0.281800800872 -0.0579670873274 0.016762238082 0.0322898974334 0.0310642635557 0.0421716263207 0.108812519174 0.141995175728 
1 3.48 0.04 -0.17154792049 -0.132629511667 -0.138041351791 -0.414387863801 -0.281723143574 -0.0579106062941 0.0167844677565 0.0322916053116 0.0310401213389 0.0422608328162 0.108860900093 0.142025767345 

0 3.52 0.04 -0.173329514875 -0.133458963779 -0.129633161207 -0.372341486959 -0.257909426453 -0.056176334917 0.00879509121874 0.0206620316908 0.0144254134475 0.00392015729212 0.091997394574 0.134632091073 
1 3.52 0.04 -0.173249936592 -0.133362677834 -0.129501747484 -0.372233084959 -0.25783486562 -0.0561200636136 0.0088208543235 0.020678690461 0.0144366547604 0.00400953019317 0.0920210968992 0.134641756628 

0 3.56 0.04 -0.17537144728 -0.135130551299 -0.123881848343 -0.335992973683 -0.239284984695 -0.0531714485858 0.00482921475636 0.013036813241 0.00248524391181 -0.0297542913968 0.0772448455752 0.127574666185 
1 3.56 0.04 -0.175290378979 -0.135033495526 -0.123751369519 -0.335894999833 -0.239214653353 -0.05311537891 0.00485560303579 0.0130484742165 0.00248187881903 -0.0296594005304 0.0772830776792 0.127598149597 

0 3.6 0.04 -0.177736422944 -0.137642079139 -0.120303245486 -0.303386040634 -0.225196462566 -0.0505340341916 0.00321800667667 0.00837928955 -0.0075099306997 -0.05929007002 0.0655670523806 0.121833443326 
1 3.6 0.04 -0.177653848878 -0.137544348906 -0.120172995004 -0.303299712389 -0.225129585088 -0.0504792971535 0.00324544158631 0.00839459987139 -0.00750525341221 -0.0591866480931 0.0656016234436 0.121853389987 

0 3.64 0.04 -0.180384261466 -0.140859248962 -0.118352837858 -0.273018986777 -0.21462001176 -0.0489468398125 0.00302295648786 0.00680224705828 -0.0123933183619 -0.0840055796236 0.0549286537618 0.115801687293 
1 3.64 0.04 -0.18030023071 -0.140759400059 -0.11822362735 -0.272943523417 -0.214556983365 -0.0488915568738 0.00305104457021 0.0068165217348 -0.0123933645612 -0.0839002438936 0.0549704973853 0.11582588673 

0 3.68 0.04 -0.183281955303 -0.144670384375 -0.117640410096 -0.243981465545 -0.206688015837 -0.0488354609137 0.00311836709889 0.00648733895628 -0.0160665398073 -0.104388234439 0.0482876203081 0.111477531889 
1 3.68 0.04 -0.183196460462 -0.144569950074 -0.117512546343 -0.243916226872 -0.206628350244 -0.0487818043777 0.00314779070039 0.00650275372569 -0.0160666051043 -0.104285253658 0.048336370129 0.111508320225 

0 3.72 0.04 -0.186388862608 -0.14896639389 -0.117874589729 -0.215765126419 -0.200694583882 -0.0501643524051 0.00303007038992 0.00706490809397 -0.0167560862123 -0.119291700376 0.0432250309193 0.106744139758 
1 3.72 0.04 -0.186301874819 -0.148863720996 -0.117748372396 -0.215709362904 -0.20063807588 -0.0501101135073 0.00306195050402 0.00708060118208 -0.0167569886113 -0.119191871419 0.0432765521421 0.106779314172 

0 3.76 0.04 -0.189665227104 -0.153649669118 -0.118847721372 -0.18825073673 -0.196122433457 -0.052787246639 0.00266459875002 0.00880594402626 -0.0140204995139 -0.128763078255 0.0388781704384 0.100960454738 
1 3.76 0.04 -0.18957680025 -0.153546485826 -0.118723789599 -0.188205020188 -0.196069416915 -0.0527336937811 0.00269708699094 0.00882175824627 -0.0140236748729 -0.128667101933 0.0389342828442 0.10100052879 

0 3.8 0.04 -0.193084876407 -0.158654565593 -0.120465925145 -0.161486837702 -0.192704934584 -0.0567431652722 0.00143161330126 0.0100612350649 -0.0112778048904 -0.134371719988 0.0392244608927 0.0977373657415 
1 3.8 0.04 -0.192995058251 -0.158549489191 -0.120345217241 -0.161451554188 -0.192654509664 -0.056691447898 0.00146680446994 0.0100775554922 -0.0112801419843 -0.134280774487 0.0392840519407 0.0977807263784 

0 3.84 0.04 -0.196610801853 -0.163907234734 -0.122647362542 -0.135568367242 -0.190117262538 -0.0616926268188 -0.00033402735248 0.0114983881312 -0.00705363392073 -0.135431906929 0.04211846279 0.0956901258115 
1 3.84 0.04 -0.196519616327 -0.163802224597 -0.122529249838 -0.135542205318 -0.190069641759 -0.0616406555009 -0.000297558211764 0.0115148366659 -0.00705626203518 -0.135344599083 0.0421790638293 0.0957325539288 

0 3.88 0.04 -0.200217866138 -0.169361950085 -0.125374389419 -0.110699528894 -0.188305843662 -0.0675426514765 -0.00275923512121 0.0127330920373 -0.00156483279133 -0.131933256923 0.0466453509936 0.0930640317089 
1 3.88 0.04 -0.200125359451 -0.169255637983 -0.125258111287 -0.110681457504 -0.188261257711 -0.06748958901 -0.00272087660131 0.0127504633591 -0.00156717722312 -0.131853664583 0.0467088509528 0.0931078343121 

0 3.92 0.04 -0.20388976717 -0.174986493854 -0.128664571463 -0.0871887756029 -0.187197470256 -0.0742208984074 -0.00589944168966 0.0134757297487 0.00391544814177 -0.124750483388 0.0539954496486 0.0914557116952 
1 3.92 0.04 -0.203795983949 -0.174879098992 -0.12855264244 -0.087176423903 -0.187156135015 -0.0741681327221 -0.00585909721002 0.0134939935419 0.00391446535248 -0.124676675825 0.0540577843879 0.0915016065828 

0 3.96 0.04 -0.207600052851 -0.18074079979 -0.132530541762 -0.0653238967751 -0.18677263276 -0.0815349509831 -0.00955310092356 0.014095551196 0.0103783286746 -0.113234895876 0.0641757938247 0.0912819582732 
1 3.96 0.04 -0.207504902462 -0.180632261152 -0.13242105691 -0.0653192891061 -0.186733483589 -0.0814827357903 -0.00951159159318 0.0141142839204 0.0103780847221 -0.113166975649 0.064239268271 0.0913248855309 

0 4 0.04 -0.211337007443 -0.186607614905 -0.137019257599 -0.0454635159286 -0.187097061179 -0.0894367665653 -0.0137549117926 0.0143530140275 0.0171267826694 -0.0981651570269 0.0769107849814 0.0921906889977 
1 4 0.04 -0.211240639682 -0.186497815685 -0.136911762805 -0.0454644788745 -0.187059935309 -0.0893847482818 -0.0137120133708 0.0143733409787 0.0171281725985 -0.098102924197 0.0769722415703 0.0922330295583 

0 4.04 0.04 -0.215088898072 -0.192569369764 -0.142183077368 -0.0279649070636 -0.188237573484 -0.0978541318417 -0.0184558986569 0.0142560730602 0.0239592145562 -0.080253864614 0.0910290000271 0.0928856187924 
1 4.04 0.04 -0.214991355077 -0.192458377084 -0.142078725367 -0.0279720986793 -0.188202349924 -0.097803273275 -0.0184097558759 0.0142769213641 0.0239621449211 -0.0802010341128 0.0910873097364 0.0929247327947 

0 4.08 0.04 -0.218836494681 -0.198601779892 -0.148058785922 -0.0131389434095 -0.190250618404 -0.106675043415 -0.0235053927365 0.0139792828422 0.0313875596975 -0.058313723156 0.107603718515 0.0951360948361 
1 4.08 0.04 -0.218737806924 -0.198491083941 -0.147957031181 -0.0131494709872 -0.190216900284 -0.106622569401 -0.0234572571981 0.0140013963845 0.0313926297906 -0.0582641154649 0.107659787998 0.0951726603189 

0 4.12 0.04 -0.222578572181 -0.204706408743 -0.154703872768 -0.0013685983313 -0.193248633347 -0.115884109594 -0.0289193097687 0.013368889999 0.0387307179039 -0.0340513494851 0.126213816575 0.0985942917952 
1 4.12 0.04 -0.222478781772 -0.204594478275 -0.154606692407 -0.0013809952139 -0.193216055333 -0.115833320959 -0.0288686320813 0.0133916639982 0.0387385059557 -0.0340109439573 0.126267727665 0.0986282590754 

0 4.16 0.04 -0.22630018062 -0.210864359983 -0.162143589575 0.0070569017263 -0.19729204207 -0.125372378978 -0.0339109933803 0.0126998757404 0.0465607018213 -0.00687421511428 0.146378830933 0.102902872736 
1 4.16 0.04 -0.226199349852 -0.210751411896 -0.162048998313 0.00704292046924 -0.197260347507 -0.125320983417 -0.0338578382267 0.0127240475482 0.0465706789767 -0.00684275948037 0.146428285332 0.102935156801 

0 4.2 0.04 -0.229998930431 -0.217071190949 -0.170418723712 0.0116827801962 -0.202486859666 -0.135143945577 -0.0397709586953 0.0117556552893 0.0541428069173 0.0224725426581 0.167899320072 0.107644435752 
1 4.2 0.04 -0.229897041518 -0.216959001781 -0.170326839614 0.0116689220067 -0.20245530856 -0.135092162794 -0.0397146610395 0.0117801933703 0.0541559527377 0.0225042396553 0.167942267528 0.107674440055 

0 4.24 0.04 -0.233663674253 -0.223310259635 -0.179564382392 0.0120248762033 -0.208881278548 -0.145129856716 -0.0457607271727 0.010745833532 0.0619140940169 0.0540561047971 0.191048402907 0.114109632347 
1 4.24 0.04 -0.233560758213 -0.223197317024 -0.179474998997 0.0120126548118 -0.208850234909 -0.145076222617 -0.0457032771563 0.0107718172517 0.0619296400272 0.0540785516396 0.191087853718 0.114133718026 

0 4.28 0.04 -0.237293348763 -0.229578957039 -0.189620086563 0.00801764453511 -0.216580045563 -0.153607389292 -0.0518084764583 0.00977480705954 0.0700368864796 0.0879949527993 0.214672796463 0.120761656107 
1 4.28 0.04 -0.237189473753 -0.229465309715 -0.189532056724 0.00801039608486 -0.216549013613 -0.153537369982 -0.0517481100458 0.00980123271083 0.0700559711641 0.0880093777062 0.214704803583 0.120782057451 

0 4.32 0.04 -0.240876035704 -0.235861551 -0.20060080568 -0.000444435736524 -0.225623323389 -0.163858966717 -0.057834828806 0.00887539432344 0.0783163791507 0.123587285291 0.239002773481 0.128026994039 
1 4.32 0.04 -0.240771237946 -0.235748587599 -0.200512055035 -0.000447280903849 -0.225591523695 -0.163788570924 -0.0577726550327 0.00890419466017 0.0783382873762 0.123594210334 0.239032061342 0.128043319448 

0 4.36 0.04 -0.244422356685 -0.242169593258 -0.212546433437 -0.0134965712084 -0.236149733417 -0.174280694007 -0.0639060887234 0.00788020153303 0.0865026789557 0.16026956724 0.263790892961 0.136082277214 
1 4.36 0.04 -0.244316709207 -0.242055555876 -0.212460601016 -0.0134956309777 -0.23611688689 -0.174209320881 -0.0638428490519 0.00791082076025 0.0865272874014 0.160268794738 0.263814782783 0.136094963053 

0 4.4 0.04 -0.247914674038 -0.248476506897 -0.225435526792 -0.0311991099093 -0.246741370782 -0.184742150023 -0.0698007508657 0.00709627757035 0.0948590149526 0.197711327179 0.288668628252 0.144903654226 
1 4.4 0.04 -0.247808187718 -0.248362819335 -0.225349688239 -0.0311898989344 -0.246702701428 -0.184668522628 -0.0697346460292 0.00712691438774 0.094886707015 0.19770965041 0.288683680749 0.144911535266 

0 4.44 0.04 -0.251352141308 -0.254777900144 -0.239262148011 -0.0536008910281 -0.260234695402 -0.19520858817 -0.0754516839 0.00664255885886 0.103639661627 0.236211529954 0.313107769247 0.153935755902 
1 4.44 0.04 -0.251244878708 -0.254664441817 -0.239177259531 -0.0535853475829 -0.260191781847 -0.195135910587 -0.0753857359253 0.00667452285351 0.103669963767 0.236205624559 0.313118677789 0.153937435937 

0 4.48 0.04 -0.254741640883 -0.261079701932 -0.254026141289 -0.0807233082443 -0.275344670033 -0.205729909401 -0.0809689828482 0.00620599480604 0.112110421488 0.274751600003 0.337333066562 0.163572443111 
1 4.48 0.04 -0.254633520601 -0.26096639305 -0.253940017625 -0.0806921973329 -0.27530038179 -0.205654606263 -0.0809017963501 0.00623867129885 0.112142503244 0.274735941093 0.337337402235 0.163570937901 

0 4.52 0.04 -0.258070955749 -0.267355268277 -0.269670659916 -0.112475383921 -0.292003157277 -0.216146961832 -0.0860837856395 0.00624828299694 0.121022702418 0.313672521318 0.360498813492 0.173199034622 
1 4.52 0.04 -0.257962070347 -0.267242120065 -0.269585491877 -0.112436120354 -0.291954792505 -0.216072837731 -0.0860149264254 0.0062811937738 0.121057765886 0.31365428438 0.360493827735 0.173191090258 

0 4.56 0.04 -0.261340992743 -0.273600624326 -0.286160016542 -0.148808022304 -0.31021940099 -0.226453475779 -0.0908068811902 0.00667905474556 0.130043028294 0.351916449253 0.382302952669 0.182793782627 
1 4.56 0.04 -0.261231317991 -0.273487452569 -0.286073853749 -0.148761907825 -0.310167716514 -0.226377891409 -0.0907372815626 0.00671190127717 0.130080388999 0.351897493882 0.382291056078 0.182778500248 

0 4.6 0.04 -0.264548301625 -0.279803679924 -0.303442714864 -0.189590084471 -0.329974867778 -0.236635510175 -0.0951646646308 0.00732775640723 0.138678458766 0.389030313308 0.403339853567 0.193098211254 
1 4.6 0.04 -0.264437954225 -0.279692081694 -0.303353130286 -0.18952466769 -0.329918872403 -0.23655998019 -0.0950940198165 0.00736091761126 0.138717615061 0.389007884705 0.403320931994 0.19307602423 

0 4.64 0.04 -0.267682810057 -0.285944456888 -0.321450461726 -0.23458227804 -0.351173753572 -0.246578839853 -0.0989542520289 0.00858081990396 0.147712074398 0.425515886993 0.422508473514 0.202962906633 
1 4.64 0.04 -0.267571808924 -0.285832597559 -0.32136260041 -0.234499231354 -0.351113151581 -0.246504573253 -0.0988834163923 0.00861427425977 0.147753311012 0.425487050245 0.422483208417 0.202935381369 

0 4.68 0.04 -0.270736373131 -0.292003679408 -0.340098967395 -0.283510931014 -0.373735070967 -0.25621044511 -0.1021126755 0.0104515375136 0.157009632121 0.460617258265 0.43899429822 0.211612093291 
1 4.68 0.04 -0.270624773857 -0.291892886644 -0.340008685478 -0.283420678757 -0.373671728524 -0.256136033711 -0.102042530383 0.0104850631984 0.157051854894 0.460587051695 0.438960199698 0.211577648849 

0 4.72 0.04 -0.273704524097 -0.297964785071 -0.359297233496 -0.336072396065 -0.398960582542 -0.265480009849 -0.104600166753 0.0129345774684 0.166318764442 0.49335063739 0.453625265846 0.220395822304 
1 4.72 0.04 -0.273592323063 -0.2978530972 -0.359204553832 -0.335960551022 -0.39889923221 -0.265403583581 -0.104529540664 0.012968473378 0.166362446967 0.493322288724 0.453583261042 0.220354497103 

0 4.76 0.04 -0.276584676175 -0.303810653557 -0.378949084245 -0.391914646893 -0.423895192004 -0.274362072267 -0.106495223331 0.0156791299042 0.174840321094 0.523452718058 0.466986900398 0.229630776965 
1 4.76 0.04 -0.276471880326 -0.303699524773 -0.378849691311 -0.391794647139 -0.423830151621 -0.274286035852 -0.10642517837 0.0157132957497 0.174886022945 0.523425559375 0.466934828232 0.229582645185 

0 4.8 0.04 -0.27935671574 -0.309498741434 -0.398908683886 -0.450577393509 -0.449740241208 -0.282624185776 -0.107415644795 0.0195490068244 0.184336423774 0.550645742533 0.475777960078 0.236104540863 
1 4.8 0.04 -0.279243333402 -0.309387879171 -0.398808343035 -0.450440851864 -0.449671979523 -0.282550000268 -0.107345749456 0.0195829192346 0.184382607455 0.550619428469 0.475717371846 0.236049152619 

0 4.84 0.04 -0.28201366603 -0.315004838011 -0.419052605492 -0.51161471243 -0.476339256621 -0.290264195286 -0.107569013284 0.0238083975556 0.193086910162 0.574471726774 0.483849510752 0.24428851919 
1 4.84 0.04 -0.28189976809 -0.314895668283 -0.418948762941 -0.51145954839 -0.476266753241 -0.290190081535 -0.107500045861 0.0238425578044 0.193134554043 0.574450513533 0.483780178587 0.244226165405 

0 4.88 0.04 -0.284546567796 -0.320298482032 -0.439230930313 -0.574535195697 -0.503460139244 -0.29718420474 -0.106917927205 0.0284895101892 0.201270987955 0.595516848481 0.488894379824 0.250857756487 
1 4.88 0.04 -0.284432194492 -0.320189320822 -0.439121307407 -0.574360093476 -0.503383126729 -0.297112335691 -0.106850137404 0.0285229947786 0.201317871393 0.595495736762 0.488817398412 0.250789285483 

0 4.92 0.04 -0.286934695132 -0.325327503967 -0.459254866514 -0.63875083156 -0.530772735927 -0.303165910531 -0.105252216032 0.0339823455746 0.209359935292 0.612305729883 0.490156359335 0.255304492436 
1 4.92 0.04 -0.286819837866 -0.325218237406 -0.459141783186 -0.638568627881 -0.530689470819 -0.303094422196 -0.105185234073 0.0340152292396 0.209406347786 0.61228902178 0.490072985611 0.255231725566 

0 4.96 0.04 -0.289162286008 -0.330044667266 -0.478932740145 -0.703651142887 -0.557968056347 -0.310121295533 -0.102614579332 0.040044259172 0.216816603742 0.624148177366 0.489593160744 0.259978546911 
1 4.96 0.04 -0.289047000837 -0.329936615934 -0.478813041991 -0.703454987174 -0.557880901705 -0.310054731356 -0.102549692694 0.0400766232398 0.216861849147 0.624137137464 0.489501848362 0.25990228121 

0 5 0.04 -0.291216789366 -0.334403527821 -0.498054119313 -0.768578424086 -0.584682525391 -0.313867805462 -0.0991285295198 0.046281741198 0.222641652697 0.630840241948 0.485878405005 0.262972855084 
1 5 0.04 -0.291101113298 -0.334296302197 -0.497933146444 -0.76836972968 -0.584595998769 -0.313798653 -0.0990656430085 0.0463137889867 0.222686594812 0.630833033937 0.485780290806 0.262891483302 

0 5.04 0.04 -0.293074328737 -0.338330764716 -0.516349175614 -0.832751315011 -0.610400686278 -0.314293972598 -0.0947743143848 0.0525847242 0.227247144584 0.633519346982 0.479968513106 0.265491591403 
1 5.04 0.04 -0.292958221057 -0.338222656343 -0.51622265587 -0.83252958183 -0.610310517786 -0.314226380594 -0.0947134750054 0.0526162132433 0.227290932795 0.633518789134 0.479864069695 0.265405013746 

0 5.08 0.04 -0.294712808343 -0.341746365774 -0.533509607104 -0.89528502821 -0.634513331522 -0.315100993567 -0.0894377494482 0.0595379565207 0.232619345479 0.631251607404 0.470205425204 0.266289879877 
1 5.08 0.04 -0.294596323314 -0.341640044268 -0.533378135502 -0.89505055804 -0.634415459776 -0.315037254847 -0.0893796964035 0.0595692515407 0.232663004528 0.631258312793 0.470093423262 0.266198020182 

0 5.12 0.04 -0.296128081828 -0.344595996326 -0.549214113221 -0.955205329697 -0.656381152407 -0.314271194629 -0.0836493818479 0.0651874053173 0.232400582597 0.622329531228 0.459949193302 0.267160933583 
1 5.12 0.04 -0.296011252385 -0.344489587336 -0.549079105681 -0.954949516363 -0.656284952308 -0.314207552785 -0.0835938408595 0.0652176346605 0.232441957499 0.622343632581 0.459832785683 0.267065537556 

0 5.16 0.04 -0.297296228841 -0.346776211002 -0.563019179063 -1.01124754096 -0.675061709462 -0.311592578448 -0.0776663947927 0.0699381164394 0.231457857107 0.609048432585 0.446096753134 0.265935914103 
1 5.16 0.04 -0.297179047206 -0.346669528226 -0.56287865971 -1.01098548323 -0.67495906199 -0.311531328891 -0.0776138049975 0.0699677499132 0.231497466853 0.609070368767 0.445976128305 0.26583721424 

