#Turbine    Time(s)    dt(s)    Vhorizontal (m/s)
0 0 0.04 0 0 0 0 0 0 0 0 0 0 0 0 
1 0 0.04 0 0 0 0 0 0 0 0 0 0 0 0 

0 0.04 0.04 6.46048561323e-05 6.46048561323e-05 6.46048561323e-05 6.46048561323e-05 6.46048561323e-05 6.46048561323e-05 6.46048561323e-05 6.46048561323e-05 6.46048561323e-05 6.46048561323e-05 6.46048561323e-05 6.46048561323e-05 
1 0.04 0.04 6.46048561323e-05 6.46048561323e-05 6.46048561323e-05 6.46048561323e-05 6.46048561323e-05 6.46048561323e-05 6.46048561323e-05 6.46048561323e-05 6.46048561323e-05 6.46048561323e-05 6.46048561323e-05 6.46048561323e-05 

0 0.08 0.04 -8.8355649815e-05 -0.000215995879216 -0.000485527844784 -0.000873264816183 -0.00149562863173 -0.00249916466212 -0.00416368379345 -0.00688397115577 -0.0114961940765 -0.0156927026145 -0.00437075388927 0.000184633096923 
1 0.08 0.04 -8.83575600479e-05 -0.000244369414212 -0.000485300227348 -0.000873261718262 -0.0014956240093 -0.00249916119088 -0.00416366733114 -0.00688412210278 -0.0114960105139 -0.0156926925723 -0.00437070750515 0.000184807247334 

0 0.12 0.04 -0.000202973413934 -0.000508987630099 -0.00098129540715 -0.00174247817785 -0.00295869734848 -0.00490180504187 -0.00804936606126 -0.0129429629121 -0.0204515208041 -0.0255834484953 -0.00517673403354 0.00146405903266 
1 0.12 0.04 -0.000202970706811 -0.000508844729365 -0.000980934963638 -0.00174247536214 -0.00295868612197 -0.00490172942192 -0.008049331067 -0.0129431009487 -0.0204513185274 -0.0255831245377 -0.00517650523183 0.00146447829599 

0 0.16 0.04 -0.000296349291306 -0.000748580936416 -0.00144927441699 -0.00258838146725 -0.00442485474172 -0.00738709390223 -0.0122354474925 -0.0198796109658 -0.0319038519054 -0.0407607533059 -0.00782668357628 0.00267469495398 
1 0.16 0.04 -0.000296342589134 -0.000748427451001 -0.00144882472406 -0.00258838224232 -0.00442483870184 -0.0073869255221 -0.0122354058735 -0.0198797234128 -0.0319037285948 -0.0407602459147 -0.00782649988754 0.00267514977525 

0 0.2 0.04 -0.000353290409399 -0.000952341518172 -0.00188405301399 -0.00341337247658 -0.00590722316979 -0.00996960450594 -0.0166800620332 -0.0273265265078 -0.0440751346136 -0.0560915408122 -0.0100631022512 0.00388201693624 
1 0.2 0.04 -0.000353275317316 -0.000952193211627 -0.00188352948969 -0.00341337192978 -0.00590721229291 -0.0099693344974 -0.0166800274675 -0.0273265991892 -0.0440751720876 -0.0560909476412 -0.0100630078703 0.00388249906547 

0 0.24 0.04 -0.000334061342216 -0.00107958420364 -0.0022451856121 -0.00418030112417 -0.00738108488233 -0.0126586768351 -0.0214818944721 -0.0356243255981 -0.058072577994 -0.0741990606482 -0.0128067957393 0.00512028891304 
1 0.24 0.04 -0.000334042094481 -0.00107944341709 -0.00224460214729 -0.0041803020716 -0.00738107659617 -0.0126582978836 -0.0214818643335 -0.03562432289 -0.0580727047723 -0.0741978760244 -0.0128065827593 0.0051210058731 

0 0.28 0.04 -0.000135173154387 -0.0010297449337 -0.00243240502334 -0.00479056572946 -0.00875156662037 -0.015367350425 -0.0265660498467 -0.0446961237978 -0.0737030041898 -0.09428395223 -0.0153990903512 0.00679555042257 
1 0.28 0.04 -0.000135145578878 -0.00102962453526 -0.00243176929069 -0.00479057501842 -0.00875156306071 -0.0153668685324 -0.0265660589605 -0.0446960746543 -0.0737033641903 -0.0942825973841 -0.0153990154418 0.00679622686373 

0 0.32 0.04 0.00027777800954 -0.00077110467125 -0.00242075629948 -0.00523400123325 -0.0100349022458 -0.0181677940345 -0.0321098360937 -0.0548990061405 -0.0915909718096 -0.116815032664 -0.0182796249367 0.0084751129883 
1 0.32 0.04 0.000277803439832 -0.000771021602111 -0.002420068636 -0.00523402890987 -0.0100349309097 -0.0181672116225 -0.0321098943015 -0.0548989406997 -0.0915916082912 -0.116815243891 -0.0182796287097 0.00847574134173 

0 0.36 0.04 0.000946333441388 -0.000265592219206 -0.00217643796454 -0.00548775975853 -0.0112292427521 -0.0210927901224 -0.0381921223655 -0.0663638900887 -0.112030695914 -0.142446841216 -0.0210429723113 0.0105945580644 
1 0.36 0.04 0.000946356321881 -0.00026555586931 -0.0021757236494 -0.00548779808443 -0.0112292729839 -0.0210921111789 -0.0381922307048 -0.0663637920146 -0.112031586053 -0.142446828723 -0.0210429128513 0.0105954056351 

0 0.4 0.04 0.0018594557064 0.000471014894129 -0.00172522745256 -0.00559852971906 -0.0124250225128 -0.0243121197024 -0.0451112167735 -0.0795410436779 -0.133327133072 -0.17080698164 -0.0236891764636 0.013130592684 
1 0.4 0.04 0.00185946298546 0.00047097925529 -0.00172452437538 -0.00559860441302 -0.0124251011549 -0.0243113528018 -0.0451114968977 -0.0795409936844 -0.133326025487 -0.170807742143 -0.0236899000173 0.0131308365323 

0 0.44 0.04 0.00293953708846 0.00135834221899 -0.00116289176772 -0.00568791158752 -0.0137935078962 -0.0280734711855 -0.0531885081301 -0.094525193162 -0.159515728574 -0.201268789744 -0.0262510900304 0.0154902722546 
1 0.44 0.04 0.00293953449646 0.00135823847583 -0.00116217949649 -0.00568806657943 -0.0137936300406 -0.0280726690275 -0.0531889285699 -0.0945274837669 -0.159514352369 -0.201269793447 -0.0262516530377 0.0154907736773 

0 0.48 0.04 0.00408343446501 0.00228594566805 -0.000619684327262 -0.00593218844568 -0.0156041799142 -0.0327993825017 -0.0630646319857 -0.112745326038 -0.190563312757 -0.236269717092 -0.0286637461101 0.0183428083082 
1 0.48 0.04 0.00408342046399 0.00228578870989 -0.000618980467856 -0.00593233817768 -0.0156043409402 -0.0327985778855 -0.063065226982 -0.112748273683 -0.190561890163 -0.236271213279 -0.0286648191424 0.0183432956841 

0 0.52 0.04 0.00520274311616 0.00315603682965 -0.000216392203273 -0.00650838404002 -0.0181411973884 -0.038916905428 -0.0752502480933 -0.134291216519 -0.22565008697 -0.274252079977 -0.0316282303688 0.0208062550906 
1 0.52 0.04 0.00520270652142 0.00315577272556 -0.00021573161346 -0.00650860619929 -0.0181414501207 -0.0389160101655 -0.0752509152026 -0.134294845957 -0.225648086676 -0.274252924371 -0.0316290841327 0.0208067659368 

0 0.56 0.04 0.00620864645991 0.00386872636594 -9.26486399823e-05 -0.00764686025497 -0.0218129679306 -0.0470811653674 -0.0906452222696 -0.160292169081 -0.266044700296 -0.31461271811 -0.0339864844525 0.0235126708137 
1 0.56 0.04 0.00620861577432 0.00386840676524 -9.20235199285e-05 -0.00764708887264 -0.0218132415526 -0.0470803246677 -0.0906461123228 -0.160296743888 -0.266042650736 -0.314614346935 -0.0339876911574 0.0235134189536 

0 0.6 0.04 0.00703178475205 0.00434655686742 -0.000372776388148 -0.00959889788891 -0.0271142773481 -0.0580772629891 -0.110211371732 -0.191710836365 -0.312711322516 -0.358406532454 -0.0361143348762 0.0263004269016 
1 0.6 0.04 0.007031757069 0.00434613441779 -0.000372217044052 -0.00959925118088 -0.0271146513612 -0.0580763844983 -0.110212627292 -0.191716295201 -0.31270895036 -0.358408293765 -0.0361157707521 0.0263006300096 

0 0.64 0.04 0.0076308782037 0.00451970696293 -0.00116264631126 -0.0126558821243 -0.0346906320274 -0.0729171875227 -0.135090029097 -0.229343396934 -0.365006951861 -0.402714589948 -0.0375245037428 0.0290853678028 
1 0.64 0.04 0.0076308524383 0.00451908619586 -0.00116216655442 -0.0126563409894 -0.0346913161393 -0.0729164319707 -0.135091551477 -0.229349925817 -0.365004140017 -0.40271672037 -0.0375259504905 0.029085696842 

0 0.68 0.04 0.00798012835371 0.00434230734038 -0.00260503125175 -0.017240102185 -0.0455028757713 -0.0930769334426 -0.166937795187 -0.274588424836 -0.423604444916 -0.44908622558 -0.0388565352248 0.0314378916683 
1 0.68 0.04 0.00798008722103 0.00434152145333 -0.0026045794953 -0.0172405895894 -0.0455037409557 -0.0930760926311 -0.166940013745 -0.274596493554 -0.423601214597 -0.449088884775 -0.0388579220326 0.0314384759261 

0 0.72 0.04 0.00805207932812 0.00376985720365 -0.00486248175645 -0.0239183990047 -0.0609028381484 -0.120523964135 -0.205213802746 -0.32859256663 -0.490328010457 -0.501050674225 -0.0411724908296 0.0328533158333 
1 0.72 0.04 0.0080520111593 0.00376904376965 -0.00486216386011 -0.0239189590579 -0.0609039784934 -0.120523295719 -0.205216436322 -0.328602272617 -0.490324613081 -0.501054246163 -0.0411743907855 0.0328534466234 

0 0.76 0.04 0.00782498569775 0.00276542269045 -0.00811261658795 -0.0334617377906 -0.0828309885747 -0.157966871082 -0.257088284546 -0.392712241788 -0.560439467729 -0.546821095114 -0.0410117456222 0.0352812081162 
1 0.76 0.04 0.00782489041503 0.00276443243344 -0.00811238525193 -0.0334625059018 -0.0828324813053 -0.157966534962 -0.257091607046 -0.392723789317 -0.56043569286 -0.546825460108 -0.0410135287214 0.0352808175422 

0 0.8 0.04 0.00728122426461 0.00130659524887 -0.0125308005243 -0.0468973913558 -0.114026024895 -0.208886674307 -0.322848253509 -0.467830565394 -0.637725377298 -0.597122071208 -0.041473940426 0.0371691065334 
1 0.8 0.04 0.00728108539692 0.00130549906845 -0.0125307749969 -0.0468983810196 -0.114027804661 -0.208886301935 -0.322852224381 -0.46784414693 -0.63772100349 -0.59712654334 -0.0414762462405 0.0371694529738 

0 0.84 0.04 0.00641489477449 -0.000598101456913 -0.0182677625505 -0.0656000214988 -0.158366574442 -0.277471884687 -0.404733381728 -0.552913792629 -0.719191800453 -0.646806803452 -0.041561690586 0.0383044089805 
1 0.84 0.04 0.00641471889898 -0.00059935940217 -0.0182680072673 -0.065601231805 -0.158368835382 -0.277471725863 -0.404738156068 -0.55292951705 -0.719187075732 -0.646812338884 -0.0415641787782 0.0383045066035 

0 0.88 0.04 0.00521705564863 -0.00291968501143 -0.0254323253324 -0.0914261628189 -0.221048908743 -0.36832491022 -0.504498612188 -0.647635942436 -0.800333683861 -0.691172402053 -0.0408779494771 0.0389784978481 
1 0.88 0.04 0.0052168332561 -0.00292110031936 -0.0254328307373 -0.0914277798898 -0.221051625336 -0.368324797627 -0.504504193517 -0.647653839044 -0.800328561116 -0.69117875027 -0.0408797400547 0.0389777113368 

0 0.92 0.04 0.00381785031742 -0.00546110136069 -0.0338655729686 -0.12638584006 -0.307646455486 -0.484243829306 -0.621129633354 -0.748509923168 -0.881406599892 -0.734521525227 -0.0395988304257 0.0397526341388 
1 0.92 0.04 0.00381757221559 -0.0054625252739 -0.0338664753663 -0.126388166708 -0.307650078745 -0.484243969455 -0.621136383848 -0.748530041871 -0.881400968619 -0.734528053611 -0.0396011343854 0.0397519073676 

0 0.96 0.04 0.00235674346297 -0.00796142328432 -0.0430958527512 -0.171772196236 -0.421769057987 -0.623422425608 -0.748931343953 -0.8492533679 -0.957700885635 -0.77489437038 -0.0375445061411 0.0404762889473 
1 0.96 0.04 0.00235639744862 -0.00796304192849 -0.0430970187943 -0.171774860267 -0.421773747587 -0.623429936901 -0.748939980859 -0.849275835001 -0.957694970996 -0.774901807502 -0.0375465582229 0.0404762904786 

0 1 0.04 0.000986389151273 -0.0101054343995 -0.0521514301726 -0.225818973722 -0.558979052361 -0.776397678716 -0.877075338857 -0.942970422406 -1.02474239801 -0.808169055543 -0.0348402665245 0.0406315669662 
1 1 0.04 0.000985975321364 -0.0101073105441 -0.0521529904733 -0.225822244457 -0.558984803144 -0.776409834418 -0.877085192608 -0.942994692305 -1.02473716805 -0.808177822365 -0.0348431596106 0.0406304776541 

0 1.04 0.04 -2.97236041451e-05 -0.0114588926102 -0.0593386596434 -0.280671054671 -0.700346211095 -0.921573991347 -0.99044808281 -1.02189632241 -1.08125327712 -0.837731893812 -0.0304840125932 0.0417998353203 
1 1.04 0.04 -3.020163312e-05 -0.0114607920459 -0.0593410153153 -0.280675067546 -0.700354170115 -0.921589219831 -0.990458652559 -1.02192367452 -1.08124879644 -0.837741836596 -0.030486542705 0.0417984764379 

0 1.08 0.04 -0.000560210304534 -0.0117312590527 -0.0628002948175 -0.318458168645 -0.813745759095 -1.03134993671 -1.07279001766 -1.07798988181 -1.12224097698 -0.858346248935 -0.0252277369893 0.0426693365235 
1 1.08 0.04 -0.000560777781157 -0.0117334006809 -0.0628029377296 -0.318463231407 -0.813755049667 -1.03137080788 -1.07280366379 -1.07801919697 -1.12223679725 -0.858356824646 -0.0252314580509 0.0426681851101 

0 1.12 0.04 -0.000457144570844 -0.0107197020879 -0.0586531104767 -0.334167842855 -0.866577045944 -1.08198761875 -1.11135327626 -1.10590845333 -1.14693536257 -0.872478016807 -0.0191240163441 0.0434830380499 
1 1.12 0.04 -0.000457727381637 -0.0107221046073 -0.0586565393599 -0.334173875953 -0.866588626557 -1.08201196228 -1.11137064458 -1.10594024903 -1.14693245454 -0.872489867722 -0.0191272092741 0.04348109724 

0 1.16 0.04 0.000362938904924 -0.00837613327493 -0.0509280089257 -0.317908213194 -0.847254237067 -1.06429778131 -1.10104037288 -1.1025830263 -1.15406188625 -0.879319550498 -0.0105327428533 0.0461237403996 
1 1.16 0.04 0.000362297902118 -0.00837851090815 -0.0509317219618 -0.317915311775 -0.847267447849 -1.06432650149 -1.10105998301 -1.10261590069 -1.1540611452 -0.879331204729 -0.010536338557 0.0461219162317 

0 1.2 0.04 0.0018342707228 -0.00305162011002 -0.0389461939822 -0.277235707186 -0.770712070045 -0.988239277979 -1.04666696811 -1.07072081414 -1.14517900953 -0.8786353417 -0.00109362531466 0.0490335534593 
1 1.2 0.04 0.001833605156 -0.00305324353334 -0.0389502382836 -0.277243657407 -0.770726244192 -0.988273088318 -1.04668693907 -1.07075568828 -1.14518046452 -0.878647206325 -0.00109843809919 0.0490302127582 

0 1.24 0.04 0.00392465373246 0.00137159045476 -0.0246241665365 -0.226181924964 -0.667126280412 -0.876565701531 -0.959091605439 -1.01219443899 -1.1172918163 -0.868912672129 0.0109081986002 0.0534848147208 
1 1.24 0.04 0.00392384780974 0.00136978518746 -0.0246281957705 -0.226190561401 -0.66714093417 -0.876599826297 -0.959113740205 -1.01223069706 -1.11729569361 -0.868926053111 0.01090442029 0.0534817967419 

0 1.28 0.04 0.00640782615293 0.00626227017192 -0.00989230614128 -0.176546286886 -0.564085616377 -0.754646845003 -0.854323854106 -0.937132925429 -1.08011435012 -0.855496512832 0.0219625756603 0.0568451159256 
1 1.28 0.04 0.00640691814597 0.00626028625771 -0.00989674146617 -0.176555526656 -0.564101029723 -0.754682159372 -0.854348559204 -0.937170481626 -1.08012105667 -0.855510141433 0.0219586625977 0.0568419731629 

0 1.32 0.04 0.00921915318964 0.0113939911965 0.00417904481189 -0.133952751866 -0.476540746122 -0.640649501977 -0.746276411956 -0.851273174993 -1.02890444121 -0.832760589458 0.0363824019172 0.0629791375759 
1 1.32 0.04 0.0092181595534 0.011391850774 0.00417444906439 -0.133962414208 -0.476557845252 -0.640684724073 -0.746302759239 -0.851311801661 -1.02891416 -0.832773531184 0.036377913282 0.0629748493098 

0 1.36 0.04 0.0121427379574 0.0164418936725 0.0169378105767 -0.0997391741488 -0.408499859447 -0.543691964533 -0.644853661488 -0.762858771982 -0.971595780633 -0.805295218093 0.0507235078566 0.0686714643191 
1 1.36 0.04 0.0121415828444 0.016439657133 0.0169330790912 -0.099749178741 -0.408517610235 -0.543727466712 -0.644881220869 -0.762898006571 -0.971608821658 -0.805308736279 0.0507192257167 0.0686670048601 

0 1.4 0.04 0.0150618505164 0.0192491167049 0.0281879784468 -0.0728630512536 -0.358160178918 -0.465689717044 -0.555985009314 -0.678276635301 -0.912322662879 -0.775678409703 0.0646282264842 0.0738311584202 
1 1.4 0.04 0.0150606718099 0.0192458666066 0.0281834109604 -0.0728729940816 -0.358178953469 -0.465724557771 -0.556013540905 -0.678316014145 -0.912338906615 -0.77569295299 0.0646235800066 0.0738255027189 

0 1.44 0.04 0.0178442136189 0.0236411327106 0.0379138192035 -0.051791770438 -0.321713158367 -0.404720214506 -0.480664728915 -0.600186412638 -0.852307115914 -0.742757513953 0.0799242825018 0.0805411219689 
1 1.44 0.04 0.0178430063 0.0236377225139 0.0379090520594 -0.0518014035262 -0.321732291971 -0.404754330869 -0.480694486233 -0.600225662379 -0.8523269208 -0.742771993284 0.0799190339504 0.0805359763613 

0 1.48 0.04 0.0203490189087 0.0275213142979 0.0462517482377 -0.0351497477565 -0.295519020073 -0.357687990764 -0.418362576586 -0.530160661166 -0.791356037694 -0.704457897866 0.095954929024 0.0874670897753 
1 1.48 0.04 0.0203477827845 0.027518068982 0.046246761731 -0.0351592512154 -0.295538374657 -0.357721156888 -0.418393051878 -0.530199512165 -0.79137908972 -0.704472667238 0.0959488967025 0.0874603149397 

0 1.52 0.04 0.0224145755637 0.0307485596738 0.0532792310234 -0.0219935863313 -0.276882550028 -0.321640706502 -0.368082168845 -0.470391761382 -0.738410455242 -0.671306823591 0.11022993631 0.0935397310184 
1 1.52 0.04 0.022413347315 0.0307454784808 0.0532741408528 -0.0220026970446 -0.276902642189 -0.321672689623 -0.368113532676 -0.47043023288 -0.738436678083 -0.671320971643 0.110223463081 0.0935332805485 

0 1.56 0.04 0.0238715638283 0.0332047041431 0.0589979382571 -0.0116025372215 -0.263833982151 -0.293976867034 -0.327765613644 -0.419535803489 -0.688413884309 -0.635311745714 0.123924622386 0.0989923782125 
1 1.56 0.04 0.0238705246596 0.0332014282419 0.0589926832375 -0.0116113180729 -0.263853923311 -0.294007511464 -0.327797216392 -0.419573285947 -0.688443526632 -0.635325599431 0.123918171809 0.0989854108487 

0 1.6 0.04 0.0247077829007 0.0348655642151 0.0634818179273 -0.00345463539103 -0.254943246202 -0.27265000574 -0.295408633476 -0.376302220458 -0.641580186728 -0.596640070223 0.139118968689 0.106248495594 
1 1.6 0.04 0.0247066990321 0.0348625505144 0.0634762528394 -0.00346340429428 -0.254963562673 -0.272679235794 -0.295440717376 -0.376338319297 -0.641613172509 -0.596655319759 0.139113256475 0.106241835176 

0 1.64 0.04 0.0247330095657 0.0355921358613 0.0666618684884 0.00265954435251 -0.249388710506 -0.256466172293 -0.269995857419 -0.341559669432 -0.605282164819 -0.568490805954 0.149250198383 0.110101855731 
1 1.64 0.04 0.0247317591257 0.0355891024187 0.0666561060531 0.0026511481808 -0.24940899544 -0.256493816322 -0.270028660204 -0.34159461312 -0.605317899755 -0.568504920953 0.149243756387 0.110095909017 

0 1.68 0.04 0.0240145092845 0.0354971826195 0.0687193266429 0.00714662393639 -0.246318540393 -0.244128637169 -0.249837943652 -0.312479617019 -0.570139221051 -0.534213893584 0.161603747578 0.115661759144 
1 1.68 0.04 0.0240132634801 0.0354943312526 0.0687133253642 0.00713823246339 -0.246338784942 -0.244154574338 -0.249870856944 -0.312513263427 -0.570178104981 -0.534228712678 0.161597369476 0.115655220535 

0 1.72 0.04 0.0225593770039 0.0345675671746 0.0696783295025 0.0101608943399 -0.24529399624 -0.23499282264 -0.2343545572 -0.289782789691 -0.543801168959 -0.509076067971 0.169462028565 0.118560204302 
1 1.72 0.04 0.0225578906837 0.0345648500122 0.0696722732367 0.0101526022862 -0.245314925242 -0.235017102991 -0.234387701642 -0.289814724558 -0.543842784616 -0.509090317858 0.169455872871 0.118553870435 

0 1.76 0.04 0.0205337934455 0.0330090522598 0.0697662014115 0.0120351840666 -0.24575659946 -0.228244213091 -0.222385901711 -0.271415574568 -0.520632418136 -0.48351043614 0.177652267007 0.122307232303 
1 1.76 0.04 0.0205322678343 0.0330065528888 0.0697599557546 0.0120270223952 -0.245777268682 -0.228266840804 -0.222419033293 -0.271446111414 -0.520676741705 -0.483525808801 0.177645576203 0.122301172339 

0 1.8 0.04 0.0180485495087 0.0327608120563 0.069124149216 0.0129901526414 -0.247368300167 -0.223439788432 -0.213499043842 -0.257445844094 -0.503209000548 -0.463239529983 0.183396151999 0.124935851182 
1 1.8 0.04 0.0180470070188 0.0309043235322 0.0691178185284 0.0129817956612 -0.24738910322 -0.223460768104 -0.213532266587 -0.257475023603 -0.503255720367 -0.463254983152 0.183390013048 0.124929871958 

0 1.84 0.04 0.0153278882297 0.0302934217133 0.0680077352323 0.0133055332577 -0.249714105933 -0.220026204525 -0.206917458941 -0.246619382987 -0.488902360203 -0.444758588129 0.18808857697 0.127402370506 
1 1.84 0.04 0.015326828536 0.0302922736437 0.0680016360417 0.01329687457 -0.249735079831 -0.220045622268 -0.206950752504 -0.24664727464 -0.488951425427 -0.444774680461 0.188081265843 0.127395459575 

0 1.88 0.04 0.0125215859772 0.0276875401536 0.0665976375006 0.0131972384841 -0.252537339491 -0.217674880133 -0.202285102336 -0.238809443869 -0.478842390913 -0.431373719659 0.190442492243 0.129111243314 
1 1.88 0.04 0.0125208252688 0.0276867896117 0.0665914940568 0.0131884723595 -0.252558406222 -0.217692836794 -0.202318647322 -0.238835880338 -0.478893495403 -0.431390212032 0.190435409336 0.12910466032 

0 1.92 0.04 0.00942339175084 0.0251448594154 0.0650924706397 0.012889685513 -0.255583416918 -0.216050266075 -0.199155517869 -0.23339604061 -0.471823302459 -0.420942058851 0.191665425258 0.130900391056 
1 1.92 0.04 0.00942239438744 0.0251450112912 0.0650862947775 0.0128804622873 -0.255605066972 -0.216066845928 -0.199189166127 -0.233421245314 -0.471876206972 -0.420959486853 0.191657814154 0.130893484987 

0 1.96 0.04 0.00692674952748 0.022756228784 0.0636753193419 0.0126068032261 -0.258606269014 -0.214841668832 -0.197118355017 -0.22983291525 -0.467139747782 -0.413013554467 0.19212887573 0.133248381776 
1 1.96 0.04 0.00692578242516 0.0227567168022 0.063669048428 0.0125970988803 -0.258628070724 -0.214857062279 -0.197152036549 -0.229856901385 -0.467193904134 -0.413031278841 0.192122477866 0.133242170151 

0 2 0.04 0.0048378162474 0.0207351149778 0.0625256662513 0.0124841815124 -0.261447284155 -0.213876678411 -0.195999058907 -0.228038754881 -0.465288272463 -0.409739118105 0.190296043911 0.134637217448 
1 2 0.04 0.00483688333481 0.0207356502265 0.0625192981682 0.0124739709271 -0.261469293596 -0.213890965495 -0.196032945335 -0.228061705139 -0.465343351258 -0.409757179869 0.190290076953 0.134632000933 

0 2.04 0.04 0.00328409079222 0.0191915250475 0.0617394835964 0.0126468430261 -0.263940887824 -0.212971290197 -0.195540984853 -0.227689388326 -0.465682050927 -0.410353253396 0.185929311569 0.135436639742 
1 2.04 0.04 0.00328321304993 0.0191923341615 0.061733093532 0.0126363639066 -0.263962932995 -0.212984702165 -0.195575061434 -0.227711304916 -0.465738207888 -0.41037213225 0.185922727643 0.13543083066 

0 2.08 0.04 0.00237304540481 0.018229449182 0.0614680438992 0.0132496835426 -0.265942699709 -0.211966015053 -0.195570473035 -0.228473514436 -0.467828267687 -0.413445905651 0.181487261026 0.137411917288 
1 2.08 0.04 0.00237226275333 0.0182300670181 0.0614614979371 0.0132391283663 -0.265964958415 -0.211978590242 -0.195604680516 -0.228494694993 -0.46788459765 -0.413464309821 0.181481429477 0.137407466039 

0 2.12 0.04 0.00219790626502 0.0180127119641 0.0618335992625 0.0144297371787 -0.267337168564 -0.210753313784 -0.19587983026 -0.230267254108 -0.471583103544 -0.420173473833 0.174919206204 0.138732687278 
1 2.12 0.04 0.00219723457065 0.0180136659414 0.0618270179525 0.0144189922606 -0.267359885832 -0.210765256039 -0.195914100957 -0.230287924368 -0.471639017057 -0.42019293702 0.174913119931 0.138727753259 

0 2.16 0.04 0.00278230704441 0.0184951791361 0.0628257435194 0.0162306369157 -0.268052851339 -0.209278407375 -0.196412292588 -0.232924704942 -0.476685980361 -0.429366259011 0.168506965277 0.14104344683 
1 2.16 0.04 0.00278166959538 0.0184964151844 0.0628192314696 0.0162192752176 -0.268076028754 -0.209290374269 -0.19644679519 -0.232944783586 -0.476741902191 -0.429386048482 0.168500340599 0.141038681568 

0 2.2 0.04 0.00411491052567 0.0196558583096 0.0644167198262 0.0185590895024 -0.268071123235 -0.207565273709 -0.197188947087 -0.236511847358 -0.483426466555 -0.442157209536 0.160503539675 0.143268547401 
1 2.2 0.04 0.00411425550128 0.019657118099 0.0644101342698 0.0185472730765 -0.268094744985 -0.207577247319 -0.197223577169 -0.236531779627 -0.483481275601 -0.4421774054 0.160497403678 0.143264791717 

0 2.24 0.04 0.00611406594126 0.0214463298946 0.066530662521 0.0213453173368 -0.267448218469 -0.205686389344 -0.198282915088 -0.241100435084 -0.491884007613 -0.458642193428 0.150084179536 0.144384015276 
1 2.24 0.04 0.00611345217393 0.0214476845418 0.0665239784712 0.0213326851615 -0.267472103258 -0.205698612578 -0.198317723203 -0.241120247913 -0.491938034208 -0.458663602891 0.150079282274 0.144381683038 

0 2.28 0.04 0.00868963417176 0.0237759026007 0.0690979210229 0.0245497454142 -0.266266906582 -0.203691205511 -0.199708802154 -0.246627813206 -0.501584180468 -0.477249092666 0.139724444067 0.146455233447 
1 2.28 0.04 0.00868914713171 0.0237773332552 0.0690910047775 0.024536178172 -0.266291217251 -0.203703760513 -0.199743686629 -0.24664773971 -0.501636889658 -0.477270793259 0.139721440224 0.146454235701 

0 2.32 0.04 0.011664557247 0.0264603419945 0.0719454114601 0.0279551089377 -0.264687659971 -0.201780377336 -0.201723399432 -0.253448694738 -0.51332245106 -0.499965151266 0.127457250065 0.14780094052 
1 2.32 0.04 0.0116640577879 0.0264619150645 0.071938433506 0.0279406468394 -0.264712448477 -0.201793653136 -0.201758365391 -0.253468721231 -0.513373411591 -0.499986307653 0.127454926544 0.147800367425 

0 2.36 0.04 0.0159823963589 0.0293643537705 0.0750279422139 0.0314232088217 -0.262821081065 -0.200117013161 -0.204541754301 -0.261779153429 -0.527197551207 -0.525929483753 0.114283044078 0.149167855099 
1 2.36 0.04 0.015982419055 0.0293660062536 0.0750180427429 0.0314079657981 -0.262846375431 -0.2001308844 -0.204577172708 -0.261799064524 -0.527246108746 -0.525950541812 0.114281612359 0.149169552355 

0 2.4 0.04 0.0193332557389 0.0322980945419 0.0776782581278 0.0347368381633 -0.260821996037 -0.198898828327 -0.208343445337 -0.271763607014 -0.543237407677 -0.555054160182 0.0996149501466 0.149560822726 
1 2.4 0.04 0.0193332806232 0.0322996736464 0.0776665634498 0.0347208966083 -0.260847914963 -0.198913695427 -0.208378907539 -0.271784024482 -0.543283372125 -0.555075895244 0.0996150938252 0.149562352922 

0 2.44 0.04 0.0226363717083 0.0342806453172 0.0800098744752 0.0377719814552 -0.258795471502 -0.198293983199 -0.213322470036 -0.283624377454 -0.561668919305 -0.587255056455 0.0845450524931 0.150179099886 
1 2.44 0.04 0.0226363519282 0.0342812759186 0.079992807846 0.0377550775469 -0.258821920504 -0.198309959548 -0.213358058159 -0.283645585962 -0.561712174228 -0.58727608744 0.0845456214749 0.150181895031 

0 2.48 0.04 0.0257701648121 0.0369650795214 0.0822440369242 0.0404080085713 -0.25685342179 -0.198528504376 -0.219786052239 -0.297749880044 -0.583120453785 -0.623869667428 0.0674392876818 0.149544633915 
1 2.48 0.04 0.0257700431132 0.0369652680225 0.0822247068237 0.0403787342583 -0.256880376578 -0.198546066896 -0.21982158992 -0.297771666875 -0.583160003225 -0.623889753771 0.0674413044172 0.149548846298 

0 2.52 0.04 0.0286367907443 0.0393440085852 0.0840590112726 0.0426105352454 -0.254983978832 -0.199803825834 -0.227970798017 -0.314478315272 -0.608297446299 -0.665196571855 0.0484258876478 0.14725344526 
1 2.52 0.04 0.0286366448143 0.0393437264207 0.0840395718004 0.0425682865248 -0.25501157045 -0.199822836564 -0.228006328678 -0.314500480018 -0.60833339054 -0.665217260651 0.0484282071831 0.14725829343 

0 2.56 0.04 0.0312173875071 0.0413821406353 0.0852930323487 0.0433889518783 -0.253746545647 -0.202290142809 -0.238056743343 -0.333868364827 -0.6365541124 -0.708681212669 0.0299057714563 0.145324177097 
1 2.56 0.04 0.0312171486754 0.0413816015705 0.0852737648133 0.0433441711705 -0.253775047637 -0.202310912861 -0.238091807336 -0.333891084207 -0.636585427788 -0.708699226881 0.0299102955854 0.145331577136 

0 2.6 0.04 0.0334457304991 0.0430083203092 0.0859589773587 0.043630659138 -0.253170505469 -0.206243801271 -0.250336846836 -0.356167030952 -0.667763467262 -0.753467616044 0.0109262571844 0.14210692923 
1 2.6 0.04 0.0334454724221 0.043007511267 0.0859479251076 0.0435847627653 -0.253196538469 -0.206265932566 -0.25037168825 -0.356190172908 -0.667790415124 -0.753484544391 0.0109328805572 0.142114365462 

0 2.64 0.04 0.03535087668 0.0442541235847 0.0859663476598 0.0432461876851 -0.253084839161 -0.211902986452 -0.265135431081 -0.381950091211 -0.703664786226 -0.802919657341 -0.00860828297963 0.138698146577 
1 2.64 0.04 0.0353505994576 0.0442531284829 0.0859552462457 0.0432001504056 -0.253110434327 -0.21192715921 -0.265169535923 -0.381973214018 -0.703686409002 -0.802934768261 -0.00860058290825 0.138706739612 

0 2.68 0.04 0.0368819381067 0.0450653111484 0.0852976266473 0.0420060078918 -0.25386143162 -0.219630311747 -0.282974397883 -0.411953079967 -0.745353870577 -0.858564463122 -0.0302157677137 0.133221388427 
1 2.68 0.04 0.0368816046864 0.0450640202144 0.085286720636 0.0419603290356 -0.253887006368 -0.21965575713 -0.283007693717 -0.411976976441 -0.745369984045 -0.858577974351 -0.0302055281979 0.133231258284 

0 2.72 0.04 0.0381014824763 0.045499963817 0.083986017901 0.0385513284632 -0.255730465039 -0.229757707165 -0.304155504359 -0.44592778632 -0.789925217554 -0.911978083642 -0.0495278406019 0.128686403462 
1 2.72 0.04 0.0381011694625 0.045498453669 0.0839752209895 0.0385166906654 -0.2557562122 -0.229784970254 -0.304187937157 -0.445951438088 -0.789935788418 -0.911989011094 -0.0495168585526 0.128697774054 

0 2.76 0.04 0.0390304777515 0.0455734588972 0.0820056471125 0.0351272238476 -0.259006891852 -0.242817329351 -0.329354983645 -0.484986046519 -0.840297606224 -0.969102407432 -0.0688901865097 0.123709988367 
1 2.76 0.04 0.0390301235646 0.0455717685364 0.0819951619195 0.0350941640065 -0.25903376032 -0.242845995893 -0.329386008104 -0.485009275162 -0.840302046408 -0.96911018294 -0.0688767600374 0.123722401212 

0 2.8 0.04 0.0397314482533 0.0453383145647 0.079375920159 0.0304928073759 -0.264114082973 -0.259488697692 -0.359370302789 -0.529786378188 -0.896428570564 -1.0282208292 -0.0873544090922 0.118398946683 
1 2.8 0.04 0.0397310263474 0.0453363125257 0.0793658402309 0.0304614760627 -0.26414078346 -0.259518970559 -0.35939975549 -0.529809632351 -0.896426423227 -1.02822430646 -0.0873396645895 0.118412157746 

0 2.84 0.04 0.040244821062 0.0448236148877 0.0760666676949 0.0244578285261 -0.272913924937 -0.280693754824 -0.395258720656 -0.581273351446 -0.958112037767 -1.08673599819 -0.104432938551 0.113017298858 
1 2.84 0.04 0.0402443223915 0.0448213992632 0.0760568114478 0.0244279912423 -0.272934443484 -0.28072598917 -0.395286215792 -0.581295862205 -0.95810315565 -1.08673518384 -0.10441679424 0.113030837243 

0 2.88 0.04 0.0406652204125 0.0441176162907 0.0721319789051 0.016793075024 -0.28359831352 -0.307570132847 -0.438229410208 -0.639866008673 -1.02453095115 -1.14564751593 -0.120409683815 0.107513918985 
1 2.88 0.04 0.0406645809892 0.0441151592803 0.072122087277 0.0167653410213 -0.283619396789 -0.307603509944 -0.438254599324 -0.639887585937 -1.02451514061 -1.14564363834 -0.120392195773 0.107528238672 

0 2.92 0.04 0.0410359847219 0.0432563128176 0.0675502583312 0.00714693432075 -0.298582852725 -0.341664687528 -0.489795078506 -0.707087610276 -1.09829416846 -1.20699307465 -0.135907693402 0.10113177272 
1 2.92 0.04 0.0410352193295 0.0432536118164 0.0675402541243 0.00712045893745 -0.298604499156 -0.341698934859 -0.489817317491 -0.707107188512 -1.09827125978 -1.20698589153 -0.135889549365 0.101146300657 

0 2.96 0.04 0.0414632617719 0.0423428864227 0.0622954916858 -0.00509110468383 -0.31953349615 -0.385208845227 -0.551412792338 -0.781742553849 -1.17281472379 -1.26156367127 -0.147790339675 0.0964985579827 
1 2.96 0.04 0.0414623818528 0.0423400070937 0.0622854519973 -0.00511391497407 -0.319554874987 -0.385265988281 -0.551431822457 -0.781759830629 -1.17278427017 -1.26155160457 -0.147770603017 0.0965134584458 

0 3 0.04 0.0420406257198 0.041473806315 0.0563770501901 -0.0207441603257 -0.348844900694 -0.440880081169 -0.625469902789 -0.866135898366 -1.25349659595 -1.319411073 -0.159116825078 0.091670760081 
1 3 0.04 0.0420396150402 0.0414707996938 0.0563669864226 -0.0207638196844 -0.348865891097 -0.440934313748 -0.625484858138 -0.866150595136 -1.25345817688 -1.3193920961 -0.159094911453 0.0916864037045 

0 3.04 0.04 0.0428247503241 0.0407262211757 0.049813271185 -0.0408419964779 -0.389517691153 -0.511797863757 -0.713203010229 -0.958142106188 -1.33338979329 -1.3712034862 -0.167833520911 0.0871862717699 
1 3.04 0.04 0.0428235221272 0.0407230427121 0.0498031766661 -0.0408585472995 -0.389537300092 -0.511848285516 -0.713212850723 -0.958154268936 -1.33334366966 -1.37117981726 -0.167810431491 0.0872020150833 

0 3.08 0.04 0.0438430175951 0.0401657507477 0.0426014766686 -0.066834616271 -0.44554401911 -0.600668097194 -0.814165820573 -1.05509874212 -1.41224175117 -1.41730440616 -0.173995456454 0.0831938769007 
1 3.08 0.04 0.0438416456967 0.0401626658957 0.0425914612227 -0.0668478197034 -0.445562958801 -0.600713298596 -0.814170230941 -1.05510646748 -1.41218869144 -1.41727504677 -0.173971109568 0.0832095009096 

0 3.12 0.04 0.0451870085822 0.0399883824774 0.0349566959544 -0.100026594409 -0.520389178958 -0.70797612437 -0.925481575774 -1.15292656725 -1.48645792828 -1.45968295061 -0.177512068217 0.0804259473991 
1 3.12 0.04 0.045185471282 0.0399852219693 0.0349466459022 -0.100036192294 -0.520406136726 -0.708015198834 -0.925480999282 -1.15292954935 -1.48639643515 -1.45964686871 -0.177486732602 0.0804414669076 

0 3.16 0.04 0.0468412724405 0.0402729291291 0.0272555672126 -0.140673196892 -0.614552899765 -0.829880908808 -1.04125329613 -1.24761985703 -1.55368894744 -1.4939407696 -0.17851910259 0.0781461099378 
1 3.16 0.04 0.0468395500412 0.040269603761 0.0272456585848 -0.140678980424 -0.614566940494 -0.829912552779 -1.04124449643 -1.24761783004 -1.55362095016 -1.49389957569 -0.178493305063 0.0781612770627 

0 3.2 0.04 0.0488032680846 0.0411433644319 0.0202970608455 -0.186007859057 -0.720766365582 -0.954914303909 -1.15017462848 -1.33071307621 -1.60998151674 -1.52227123686 -0.177143316943 0.076792779233 
1 3.2 0.04 0.0488013115955 0.0411397705721 0.020287102066 -0.186009751799 -0.720777177769 -0.954939073026 -1.15016115575 -1.33070774211 -1.60990903707 -1.52222581263 -0.177116984043 0.0768069729488 

0 3.24 0.04 0.0510717420302 0.0427354868323 0.0153039964173 -0.228230087379 -0.820737852444 -1.06452632011 -1.23994937707 -1.39658806827 -1.65395130851 -1.5437748902 -0.17349851689 0.0756493513218 
1 3.24 0.04 0.0510686544088 0.0427307533706 0.0152931397997 -0.228228946691 -0.82074693462 -1.06454345991 -1.23993093273 -1.39657755842 -1.65387436004 -1.54372667361 -0.173473535349 0.0756616661374 

0 3.28 0.04 0.05357757859 0.0450847984892 0.0135603748211 -0.256009264281 -0.889131003193 -1.13774097572 -1.2981456904 -1.43959743811 -1.68346845188 -1.5567132967 -0.168014285624 0.0744764724335 
1 3.28 0.04 0.0535767418738 0.0450825264854 0.0135526570104 -0.256000325178 -0.889132353319 -1.13774241328 -1.29810466612 -1.43953627812 -1.68335012056 -1.55737133666 -0.168070263183 0.0745164896709 

0 3.32 0.04 0.0563370843843 0.0482539120764 0.0160234235502 -0.259928099028 -0.905032482688 -1.15874589812 -1.31655881466 -1.45584299932 -1.6970831281 -1.56309196505 -0.159435775978 0.0751764187681 
1 3.32 0.04 0.0563334962437 0.0482486308411 0.0160123349853 -0.2599203657 -0.905038684606 -1.15875188779 -1.31653322874 -1.45585324504 -1.6970701543 -1.5631648904 -0.159533064072 0.0751240724439 

0 3.36 0.04 0.0592659887519 0.0521306889745 0.0226795690125 -0.238679577898 -0.863892603485 -1.1240188036 -1.2934747505 -1.44473233703 -1.69498083811 -1.56045709068 -0.149607870241 0.0753880601236 
1 3.36 0.04 0.0592631455589 0.0521262351394 0.0226697888422 -0.238667158113 -0.863895305708 -1.12401763867 -1.29344125926 -1.44469499233 -1.69485660267 -1.56054271932 -0.149633133228 0.075375254493 

0 3.4 0.04 0.0623852347821 0.0566319285517 0.0325947266559 -0.199758144629 -0.780119795915 -1.04375746225 -1.23411660633 -1.40788116164 -1.67683758303 -1.54997207307 -0.136956399556 0.0771363925381 
1 3.4 0.04 0.0623816088468 0.0566267122468 0.0325843892568 -0.199744687063 -0.780126215568 -1.04375327387 -1.23408554199 -1.40787827523 -1.67682521781 -1.55009515878 -0.137013717952 0.0771090985441 

0 3.44 0.04 0.065619644941 0.0615224989046 0.0441843855249 -0.154501291917 -0.678149104788 -0.937529757116 -1.14967313712 -1.35084124111 -1.64462219414 -1.53168492875 -0.122622503883 0.0790004812118 
1 3.44 0.04 0.0656159987694 0.0615173487494 0.0441746775402 -0.154485104074 -0.678156070817 -0.937522603845 -1.14964245875 -1.35081536094 -1.6445359894 -1.53174763357 -0.122656076049 0.078983456822 

0 3.48 0.04 0.0689349599321 0.066576031655 0.0560313832935 -0.111697557071 -0.579435351146 -0.825347478388 -1.05243456808 -1.27894599299 -1.60174885269 -1.5073677898 -0.106094124767 0.082408518489 
1 3.48 0.04 0.0689310324258 0.0665706933065 0.0560218629059 -0.111679205609 -0.579443715149 -0.825337341088 -1.05240378812 -1.2789286279 -1.60170763199 -1.50745867033 -0.106138868409 0.0823861235141 

0 3.52 0.04 0.0722576933918 0.0716141354509 0.0671994165898 -0.0754161010056 -0.495489345071 -0.721985242585 -0.954655615042 -1.1998323114 -1.54909170013 -1.47566667755 -0.0879975323475 0.0860957147698 
1 3.52 0.04 0.0722536342177 0.0716088342594 0.0671904126333 -0.0753950294528 -0.495497525359 -0.721971575402 -0.954625568401 -1.19980744823 -1.54902895896 -1.47572676755 -0.0880329860754 0.0860759034246 

0 3.56 0.04 0.0755041808606 0.0764480658263 0.077224052045 -0.0463481025777 -0.428865265611 -0.634114471645 -0.863602689319 -1.11928600679 -1.49061252615 -1.43823537712 -0.0684797565149 0.0903297499488 
1 3.56 0.04 0.0754998695214 0.0764427364848 0.0772155644561 -0.0463240497336 -0.428873015759 -0.634096374698 -0.863572025864 -1.11926148032 -1.49056444091 -1.43830375555 -0.0685185306125 0.0903093120452 

0 3.6 0.04 0.078611670093 0.0809606854413 0.0859487369706 -0.0235677225399 -0.377830869622 -0.563089406729 -0.783766717717 -1.04217683395 -1.43022741804 -1.39783064498 -0.0478620352121 0.0952677660695 
1 3.6 0.04 0.0786071469715 0.0809554436773 0.0859409714733 -0.0235407580945 -0.377837515056 -0.563066809352 -0.783735285207 -1.04214852691 -1.43017614511 -1.39787571164 -0.0478982912571 0.0952504423415 

0 3.64 0.04 0.0815197658495 0.0850726442363 0.0933998934191 -0.00584533126747 -0.339143696402 -0.507234846236 -0.716201796006 -0.971049082067 -1.36802063232 -1.35195007376 -0.0256200759299 0.1012401616 
1 3.64 0.04 0.08151496994 0.085067323104 0.0933927749026 -0.00581556297608 -0.339148429074 -0.507207005732 -0.716169258443 -0.971018670785 -1.36797813243 -1.35199416466 -0.0256575619669 0.101222261507 

0 3.68 0.04 0.0841546052764 0.0887156166788 0.0996682690232 0.00796894158478 -0.309719178915 -0.463875549746 -0.659177462689 -0.907715096226 -1.30841221894 -1.30593625626 -0.00406091564655 0.106856028318 
1 3.68 0.04 0.0841496047198 0.0887104487026 0.0996620105526 0.00800127059555 -0.309722355558 -0.463842456096 -0.659140823976 -0.90768151413 -1.30837158495 -1.30597337849 -0.00409729891771 0.106837127919 

0 3.72 0.04 0.086482965827 0.0918744538145 0.104895344657 0.0186796781832 -0.287132185531 -0.430191237443 -0.613537540963 -0.852295255772 -1.25184733032 -1.25755716307 0.0186010305124 0.113253521999 
1 3.72 0.04 0.0864778136597 0.0918693916128 0.104889943578 0.0187146573372 -0.287133023373 -0.43015245478 -0.613498186993 -0.852257980732 -1.2518109106 -1.25758246686 0.0185649349986 0.113235731781 

0 3.76 0.04 0.0885089403228 0.0945749198438 0.109241904402 0.0270443254685 -0.269661960465 -0.403932736711 -0.576322129819 -0.803710541792 -1.19688458384 -1.20532985498 0.0429465191162 0.121053887583 
1 3.76 0.04 0.0885036284348 0.0945700417261 0.109237363177 0.0270815622166 -0.269660505224 -0.40388823525 -0.576279468809 -0.803669563417 -1.19685481503 -1.20534859418 0.0429108726848 0.12103591541 

0 3.8 0.04 0.0901629638587 0.0967699660866 0.11276322435 0.0334718585593 -0.256113114916 -0.383483041738 -0.546236178734 -0.762602052918 -1.14852795238 -1.15699597716 0.0649668932971 0.127376083818 
1 3.8 0.04 0.0901574726459 0.0967651983015 0.112759738355 0.0335108666546 -0.256108975662 -0.38343281788 -0.546190353924 -0.762555691207 -1.14849999698 -1.15700791317 0.0649354773246 0.127359774862 

0 3.84 0.04 0.0914739860845 0.0985118182778 0.115611414509 0.0383700923649 -0.245506827137 -0.367308563018 -0.521362881261 -0.726743717116 -1.10331816604 -1.10798714116 0.0877318876577 0.134900342805 
1 3.84 0.04 0.0914683457609 0.0985073797593 0.115608742394 0.0384106185359 -0.245499847252 -0.367252560211 -0.521313537734 -0.726692011251 -1.10329357986 -1.1079856499 0.0877010579012 0.13488278941 

0 3.88 0.04 0.0924085036623 0.0997833912654 0.117824409336 0.0419823668337 -0.237248523974 -0.354491955634 -0.50080174338 -0.695879619107 -1.06229562234 -1.05949611205 0.109582197395 0.141824617838 
1 3.88 0.04 0.0924027781139 0.0997791969436 0.117822613228 0.042024263001 -0.237238597343 -0.354430340435 -0.500749247877 -0.695823246119 -1.06227375474 -1.05948981998 0.10955687287 0.141810350951 

0 3.92 0.04 0.0929539961361 0.100590889314 0.119459903693 0.0444889245262 -0.230886605601 -0.344320753359 -0.483713774603 -0.669190169456 -1.02570042351 -1.0138108589 0.130522768184 0.148975162917 
1 3.92 0.04 0.0929481483971 0.100586863547 0.119459088161 0.0445314850717 -0.230874048593 -0.344254493766 -0.483658682564 -0.669128439829 -1.0256797592 -1.0137938697 0.130499647045 0.148963159694 

0 3.96 0.04 0.093087664305 0.100923961465 0.120538184538 0.0460242923751 -0.2261010086 -0.336248215817 -0.469418380682 -0.645902855854 -0.992402931343 -0.969416193995 0.150326465574 0.156030237412 
1 3.96 0.04 0.093081621733 0.100920158581 0.120538178546 0.046067466172 -0.226085338183 -0.336176750078 -0.46935948781 -0.645835474556 -0.992385497063 -0.969387964652 0.150308079383 0.156019143826 

0 4 0.04 0.0928053906812 0.100789314046 0.121088849498 0.0467030650879 -0.222634431163 -0.32986050384 -0.457409091661 -0.625558760823 -0.962623820022 -0.927848608982 0.16807664152 0.162385239275 
1 4 0.04 0.0927991095736 0.100785548107 0.121089510594 0.0467462291507 -0.222615853988 -0.32978441466 -0.457346731284 -0.6254876415 -0.962607757219 -0.927807550581 0.168060222899 0.162374754329 

0 4.04 0.04 0.0921500804333 0.100237281159 0.121180187321 0.0466632476982 -0.220255218337 -0.32479709438 -0.447217080586 -0.607524566693 -0.935575926463 -0.888611339551 0.184586023344 0.168765178595 
1 4.04 0.04 0.0921434584972 0.100233428324 0.121181377821 0.0467061002713 -0.220233684273 -0.324716917153 -0.447151685002 -0.607448125487 -0.935562766183 -0.888563152955 0.184571550608 0.168753702852 

0 4.08 0.04 0.091150556534 0.0993019737287 0.120852965988 0.0459513245534 -0.218807975247 -0.320827168914 -0.438553708172 -0.591623542811 -0.911339905985 -0.851806749534 0.199638595861 0.175199174384 
1 4.08 0.04 0.0911435425333 0.0992980155922 0.120854813857 0.0459924328161 -0.218783639332 -0.320743257573 -0.438485593722 -0.591543207049 -0.911328188696 -0.851742101872 0.199628278726 0.175189043919 

0 4.12 0.04 0.0898988373375 0.0980792166602 0.120206820614 0.0448112521288 -0.218083816083 -0.317654194891 -0.431025205177 -0.577300289109 -0.889229325595 -0.817523454548 0.213210489551 0.181723099136 
1 4.12 0.04 0.0898914914003 0.0980752180582 0.120209274195 0.0448506093495 -0.218056725502 -0.317567017615 -0.430954905049 -0.577214835214 -0.889217553732 -0.817449313038 0.213205204534 0.181714969764 

0 4.16 0.04 0.0884857660602 0.0966605968203 0.119341184334 0.0433987513453 -0.21793336419 -0.31509456475 -0.425373927591 -0.564353587386 -0.868943825057 -0.785496362114 0.225139925594 0.188136497102 
1 4.16 0.04 0.0884780582789 0.0966565549072 0.119344160352 0.0434361406567 -0.217903553445 -0.315004555238 -0.425305453109 -0.564265036052 -0.868934714093 -0.785412968145 0.225138785591 0.188130012793 

0 4.2 0.04 0.0870096774916 0.0951449489365 0.118367742712 0.0418594442965 -0.218210693261 -0.31296018805 -0.419550332466 -0.552615171972 -0.850940188115 -0.757864413627 0.233345145438 0.19284927737 
1 4.2 0.04 0.0870017708298 0.0951409906412 0.1183712235 0.041894769399 -0.218178133481 -0.312867804715 -0.419480033373 -0.552521833011 -0.850929954008 -0.757762965826 0.233350450577 0.192847655467 

0 4.24 0.04 0.0855522864217 0.093616602108 0.117371176672 0.0401587882398 -0.218790814158 -0.311109728334 -0.414269093262 -0.541845937843 -0.834447190331 -0.732400558138 0.240570416847 0.198097883315 
1 4.24 0.04 0.0855442388478 0.0936127515117 0.117375218348 0.040191833392 -0.21875567947 -0.311015569844 -0.414196221375 -0.541750782755 -0.834437529671 -0.732289320849 0.240581958901 0.198099022764 

0 4.28 0.04 0.0842752782694 0.0922405251312 0.116526454776 0.0384806778898 -0.21949159417 -0.309417621289 -0.409219502503 -0.531589418586 -0.818696733136 -0.708424773178 0.246639026783 0.203741394598 
1 4.28 0.04 0.0842670841198 0.0922367287681 0.11653096512 0.0385110518112 -0.219454011091 -0.309337097701 -0.409145484433 -0.531490728374 -0.818684966282 -0.708305105439 0.246656554736 0.203745057421 

0 4.32 0.04 0.083169053847 0.0910042885573 0.115801505176 0.0368727736529 -0.22030317766 -0.307798447563 -0.40452732609 -0.52227558937 -0.805064896233 -0.689820077747 0.24770188553 0.2065582747 
1 4.32 0.04 0.0831606712593 0.0910005146007 0.115806357416 0.0368999220737 -0.220263269539 -0.307713463297 -0.404451875757 -0.522175782419 -0.805051862555 -0.689689274691 0.247725489279 0.206564203632 

0 4.36 0.04 0.08237851518 0.0900543028693 0.115344790023 0.0355235098827 -0.221043433338 -0.306039594505 -0.399858646105 -0.513240750339 -0.791795585692 -0.671711109777 0.25021231864 0.212092633323 
1 4.36 0.04 0.0823698962493 0.0900504419167 0.115349997922 0.0355471889115 -0.221001557701 -0.305950821837 -0.399781877649 -0.513141149644 -0.791783718661 -0.671570336494 0.250241591939 0.212100568823 

0 4.4 0.04 0.0818953970807 0.0893814986617 0.115137881945 0.034423319547 -0.22214688815 -0.304194033398 -0.395344745254 -0.504906678498 -0.780153707023 -0.658082239743 0.248349085319 0.215281755587 
1 4.4 0.04 0.0818865476486 0.0893774988408 0.115143228634 0.0344432333918 -0.222098221774 -0.304102283776 -0.395268365148 -0.50480489375 -0.780140619892 -0.657926900593 0.248385690466 0.2152925729 

0 4.44 0.04 0.0817551008729 0.0890216582868 0.11520608587 0.0336313682093 -0.222709745467 -0.30220305196 -0.390927814228 -0.497170662067 -0.769836869664 -0.647747961934 0.244672469172 0.218472637784 
1 4.44 0.04 0.0817459812586 0.0890174296583 0.115211552879 0.0336472496681 -0.222659476809 -0.302108463505 -0.39085022715 -0.497070771353 -0.769824233329 -0.647581495493 0.244715049569 0.21848605752 

0 4.48 0.04 0.0819867655493 0.0890034064362 0.115570460481 0.0331982771774 -0.223070958539 -0.300012824564 -0.386522088769 -0.489814188461 -0.760162509999 -0.639206721633 0.240049099095 0.221910600813 
1 4.48 0.04 0.0819773590997 0.0889989387101 0.115575836235 0.0332101761245 -0.22301949221 -0.299916644773 -0.386444808707 -0.489716259424 -0.760150383546 -0.639031941319 0.24010078599 0.22192771608 

0 4.52 0.04 0.0825395177805 0.0892728873134 0.116162668591 0.033076424924 -0.223274330728 -0.297718862008 -0.382327111171 -0.483287768356 -0.752298714288 -0.635083201706 0.232553128341 0.224245189225 
1 4.52 0.04 0.0825298567834 0.0892681618952 0.116168041381 0.0330843626289 -0.223221943793 -0.297620971438 -0.38225104034 -0.48319105749 -0.752283316913 -0.634898260828 0.232612484584 0.22426567553 

0 4.56 0.04 0.0833975336418 0.0898173747836 0.116967697295 0.03320474283 -0.223317755242 -0.295342153257 -0.378367914866 -0.477582264501 -0.745951385219 -0.634301765097 0.223383465641 0.226134974144 
1 4.56 0.04 0.0833877092493 0.0898124404941 0.1169731404 0.0332083020787 -0.223264725295 -0.295243808792 -0.378292772628 -0.477486698304 -0.745934600468 -0.634105888486 0.223448677433 0.226158812165 

0 4.6 0.04 0.0844588570661 0.0905335283249 0.117870123725 0.033462799263 -0.223289446979 -0.293019625809 -0.374817909311 -0.472861423119 -0.741048749264 -0.635984616946 0.213192017908 0.227705480244 
1 4.6 0.04 0.0844489128382 0.0905283715432 0.1178755668 0.0334620148848 -0.223235870002 -0.292921089809 -0.374744565478 -0.472769063775 -0.741031913988 -0.635780302501 0.213262907394 0.227732645064 

0 4.64 0.04 0.0856618339521 0.0913584370256 0.118789521362 0.0337877532441 -0.223246821522 -0.29086336746 -0.371845683317 -0.469406853558 -0.73827561276 -0.641860306996 0.20100972322 0.228618314038 
1 4.64 0.04 0.0856518306477 0.0913531650656 0.118795008933 0.0337825652053 -0.223193046572 -0.29076497641 -0.371773876355 -0.469318317405 -0.738257548343 -0.641650762257 0.201084883641 0.228647394804 

0 4.68 0.04 0.0868794567437 0.0921624713406 0.119569261178 0.0340436044514 -0.223330416494 -0.289095003189 -0.369770946913 -0.467677707772 -0.738340019068 -0.653000480542 0.185957164103 0.227991533158 
1 4.68 0.04 0.0868694108258 0.0921570911519 0.119574679572 0.034034488349 -0.223276655258 -0.288997841224 -0.369700312533 -0.467593411666 -0.73832246986 -0.652782497737 0.18604058536 0.22802560319 

0 4.72 0.04 0.0880267495754 0.0928572877187 0.120105120531 0.0341083969732 -0.223007338169 -0.287902120448 -0.368828214571 -0.467922091413 -0.741348551438 -0.667922671076 0.169806972194 0.226661107912 
1 4.72 0.04 0.0880166405515 0.0928517403403 0.120110368191 0.0340951925713 -0.222958887378 -0.287807677471 -0.368760654291 -0.467843443726 -0.74133156947 -0.667698638943 0.169894529268 0.226698806123 

0 4.76 0.04 0.0890043249615 0.0933402984146 0.120267427807 0.0338455376574 -0.223691791296 -0.287519995476 -0.369307154532 -0.470341988197 -0.746720535613 -0.684699709871 0.153278575235 0.22486609992 
1 4.76 0.04 0.0889941787135 0.0933345725798 0.120272460037 0.0338288414835 -0.223643953158 -0.287428167306 -0.369241912621 -0.470269140222 -0.746702390983 -0.684473312536 0.15336962594 0.224904927476 

0 4.8 0.04 0.089752193926 0.0935462722278 0.119964571512 0.0331341766076 -0.224920630478 -0.288247113066 -0.371673428766 -0.475843829609 -0.757231176209 -0.709089525492 0.134209457291 0.221698795643 
1 4.8 0.04 0.0897419350994 0.0935402836977 0.119969288868 0.0331140749551 -0.224873691261 -0.288157986068 -0.371611969124 -0.47577712822 -0.757209932229 -0.708857731652 0.134306586125 0.221740449407 

0 4.84 0.04 0.090189661905 0.0933894043887 0.119082138822 0.0318081644264 -0.226911251896 -0.290434618911 -0.376330183422 -0.484566815253 -0.771294254983 -0.735945956284 0.114268413087 0.216897641394 
1 4.84 0.04 0.0901792875572 0.0933831343843 0.119086490392 0.031784904691 -0.22686555817 -0.290349534554 -0.376271683464 -0.48450649102 -0.771275012703 -0.735713514197 0.114367515478 0.216939802819 

0 4.88 0.04 0.0902942290019 0.0928402729808 0.117563461621 0.0297548602073 -0.229863312283 -0.294422747299 -0.383693095811 -0.496962260861 -0.789307148905 -0.766289243587 0.0931559604493 0.210996530509 
1 4.88 0.04 0.0902837656291 0.0928337442729 0.117567478904 0.0297285584606 -0.229819099635 -0.294341385588 -0.383638105789 -0.496909863942 -0.789286210987 -0.766053147461 0.093260930066 0.211042020075 

0 4.92 0.04 0.0900687393623 0.0918917163148 0.115364099199 0.0268333577848 -0.234073637648 -0.3007508822 -0.394505209354 -0.51409698482 -0.813181526878 -0.801582828376 0.0715990184993 0.204694632455 
1 4.92 0.04 0.0900581904097 0.0918849235911 0.115367724261 0.0268047780943 -0.234031297659 -0.300674609567 -0.394454917456 -0.51404999786 -0.813158436115 -0.801343733885 0.0717082427273 0.204743478683 

0 4.96 0.04 0.0895216836186 0.090542026524 0.112438780124 0.022875995992 -0.239908749934 -0.30895458065 -0.409452367821 -0.536548134404 -0.842838887345 -0.840027402209 0.0503242939508 0.19786954236 
1 4.96 0.04 0.0895110720702 0.0905350001242 0.112442058779 0.0228454015758 -0.239868286288 -0.30891937368 -0.409404931464 -0.53650983874 -0.84281307579 -0.839785933912 0.0504410648095 0.197924028263 

0 5 0.04 0.088688880286 0.0888168444423 0.108762633494 0.0176946675048 -0.247843428463 -0.321868357852 -0.429403771855 -0.565009311417 -0.877955580584 -0.880156634998 0.0291264169782 0.190182112534 
1 5 0.04 0.0886781980012 0.0888095550971 0.108765457942 0.0176626150339 -0.247804515579 -0.321840296672 -0.429359617224 -0.564978172773 -0.877926715311 -0.87991690865 0.0292448799939 0.190238023852 

0 5.04 0.04 0.0876326782328 0.0867654574007 0.104320341295 0.0110334759618 -0.258563985052 -0.340805940852 -0.455612135805 -0.600420078872 -0.918705254814 -0.922802603657 0.00831715172788 0.182089762556 
1 5.04 0.04 0.0876219316333 0.0867579414058 0.104322680021 0.0110003022046 -0.258527315537 -0.34074639293 -0.455571853276 -0.6003945981 -0.918674640332 -0.922563168052 0.00843767111589 0.182146509443 

0 5.08 0.04 0.0863975568107 0.0844274138848 0.0990785095975 0.00254239862665 -0.272995342122 -0.364772352126 -0.489464189377 -0.64386295933 -0.967340490255 -0.971454025935 -0.0130073232433 0.172699820764 
1 5.08 0.04 0.086386669201 0.0844196975367 0.0990803956344 0.00250850567711 -0.272961664465 -0.364717737651 -0.489425867291 -0.643843263076 -0.967308975856 -0.971218354425 -0.0128870105138 0.172756156819 

0 5.12 0.04 0.0851300277988 0.0819107066468 0.0930552833486 -0.00819877586279 -0.292401547027 -0.396719196952 -0.532750550848 -0.696254019883 -1.02000256731 -1.01513891 -0.0310434173967 0.164832673732 
1 5.12 0.04 0.0851189967856 0.0819027976232 0.093056699388 -0.00823327430749 -0.292369742344 -0.396671800982 -0.532715851003 -0.69624118818 -1.01996494987 -1.01490327112 -0.0309209963673 0.16488981123 

0 5.16 0.04 0.0839295450603 0.0793513778196 0.08627070113 -0.0218299454275 -0.318637325299 -0.43908584839 -0.587201980733 -0.75758093883 -1.07777728624 -1.06152225824 -0.0484597350162 0.156641326751 
1 5.16 0.04 0.0839183541922 0.0793431671609 0.086271608219 -0.0218641723235 -0.318608707413 -0.439044382081 -0.587169872315 -0.757573118919 -1.07773756668 -1.06128853332 -0.0483355238939 0.156699853206 

