#Turbine    Time(s)    dt(s)    Vvertical (m/s)
0 0 0.04 0 0 0 0 0 0 0 0 0 0 
1 0 0.04 0 0 0 0 0 0 0 0 0 0 

0 0.04 0.04 0 0 0 0 0 0 0 0 0 0 
1 0.04 0.04 0 0 0 0 0 0 0 0 0 0 

0 0.08 0.04 -0.00225809575159 -0.00225809575159 -0.00225809575159 -0.00225809575159 -0.00225809575159 -0.00225809575159 -0.00225809575159 -0.00225809575159 -0.00225809575159 -0.00225809575159 
1 0.08 0.04 -0.00225812989402 -0.00225812989402 -0.00225812989402 -0.00225812989402 -0.00225812989402 -0.00225812989402 -0.00225812989402 -0.00225812989402 -0.00225812989402 -0.00225812989402 

0 0.12 0.04 -0.00295826854341 -0.00295826854341 -0.00295826854341 -0.00295826854341 -0.00295826854341 -0.00295826854341 -0.00295826854341 -0.00295826854341 -0.00295826854341 -0.00295826854341 
1 0.12 0.04 -0.00295832511941 -0.00295832511941 -0.00295832511941 -0.00295832511941 -0.00295832511941 -0.00295832511941 -0.00295832511941 -0.00295832511941 -0.00295832511941 -0.00295832511941 

0 0.16 0.04 -0.00467228660751 -0.00467228660751 -0.00467228660751 -0.00467228660751 -0.00467228660751 -0.00467228660751 -0.00467228660751 -0.00467228660751 -0.00467228660751 -0.00467228660751 
1 0.16 0.04 -0.00467245642256 -0.00467245642256 -0.00467245642256 -0.00467245642256 -0.00467245642256 -0.00467245642256 -0.00467245642256 -0.00467245642256 -0.00467245642256 -0.00467245642256 

0 0.2 0.04 -0.00477800772743 -0.00477800772743 -0.00477800772743 -0.00477800772743 -0.00477800772743 -0.00477800772743 -0.00477800772743 -0.00477800772743 -0.00477800772743 -0.00477800772743 
1 0.2 0.04 -0.00477822490346 -0.00477822490346 -0.00477822490346 -0.00477822490346 -0.00477822490346 -0.00477822490346 -0.00477822490346 -0.00477822490346 -0.00477822490346 -0.00477822490346 

0 0.24 0.04 -0.00684723296644 -0.00684723296644 -0.00684723296644 -0.00684723296644 -0.00684723296644 -0.00684723296644 -0.00684723296644 -0.00684723296644 -0.00684723296644 -0.00684723296644 
1 0.24 0.04 -0.00684749226572 -0.00684749226572 -0.00684749226572 -0.00684749226572 -0.00684749226572 -0.00684749226572 -0.00684749226572 -0.00684749226572 -0.00684749226572 -0.00684749226572 

0 0.28 0.04 -0.00920353754684 -0.00920353754684 -0.00920353754684 -0.00920353754684 -0.00920353754684 -0.00920353754684 -0.00920353754684 -0.00920353754684 -0.00920353754684 -0.00920353754684 
1 0.28 0.04 -0.00920387168401 -0.00920387168401 -0.00920387168401 -0.00920387168401 -0.00920387168401 -0.00920387168401 -0.00920387168401 -0.00920387168401 -0.00920387168401 -0.00920387168401 

0 0.32 0.04 -0.0118848908155 -0.0118848908155 -0.0118848908155 -0.0118848908155 -0.0118848908155 -0.0118848908155 -0.0118848908155 -0.0118848908155 -0.0118848908155 -0.0118848908155 
1 0.32 0.04 -0.0118854592858 -0.0118854592858 -0.0118854592858 -0.0118854592858 -0.0118854592858 -0.0118854592858 -0.0118854592858 -0.0118854592858 -0.0118854592858 -0.0118854592858 

0 0.36 0.04 -0.0150026736354 -0.0150026736354 -0.0150026736354 -0.0150026736354 -0.0150026736354 -0.0150026736354 -0.0150026736354 -0.0150026736354 -0.0150026736354 -0.0150026736354 
1 0.36 0.04 -0.0150034331962 -0.0150034331962 -0.0150034331962 -0.0150034331962 -0.0150034331962 -0.0150034331962 -0.0150034331962 -0.0150034331962 -0.0150034331962 -0.0150034331962 

0 0.4 0.04 -0.0181239105511 -0.0181239105511 -0.0181239105511 -0.0181239105511 -0.0181239105511 -0.0181239105511 -0.0181239105511 -0.0181239105511 -0.0181239105511 -0.0181239105511 
1 0.4 0.04 -0.0181245913415 -0.0181245913415 -0.0181245913415 -0.0181245913415 -0.0181245913415 -0.0181245913415 -0.0181245913415 -0.0181245913415 -0.0181245913415 -0.0181245913415 

0 0.44 0.04 -0.0213493838923 -0.0213493838923 -0.0213493838923 -0.0213493838923 -0.0213493838923 -0.0213493838923 -0.0213493838923 -0.0213493838923 -0.0213493838923 -0.0213493838923 
1 0.44 0.04 -0.0213503015035 -0.0213503015035 -0.0213503015035 -0.0213503015035 -0.0213503015035 -0.0213503015035 -0.0213503015035 -0.0213503015035 -0.0213503015035 -0.0213503015035 

0 0.48 0.04 -0.0248343469677 -0.0248343469677 -0.0248343469677 -0.0248343469677 -0.0248343469677 -0.0248343469677 -0.0248343469677 -0.0248343469677 -0.0248343469677 -0.0248343469677 
1 0.48 0.04 -0.02483535781 -0.02483535781 -0.02483535781 -0.02483535781 -0.02483535781 -0.02483535781 -0.02483535781 -0.02483535781 -0.02483535781 -0.02483535781 

0 0.52 0.04 -0.0280263354543 -0.0280263354543 -0.0280263354543 -0.0280263354543 -0.0280263354543 -0.0280263354543 -0.0280263354543 -0.0280263354543 -0.0280263354543 -0.0280263354543 
1 0.52 0.04 -0.0280278788577 -0.0280278788577 -0.0280278788577 -0.0280278788577 -0.0280278788577 -0.0280278788577 -0.0280278788577 -0.0280278788577 -0.0280278788577 -0.0280278788577 

0 0.56 0.04 -0.0310956942295 -0.0310956942295 -0.0310956942295 -0.0310956942295 -0.0310956942295 -0.0310956942295 -0.0310956942295 -0.0310956942295 -0.0310956942295 -0.0310956942295 
1 0.56 0.04 -0.0310971136449 -0.0310971136449 -0.0310971136449 -0.0310971136449 -0.0310971136449 -0.0310971136449 -0.0310971136449 -0.0310971136449 -0.0310971136449 -0.0310971136449 

0 0.6 0.04 -0.0341184697799 -0.0341184697799 -0.0341184697799 -0.0341184697799 -0.0341184697799 -0.0341184697799 -0.0341184697799 -0.0341184697799 -0.0341184697799 -0.0341184697799 
1 0.6 0.04 -0.0341204735467 -0.0341204735467 -0.0341204735467 -0.0341204735467 -0.0341204735467 -0.0341204735467 -0.0341204735467 -0.0341204735467 -0.0341204735467 -0.0341204735467 

0 0.64 0.04 -0.0315789860004 -0.0315789860004 -0.0315789860004 -0.0315789860004 -0.0315789860004 -0.0315789860004 -0.0315789860004 -0.0315789860004 -0.0315789860004 -0.0315789860004 
1 0.64 0.04 -0.031581295127 -0.031581295127 -0.031581295127 -0.031581295127 -0.031581295127 -0.031581295127 -0.031581295127 -0.031581295127 -0.031581295127 -0.031581295127 

0 0.68 0.04 -0.0362482335183 -0.0362482335183 -0.0362482335183 -0.0362482335183 -0.0362482335183 -0.0362482335183 -0.0362482335183 -0.0362482335183 -0.0362482335183 -0.0362482335183 
1 0.68 0.04 -0.0362510945447 -0.0362510945447 -0.0362510945447 -0.0362510945447 -0.0362510945447 -0.0362510945447 -0.0362510945447 -0.0362510945447 -0.0362510945447 -0.0362510945447 

0 0.72 0.04 -0.040131350567 -0.040131350567 -0.040131350567 -0.040131350567 -0.040131350567 -0.040131350567 -0.040131350567 -0.040131350567 -0.040131350567 -0.040131350567 
1 0.72 0.04 -0.0401341699925 -0.0401341699925 -0.0401341699925 -0.0401341699925 -0.0401341699925 -0.0401341699925 -0.0401341699925 -0.0401341699925 -0.0401341699925 -0.0401341699925 

0 0.76 0.04 -0.0434138138674 -0.0434138138674 -0.0434138138674 -0.0434138138674 -0.0434138138674 -0.0434138138674 -0.0434138138674 -0.0434138138674 -0.0434138138674 -0.0434138138674 
1 0.76 0.04 -0.043417212772 -0.043417212772 -0.043417212772 -0.043417212772 -0.043417212772 -0.043417212772 -0.043417212772 -0.043417212772 -0.043417212772 -0.043417212772 

0 0.8 0.04 -0.0464528630183 -0.0464528630183 -0.0464528630183 -0.0464528630183 -0.0464528630183 -0.0464528630183 -0.0464528630183 -0.0464528630183 -0.0464528630183 -0.0464528630183 
1 0.8 0.04 -0.046456742133 -0.046456742133 -0.046456742133 -0.046456742133 -0.046456742133 -0.046456742133 -0.046456742133 -0.046456742133 -0.046456742133 -0.046456742133 

0 0.84 0.04 -0.0481616936194 -0.0481616936194 -0.0481616936194 -0.0481616936194 -0.0481616936194 -0.0481616936194 -0.0481616936194 -0.0481616936194 -0.0481616936194 -0.0481616936194 
1 0.84 0.04 -0.0481658671164 -0.0481658671164 -0.0481658671164 -0.0481658671164 -0.0481658671164 -0.0481658671164 -0.0481658671164 -0.0481658671164 -0.0481658671164 -0.0481658671164 

0 0.88 0.04 -0.0552563277965 -0.0552563277965 -0.0552563277965 -0.0552563277965 -0.0552563277965 -0.0552563277965 -0.0552563277965 -0.0552563277965 -0.0552563277965 -0.0552563277965 
1 0.88 0.04 -0.0552602858453 -0.0552602858453 -0.0552602858453 -0.0552602858453 -0.0552602858453 -0.0552602858453 -0.0552602858453 -0.0552602858453 -0.0552602858453 -0.0552602858453 

0 0.92 0.04 -0.0607040633293 -0.0607040633293 -0.0607040633293 -0.0607040633293 -0.0607040633293 -0.0607040633293 -0.0607040633293 -0.0607040633293 -0.0607040633293 -0.0607040633293 
1 0.92 0.04 -0.0607091005939 -0.0607091005939 -0.0607091005939 -0.0607091005939 -0.0607091005939 -0.0607091005939 -0.0607091005939 -0.0607091005939 -0.0607091005939 -0.0607091005939 

0 0.96 0.04 -0.0642446071 -0.0642446071 -0.0642446071 -0.0642446071 -0.0642446071 -0.0642446071 -0.0642446071 -0.0642446071 -0.0642446071 -0.0642446071 
1 0.96 0.04 -0.0642497472576 -0.0642497472576 -0.0642497472576 -0.0642497472576 -0.0642497472576 -0.0642497472576 -0.0642497472576 -0.0642497472576 -0.0642497472576 -0.0642497472576 

0 1 0.04 -0.0664968812345 -0.0664968812345 -0.0664968812345 -0.0664968812345 -0.0664968812345 -0.0664968812345 -0.0664968812345 -0.0664968812345 -0.0664968812345 -0.0664968812345 
1 1 0.04 -0.06650232931 -0.06650232931 -0.06650232931 -0.06650232931 -0.06650232931 -0.06650232931 -0.06650232931 -0.06650232931 -0.06650232931 -0.06650232931 

0 1.04 0.04 -0.0789604366312 -0.0789604366312 -0.0789604366312 -0.0789604366312 -0.0789604366312 -0.0789604366312 -0.0789604366312 -0.0789604366312 -0.0789604366312 -0.0789604366312 
1 1.04 0.04 -0.0789671531813 -0.0789671531813 -0.0789671531813 -0.0789671531813 -0.0789671531813 -0.0789671531813 -0.0789671531813 -0.0789671531813 -0.0789671531813 -0.0789671531813 

0 1.08 0.04 -0.0813528146072 -0.0813528146072 -0.0813528146072 -0.0813528146072 -0.0813528146072 -0.0813528146072 -0.0813528146072 -0.0813528146072 -0.0813528146072 -0.0813528146072 
1 1.08 0.04 -0.0813595745249 -0.0813595745249 -0.0813595745249 -0.0813595745249 -0.0813595745249 -0.0813595745249 -0.0813595745249 -0.0813595745249 -0.0813595745249 -0.0813595745249 

0 1.12 0.04 -0.0810679267166 -0.0810679267166 -0.0810679267166 -0.0810679267166 -0.0810679267166 -0.0810679267166 -0.0810679267166 -0.0810679267166 -0.0810679267166 -0.0810679267166 
1 1.12 0.04 -0.0810766899371 -0.0810766899371 -0.0810766899371 -0.0810766899371 -0.0810766899371 -0.0810766899371 -0.0810766899371 -0.0810766899371 -0.0810766899371 -0.0810766899371 

0 1.16 0.04 -0.0782176608907 -0.0782176608907 -0.0782176608907 -0.0782176608907 -0.0782176608907 -0.0782176608907 -0.0782176608907 -0.0782176608907 -0.0782176608907 -0.0782176608907 
1 1.16 0.04 -0.0782258424092 -0.0782258424092 -0.0782258424092 -0.0782258424092 -0.0782258424092 -0.0782258424092 -0.0782258424092 -0.0782258424092 -0.0782258424092 -0.0782258424092 

0 1.2 0.04 -0.0832675095817 -0.0832675095817 -0.0832675095817 -0.0832675095817 -0.0832675095817 -0.0832675095817 -0.0832675095817 -0.0832675095817 -0.0832675095817 -0.0832675095817 
1 1.2 0.04 -0.0832728752357 -0.0832728752357 -0.0832728752357 -0.0832728752357 -0.0832728752357 -0.0832728752357 -0.0832728752357 -0.0832728752357 -0.0832728752357 -0.0832728752357 

0 1.24 0.04 -0.0771806946836 -0.0771806946836 -0.0771806946836 -0.0771806946836 -0.0771806946836 -0.0771806946836 -0.0771806946836 -0.0771806946836 -0.0771806946836 -0.0771806946836 
1 1.24 0.04 -0.0771886950111 -0.0771886950111 -0.0771886950111 -0.0771886950111 -0.0771886950111 -0.0771886950111 -0.0771886950111 -0.0771886950111 -0.0771886950111 -0.0771886950111 

0 1.28 0.04 -0.0678161159687 -0.0678161159687 -0.0678161159687 -0.0678161159687 -0.0678161159687 -0.0678161159687 -0.0678161159687 -0.0678161159687 -0.0678161159687 -0.0678161159687 
1 1.28 0.04 -0.0678241269846 -0.0678241269846 -0.0678241269846 -0.0678241269846 -0.0678241269846 -0.0678241269846 -0.0678241269846 -0.0678241269846 -0.0678241269846 -0.0678241269846 

0 1.32 0.04 -0.0662094347741 -0.0662094347741 -0.0662094347741 -0.0662094347741 -0.0662094347741 -0.0662094347741 -0.0662094347741 -0.0662094347741 -0.0662094347741 -0.0662094347741 
1 1.32 0.04 -0.0662219418015 -0.0662219418015 -0.0662219418015 -0.0662219418015 -0.0662219418015 -0.0662219418015 -0.0662219418015 -0.0662219418015 -0.0662219418015 -0.0662219418015 

0 1.36 0.04 -0.052317257526 -0.052317257526 -0.052317257526 -0.052317257526 -0.052317257526 -0.052317257526 -0.052317257526 -0.052317257526 -0.052317257526 -0.052317257526 
1 1.36 0.04 -0.0523330087228 -0.0523330087228 -0.0523330087228 -0.0523330087228 -0.0523330087228 -0.0523330087228 -0.0523330087228 -0.0523330087228 -0.0523330087228 -0.0523330087228 

0 1.4 0.04 -0.0353246570548 -0.0353246570548 -0.0353246570548 -0.0353246570548 -0.0353246570548 -0.0353246570548 -0.0353246570548 -0.0353246570548 -0.0353246570548 -0.0353246570548 
1 1.4 0.04 -0.0353423067733 -0.0353423067733 -0.0353423067733 -0.0353423067733 -0.0353423067733 -0.0353423067733 -0.0353423067733 -0.0353423067733 -0.0353423067733 -0.0353423067733 

0 1.44 0.04 -0.0249379224592 -0.0249379224592 -0.0249379224592 -0.0249379224592 -0.0249379224592 -0.0249379224592 -0.0249379224592 -0.0249379224592 -0.0249379224592 -0.0249379224592 
1 1.44 0.04 -0.0249639068191 -0.0249639068191 -0.0249639068191 -0.0249639068191 -0.0249639068191 -0.0249639068191 -0.0249639068191 -0.0249639068191 -0.0249639068191 -0.0249639068191 

0 1.48 0.04 -0.00284500162202 -0.00284500162202 -0.00284500162202 -0.00284500162202 -0.00284500162202 -0.00284500162202 -0.00284500162202 -0.00284500162202 -0.00284500162202 -0.00284500162202 
1 1.48 0.04 -0.00287192731789 -0.00287192731789 -0.00287192731789 -0.00287192731789 -0.00287192731789 -0.00287192731789 -0.00287192731789 -0.00287192731789 -0.00287192731789 -0.00287192731789 

0 1.52 0.04 0.0215192335946 0.0215192335946 0.0215192335946 0.0215192335946 0.0215192335946 0.0215192335946 0.0215192335946 0.0215192335946 0.0215192335946 0.0215192335946 
1 1.52 0.04 0.0214872824361 0.0214872824361 0.0214872824361 0.0214872824361 0.0214872824361 0.0214872824361 0.0214872824361 0.0214872824361 0.0214872824361 0.0214872824361 

0 1.56 0.04 0.0401455117311 0.0401455117311 0.0401455117311 0.0401455117311 0.0401455117311 0.0401455117311 0.0401455117311 0.0401455117311 0.0401455117311 0.0401455117311 
1 1.56 0.04 0.0401149500262 0.0401149500262 0.0401149500262 0.0401149500262 0.0401149500262 0.0401149500262 0.0401149500262 0.0401149500262 0.0401149500262 0.0401149500262 

0 1.6 0.04 0.0675576044685 0.0675576044685 0.0675576044685 0.0675576044685 0.0675576044685 0.0675576044685 0.0675576044685 0.0675576044685 0.0675576044685 0.0675576044685 
1 1.6 0.04 0.0675276430217 0.0675276430217 0.0675276430217 0.0675276430217 0.0675276430217 0.0675276430217 0.0675276430217 0.0675276430217 0.0675276430217 0.0675276430217 

0 1.64 0.04 0.0951433352409 0.0951433352409 0.0951433352409 0.0951433352409 0.0951433352409 0.0951433352409 0.0951433352409 0.0951433352409 0.0951433352409 0.0951433352409 
1 1.64 0.04 0.0951120847733 0.0951120847733 0.0951120847733 0.0951120847733 0.0951120847733 0.0951120847733 0.0951120847733 0.0951120847733 0.0951120847733 0.0951120847733 

0 1.68 0.04 0.117953653346 0.117953653346 0.117953653346 0.117953653346 0.117953653346 0.117953653346 0.117953653346 0.117953653346 0.117953653346 0.117953653346 
1 1.68 0.04 0.117922214501 0.117922214501 0.117922214501 0.117922214501 0.117922214501 0.117922214501 0.117922214501 0.117922214501 0.117922214501 0.117922214501 

0 1.72 0.04 0.14419694497 0.14419694497 0.14419694497 0.14419694497 0.14419694497 0.14419694497 0.14419694497 0.14419694497 0.14419694497 0.14419694497 
1 1.72 0.04 0.144165979989 0.144165979989 0.144165979989 0.144165979989 0.144165979989 0.144165979989 0.144165979989 0.144165979989 0.144165979989 0.144165979989 

0 1.76 0.04 0.166356134514 0.166356134514 0.166356134514 0.166356134514 0.166356134514 0.166356134514 0.166356134514 0.166356134514 0.166356134514 0.166356134514 
1 1.76 0.04 0.166330107022 0.166330107022 0.166330107022 0.166330107022 0.166330107022 0.166330107022 0.166330107022 0.166330107022 0.166330107022 0.166330107022 

0 1.8 0.04 0.186987524313 0.186987524313 0.186987524313 0.186987524313 0.186987524313 0.186987524313 0.186987524313 0.186987524313 0.186987524313 0.186987524313 
1 1.8 0.04 0.186964256917 0.186964256917 0.186964256917 0.186964256917 0.186964256917 0.186964256917 0.186964256917 0.186964256917 0.186964256917 0.186964256917 

0 1.84 0.04 0.205163974593 0.205163974593 0.205163974593 0.205163974593 0.205163974593 0.205163974593 0.205163974593 0.205163974593 0.205163974593 0.205163974593 
1 1.84 0.04 0.205147056157 0.205147056157 0.205147056157 0.205147056157 0.205147056157 0.205147056157 0.205147056157 0.205147056157 0.205147056157 0.205147056157 

0 1.88 0.04 0.216411119565 0.216411119565 0.216411119565 0.216411119565 0.216411119565 0.216411119565 0.216411119565 0.216411119565 0.216411119565 0.216411119565 
1 1.88 0.04 0.216393627601 0.216393627601 0.216393627601 0.216393627601 0.216393627601 0.216393627601 0.216393627601 0.216393627601 0.216393627601 0.216393627601 

0 1.92 0.04 0.224543188818 0.224543188818 0.224543188818 0.224543188818 0.224543188818 0.224543188818 0.224543188818 0.224543188818 0.224543188818 0.224543188818 
1 1.92 0.04 0.224522205718 0.224522205718 0.224522205718 0.224522205718 0.224522205718 0.224522205718 0.224522205718 0.224522205718 0.224522205718 0.224522205718 

0 1.96 0.04 0.225705346714 0.225705346714 0.225705346714 0.225705346714 0.225705346714 0.225705346714 0.225705346714 0.225705346714 0.225705346714 0.225705346714 
1 1.96 0.04 0.225674468665 0.225674468665 0.225674468665 0.225674468665 0.225674468665 0.225674468665 0.225674468665 0.225674468665 0.225674468665 0.225674468665 

0 2 0.04 0.221390674293 0.221390674293 0.221390674293 0.221390674293 0.221390674293 0.221390674293 0.221390674293 0.221390674293 0.221390674293 0.221390674293 
1 2 0.04 0.221357785122 0.221357785122 0.221357785122 0.221357785122 0.221357785122 0.221357785122 0.221357785122 0.221357785122 0.221357785122 0.221357785122 

0 2.04 0.04 0.209966442326 0.209966442326 0.209966442326 0.209966442326 0.209966442326 0.209966442326 0.209966442326 0.209966442326 0.209966442326 0.209966442326 
1 2.04 0.04 0.209941181424 0.209941181424 0.209941181424 0.209941181424 0.209941181424 0.209941181424 0.209941181424 0.209941181424 0.209941181424 0.209941181424 

0 2.08 0.04 0.192480808508 0.192480808508 0.192480808508 0.192480808508 0.192480808508 0.192480808508 0.192480808508 0.192480808508 0.192480808508 0.192480808508 
1 2.08 0.04 0.192454332698 0.192454332698 0.192454332698 0.192454332698 0.192454332698 0.192454332698 0.192454332698 0.192454332698 0.192454332698 0.192454332698 

0 2.12 0.04 0.168479234049 0.168479234049 0.168479234049 0.168479234049 0.168479234049 0.168479234049 0.168479234049 0.168479234049 0.168479234049 0.168479234049 
1 2.12 0.04 0.168448395187 0.168448395187 0.168448395187 0.168448395187 0.168448395187 0.168448395187 0.168448395187 0.168448395187 0.168448395187 0.168448395187 

0 2.16 0.04 0.139267215589 0.139267215589 0.139267215589 0.139267215589 0.139267215589 0.139267215589 0.139267215589 0.139267215589 0.139267215589 0.139267215589 
1 2.16 0.04 0.139236417463 0.139236417463 0.139236417463 0.139236417463 0.139236417463 0.139236417463 0.139236417463 0.139236417463 0.139236417463 0.139236417463 

0 2.2 0.04 0.104354134445 0.104354134445 0.104354134445 0.104354134445 0.104354134445 0.104354134445 0.104354134445 0.104354134445 0.104354134445 0.104354134445 
1 2.2 0.04 0.104326258143 0.104326258143 0.104326258143 0.104326258143 0.104326258143 0.104326258143 0.104326258143 0.104326258143 0.104326258143 0.104326258143 

0 2.24 0.04 0.0665817881134 0.0665817881134 0.0665817881134 0.0665817881134 0.0665817881134 0.0665817881134 0.0665817881134 0.0665817881134 0.0665817881134 0.0665817881134 
1 2.24 0.04 0.0665551338044 0.0665551338044 0.0665551338044 0.0665551338044 0.0665551338044 0.0665551338044 0.0665551338044 0.0665551338044 0.0665551338044 0.0665551338044 

0 2.28 0.04 0.0267278996246 0.0267278996246 0.0267278996246 0.0267278996246 0.0267278996246 0.0267278996246 0.0267278996246 0.0267278996246 0.0267278996246 0.0267278996246 
1 2.28 0.04 0.0267053158047 0.0267053158047 0.0267053158047 0.0267053158047 0.0267053158047 0.0267053158047 0.0267053158047 0.0267053158047 0.0267053158047 0.0267053158047 

0 2.32 0.04 -0.0155618383436 -0.0155618383436 -0.0155618383436 -0.0155618383436 -0.0155618383436 -0.0155618383436 -0.0155618383436 -0.0155618383436 -0.0155618383436 -0.0155618383436 
1 2.32 0.04 -0.0155840199611 -0.0155840199611 -0.0155840199611 -0.0155840199611 -0.0155840199611 -0.0155840199611 -0.0155840199611 -0.0155840199611 -0.0155840199611 -0.0155840199611 

0 2.36 0.04 -0.0527289730039 -0.0527289730039 -0.0527289730039 -0.0527289730039 -0.0527289730039 -0.0527289730039 -0.0527289730039 -0.0527289730039 -0.0527289730039 -0.0527289730039 
1 2.36 0.04 -0.0527559883619 -0.0527559883619 -0.0527559883619 -0.0527559883619 -0.0527559883619 -0.0527559883619 -0.0527559883619 -0.0527559883619 -0.0527559883619 -0.0527559883619 

0 2.4 0.04 -0.0918099151497 -0.0918099151497 -0.0918099151497 -0.0918099151497 -0.0918099151497 -0.0918099151497 -0.0918099151497 -0.0918099151497 -0.0918099151497 -0.0918099151497 
1 2.4 0.04 -0.0918367401644 -0.0918367401644 -0.0918367401644 -0.0918367401644 -0.0918367401644 -0.0918367401644 -0.0918367401644 -0.0918367401644 -0.0918367401644 -0.0918367401644 

0 2.44 0.04 -0.128361275437 -0.128361275437 -0.128361275437 -0.128361275437 -0.128361275437 -0.128361275437 -0.128361275437 -0.128361275437 -0.128361275437 -0.128361275437 
1 2.44 0.04 -0.128387570013 -0.128387570013 -0.128387570013 -0.128387570013 -0.128387570013 -0.128387570013 -0.128387570013 -0.128387570013 -0.128387570013 -0.128387570013 

0 2.48 0.04 -0.158581509526 -0.158581509526 -0.158581509526 -0.158581509526 -0.158581509526 -0.158581509526 -0.158581509526 -0.158581509526 -0.158581509526 -0.158581509526 
1 2.48 0.04 -0.158602331393 -0.158602331393 -0.158602331393 -0.158602331393 -0.158602331393 -0.158602331393 -0.158602331393 -0.158602331393 -0.158602331393 -0.158602331393 

0 2.52 0.04 -0.186162015674 -0.186162015674 -0.186162015674 -0.186162015674 -0.186162015674 -0.186162015674 -0.186162015674 -0.186162015674 -0.186162015674 -0.186162015674 
1 2.52 0.04 -0.18618442951 -0.18618442951 -0.18618442951 -0.18618442951 -0.18618442951 -0.18618442951 -0.18618442951 -0.18618442951 -0.18618442951 -0.18618442951 

0 2.56 0.04 -0.210673148135 -0.210673148135 -0.210673148135 -0.210673148135 -0.210673148135 -0.210673148135 -0.210673148135 -0.210673148135 -0.210673148135 -0.210673148135 
1 2.56 0.04 -0.210699970923 -0.210699970923 -0.210699970923 -0.210699970923 -0.210699970923 -0.210699970923 -0.210699970923 -0.210699970923 -0.210699970923 -0.210699970923 

0 2.6 0.04 -0.225736315918 -0.225736315918 -0.225736315918 -0.225736315918 -0.225736315918 -0.225736315918 -0.225736315918 -0.225736315918 -0.225736315918 -0.225736315918 
1 2.6 0.04 -0.225774572653 -0.225774572653 -0.225774572653 -0.225774572653 -0.225774572653 -0.225774572653 -0.225774572653 -0.225774572653 -0.225774572653 -0.225774572653 

0 2.64 0.04 -0.248302290569 -0.248302290569 -0.248302290569 -0.248302290569 -0.248302290569 -0.248302290569 -0.248302290569 -0.248302290569 -0.248302290569 -0.248302290569 
1 2.64 0.04 -0.248338628039 -0.248338628039 -0.248338628039 -0.248338628039 -0.248338628039 -0.248338628039 -0.248338628039 -0.248338628039 -0.248338628039 -0.248338628039 

0 2.68 0.04 -0.252578224426 -0.252578224426 -0.252578224426 -0.252578224426 -0.252578224426 -0.252578224426 -0.252578224426 -0.252578224426 -0.252578224426 -0.252578224426 
1 2.68 0.04 -0.252601715233 -0.252601715233 -0.252601715233 -0.252601715233 -0.252601715233 -0.252601715233 -0.252601715233 -0.252601715233 -0.252601715233 -0.252601715233 

0 2.72 0.04 -0.279735845521 -0.279735845521 -0.279735845521 -0.279735845521 -0.279735845521 -0.279735845521 -0.279735845521 -0.279735845521 -0.279735845521 -0.279735845521 
1 2.72 0.04 -0.279757053668 -0.279757053668 -0.279757053668 -0.279757053668 -0.279757053668 -0.279757053668 -0.279757053668 -0.279757053668 -0.279757053668 -0.279757053668 

0 2.76 0.04 -0.278049318944 -0.278049318944 -0.278049318944 -0.278049318944 -0.278049318944 -0.278049318944 -0.278049318944 -0.278049318944 -0.278049318944 -0.278049318944 
1 2.76 0.04 -0.278065759615 -0.278065759615 -0.278065759615 -0.278065759615 -0.278065759615 -0.278065759615 -0.278065759615 -0.278065759615 -0.278065759615 -0.278065759615 

0 2.8 0.04 -0.278849144806 -0.278849144806 -0.278849144806 -0.278849144806 -0.278849144806 -0.278849144806 -0.278849144806 -0.278849144806 -0.278849144806 -0.278849144806 
1 2.8 0.04 -0.278865960096 -0.278865960096 -0.278865960096 -0.278865960096 -0.278865960096 -0.278865960096 -0.278865960096 -0.278865960096 -0.278865960096 -0.278865960096 

0 2.84 0.04 -0.280959121056 -0.280959121056 -0.280959121056 -0.280959121056 -0.280959121056 -0.280959121056 -0.280959121056 -0.280959121056 -0.280959121056 -0.280959121056 
1 2.84 0.04 -0.280971300094 -0.280971300094 -0.280971300094 -0.280971300094 -0.280971300094 -0.280971300094 -0.280971300094 -0.280971300094 -0.280971300094 -0.280971300094 

0 2.88 0.04 -0.283477961414 -0.283477961414 -0.283477961414 -0.283477961414 -0.283477961414 -0.283477961414 -0.283477961414 -0.283477961414 -0.283477961414 -0.283477961414 
1 2.88 0.04 -0.283490877266 -0.283490877266 -0.283490877266 -0.283490877266 -0.283490877266 -0.283490877266 -0.283490877266 -0.283490877266 -0.283490877266 -0.283490877266 

0 2.92 0.04 -0.284592517403 -0.284592517403 -0.284592517403 -0.284592517403 -0.284592517403 -0.284592517403 -0.284592517403 -0.284592517403 -0.284592517403 -0.284592517403 
1 2.92 0.04 -0.28460433559 -0.28460433559 -0.28460433559 -0.28460433559 -0.28460433559 -0.28460433559 -0.28460433559 -0.28460433559 -0.28460433559 -0.28460433559 

0 2.96 0.04 -0.294279285192 -0.294279285192 -0.294279285192 -0.294279285192 -0.294279285192 -0.294279285192 -0.294279285192 -0.294279285192 -0.294279285192 -0.294279285192 
1 2.96 0.04 -0.2942921487 -0.2942921487 -0.2942921487 -0.2942921487 -0.2942921487 -0.2942921487 -0.2942921487 -0.2942921487 -0.2942921487 -0.2942921487 

0 3 0.04 -0.306602310225 -0.306602310225 -0.306602310225 -0.306602310225 -0.306602310225 -0.306602310225 -0.306602310225 -0.306602310225 -0.306602310225 -0.306602310225 
1 3 0.04 -0.306602638025 -0.306602638025 -0.306602638025 -0.306602638025 -0.306602638025 -0.306602638025 -0.306602638025 -0.306602638025 -0.306602638025 -0.306602638025 

0 3.04 0.04 -0.319080453802 -0.319080453802 -0.319080453802 -0.319080453802 -0.319080453802 -0.319080453802 -0.319080453802 -0.319080453802 -0.319080453802 -0.319080453802 
1 3.04 0.04 -0.319078780295 -0.319078780295 -0.319078780295 -0.319078780295 -0.319078780295 -0.319078780295 -0.319078780295 -0.319078780295 -0.319078780295 -0.319078780295 

0 3.08 0.04 -0.342790583437 -0.342790583437 -0.342790583437 -0.342790583437 -0.342790583437 -0.342790583437 -0.342790583437 -0.342790583437 -0.342790583437 -0.342790583437 
1 3.08 0.04 -0.342800589136 -0.342800589136 -0.342800589136 -0.342800589136 -0.342800589136 -0.342800589136 -0.342800589136 -0.342800589136 -0.342800589136 -0.342800589136 

0 3.12 0.04 -0.370273745813 -0.370273745813 -0.370273745813 -0.370273745813 -0.370273745813 -0.370273745813 -0.370273745813 -0.370273745813 -0.370273745813 -0.370273745813 
1 3.12 0.04 -0.370271873341 -0.370271873341 -0.370271873341 -0.370271873341 -0.370271873341 -0.370271873341 -0.370271873341 -0.370271873341 -0.370271873341 -0.370271873341 

0 3.16 0.04 -0.401783780424 -0.401783780424 -0.401783780424 -0.401783780424 -0.401783780424 -0.401783780424 -0.401783780424 -0.401783780424 -0.401783780424 -0.401783780424 
1 3.16 0.04 -0.401754868037 -0.401754868037 -0.401754868037 -0.401754868037 -0.401754868037 -0.401754868037 -0.401754868037 -0.401754868037 -0.401754868037 -0.401754868037 

0 3.2 0.04 -0.435723678369 -0.435723678369 -0.435723678369 -0.435723678369 -0.435723678369 -0.435723678369 -0.435723678369 -0.435723678369 -0.435723678369 -0.435723678369 
1 3.2 0.04 -0.435683792207 -0.435683792207 -0.435683792207 -0.435683792207 -0.435683792207 -0.435683792207 -0.435683792207 -0.435683792207 -0.435683792207 -0.435683792207 

0 3.24 0.04 -0.481135614556 -0.481135614556 -0.481135614556 -0.481135614556 -0.481135614556 -0.481135614556 -0.481135614556 -0.481135614556 -0.481135614556 -0.481135614556 
1 3.24 0.04 -0.481115531179 -0.481115531179 -0.481115531179 -0.481115531179 -0.481115531179 -0.481115531179 -0.481115531179 -0.481115531179 -0.481115531179 -0.481115531179 

0 3.28 0.04 -0.532229385668 -0.532229385668 -0.532229385668 -0.532229385668 -0.532229385668 -0.532229385668 -0.532229385668 -0.532229385668 -0.532229385668 -0.532229385668 
1 3.28 0.04 -0.532208104593 -0.532208104593 -0.532208104593 -0.532208104593 -0.532208104593 -0.532208104593 -0.532208104593 -0.532208104593 -0.532208104593 -0.532208104593 

0 3.32 0.04 -0.588666216581 -0.588666216581 -0.588666216581 -0.588666216581 -0.588666216581 -0.588666216581 -0.588666216581 -0.588666216581 -0.588666216581 -0.588666216581 
1 3.32 0.04 -0.588638422188 -0.588638422188 -0.588638422188 -0.588638422188 -0.588638422188 -0.588638422188 -0.588638422188 -0.588638422188 -0.588638422188 -0.588638422188 

0 3.36 0.04 -0.650952242385 -0.650952242385 -0.650952242385 -0.650952242385 -0.650952242385 -0.650952242385 -0.650952242385 -0.650952242385 -0.650952242385 -0.650952242385 
1 3.36 0.04 -0.650918785978 -0.650918785978 -0.650918785978 -0.650918785978 -0.650918785978 -0.650918785978 -0.650918785978 -0.650918785978 -0.650918785978 -0.650918785978 

0 3.4 0.04 -0.718617599275 -0.718617599275 -0.718617599275 -0.718617599275 -0.718617599275 -0.718617599275 -0.718617599275 -0.718617599275 -0.718617599275 -0.718617599275 
1 3.4 0.04 -0.718588500004 -0.718588500004 -0.718588500004 -0.718588500004 -0.718588500004 -0.718588500004 -0.718588500004 -0.718588500004 -0.718588500004 -0.718588500004 

0 3.44 0.04 -0.799040647184 -0.799040647184 -0.799040647184 -0.799040647184 -0.799040647184 -0.799040647184 -0.799040647184 -0.799040647184 -0.799040647184 -0.799040647184 
1 3.44 0.04 -0.799017707574 -0.799017707574 -0.799017707574 -0.799017707574 -0.799017707574 -0.799017707574 -0.799017707574 -0.799017707574 -0.799017707574 -0.799017707574 

0 3.48 0.04 -0.880553063626 -0.880553063626 -0.880553063626 -0.880553063626 -0.880553063626 -0.880553063626 -0.880553063626 -0.880553063626 -0.880553063626 -0.880553063626 
1 3.48 0.04 -0.880534619586 -0.880534619586 -0.880534619586 -0.880534619586 -0.880534619586 -0.880534619586 -0.880534619586 -0.880534619586 -0.880534619586 -0.880534619586 

0 3.52 0.04 -0.965578141638 -0.965578141638 -0.965578141638 -0.965578141638 -0.965578141638 -0.965578141638 -0.965578141638 -0.965578141638 -0.965578141638 -0.965578141638 
1 3.52 0.04 -0.965567202913 -0.965567202913 -0.965567202913 -0.965567202913 -0.965567202913 -0.965567202913 -0.965567202913 -0.965567202913 -0.965567202913 -0.965567202913 

0 3.56 0.04 -1.04917886705 -1.04917886705 -1.04917886705 -1.04917886705 -1.04917886705 -1.04917886705 -1.04917886705 -1.04917886705 -1.04917886705 -1.04917886705 
1 3.56 0.04 -1.04917866271 -1.04917866271 -1.04917866271 -1.04917866271 -1.04917866271 -1.04917866271 -1.04917866271 -1.04917866271 -1.04917866271 -1.04917866271 

0 3.6 0.04 -1.12414262367 -1.12414262367 -1.12414262367 -1.12414262367 -1.12414262367 -1.12414262367 -1.12414262367 -1.12414262367 -1.12414262367 -1.12414262367 
1 3.6 0.04 -1.12415608123 -1.12415608123 -1.12415608123 -1.12415608123 -1.12415608123 -1.12415608123 -1.12415608123 -1.12415608123 -1.12415608123 -1.12415608123 

0 3.64 0.04 -1.18836218882 -1.18836218882 -1.18836218882 -1.18836218882 -1.18836218882 -1.18836218882 -1.18836218882 -1.18836218882 -1.18836218882 -1.18836218882 
1 3.64 0.04 -1.18839373844 -1.18839373844 -1.18839373844 -1.18839373844 -1.18839373844 -1.18839373844 -1.18839373844 -1.18839373844 -1.18839373844 -1.18839373844 

0 3.68 0.04 -1.22870379092 -1.22870379092 -1.22870379092 -1.22870379092 -1.22870379092 -1.22870379092 -1.22870379092 -1.22870379092 -1.22870379092 -1.22870379092 
1 3.68 0.04 -1.22874691557 -1.22874691557 -1.22874691557 -1.22874691557 -1.22874691557 -1.22874691557 -1.22874691557 -1.22874691557 -1.22874691557 -1.22874691557 

0 3.72 0.04 -1.24174566684 -1.24174566684 -1.24174566684 -1.24174566684 -1.24174566684 -1.24174566684 -1.24174566684 -1.24174566684 -1.24174566684 -1.24174566684 
1 3.72 0.04 -1.24183509391 -1.24183509391 -1.24183509391 -1.24183509391 -1.24183509391 -1.24183509391 -1.24183509391 -1.24183509391 -1.24183509391 -1.24183509391 

0 3.76 0.04 -1.23190323476 -1.23190323476 -1.23190323476 -1.23190323476 -1.23190323476 -1.23190323476 -1.23190323476 -1.23190323476 -1.23190323476 -1.23190323476 
1 3.76 0.04 -1.23199365518 -1.23199365518 -1.23199365518 -1.23199365518 -1.23199365518 -1.23199365518 -1.23199365518 -1.23199365518 -1.23199365518 -1.23199365518 

0 3.8 0.04 -1.19282485361 -1.19282485361 -1.19282485361 -1.19282485361 -1.19282485361 -1.19282485361 -1.19282485361 -1.19282485361 -1.19282485361 -1.19282485361 
1 3.8 0.04 -1.19290205227 -1.19290205227 -1.19290205227 -1.19290205227 -1.19290205227 -1.19290205227 -1.19290205227 -1.19290205227 -1.19290205227 -1.19290205227 

0 3.84 0.04 -1.13978167291 -1.13978167291 -1.13978167291 -1.13978167291 -1.13978167291 -1.13978167291 -1.13978167291 -1.13978167291 -1.13978167291 -1.13978167291 
1 3.84 0.04 -1.13984096912 -1.13984096912 -1.13984096912 -1.13984096912 -1.13984096912 -1.13984096912 -1.13984096912 -1.13984096912 -1.13984096912 -1.13984096912 

0 3.88 0.04 -1.08356880724 -1.08356880724 -1.08356880724 -1.08356880724 -1.08356880724 -1.08356880724 -1.08356880724 -1.08356880724 -1.08356880724 -1.08356880724 
1 3.88 0.04 -1.08366866071 -1.08366866071 -1.08366866071 -1.08366866071 -1.08366866071 -1.08366866071 -1.08366866071 -1.08366866071 -1.08366866071 -1.08366866071 

0 3.92 0.04 -1.03208588193 -1.03208588193 -1.03208588193 -1.03208588193 -1.03208588193 -1.03208588193 -1.03208588193 -1.03208588193 -1.03208588193 -1.03208588193 
1 3.92 0.04 -1.03216580776 -1.03216580776 -1.03216580776 -1.03216580776 -1.03216580776 -1.03216580776 -1.03216580776 -1.03216580776 -1.03216580776 -1.03216580776 

0 3.96 0.04 -0.985196587024 -0.985196587024 -0.985196587024 -0.985196587024 -0.985196587024 -0.985196587024 -0.985196587024 -0.985196587024 -0.985196587024 -0.985196587024 
1 3.96 0.04 -0.985250445997 -0.985250445997 -0.985250445997 -0.985250445997 -0.985250445997 -0.985250445997 -0.985250445997 -0.985250445997 -0.985250445997 -0.985250445997 

0 4 0.04 -0.94396482171 -0.94396482171 -0.94396482171 -0.94396482171 -0.94396482171 -0.94396482171 -0.94396482171 -0.94396482171 -0.94396482171 -0.94396482171 
1 4 0.04 -0.94400405262 -0.94400405262 -0.94400405262 -0.94400405262 -0.94400405262 -0.94400405262 -0.94400405262 -0.94400405262 -0.94400405262 -0.94400405262 

0 4.04 0.04 -0.90762116432 -0.90762116432 -0.90762116432 -0.90762116432 -0.90762116432 -0.90762116432 -0.90762116432 -0.90762116432 -0.90762116432 -0.90762116432 
1 4.04 0.04 -0.907659230147 -0.907659230147 -0.907659230147 -0.907659230147 -0.907659230147 -0.907659230147 -0.907659230147 -0.907659230147 -0.907659230147 -0.907659230147 

0 4.08 0.04 -0.875514216826 -0.875514216826 -0.875514216826 -0.875514216826 -0.875514216826 -0.875514216826 -0.875514216826 -0.875514216826 -0.875514216826 -0.875514216826 
1 4.08 0.04 -0.875537547473 -0.875537547473 -0.875537547473 -0.875537547473 -0.875537547473 -0.875537547473 -0.875537547473 -0.875537547473 -0.875537547473 -0.875537547473 

0 4.12 0.04 -0.849016730281 -0.849016730281 -0.849016730281 -0.849016730281 -0.849016730281 -0.849016730281 -0.849016730281 -0.849016730281 -0.849016730281 -0.849016730281 
1 4.12 0.04 -0.849025927505 -0.849025927505 -0.849025927505 -0.849025927505 -0.849025927505 -0.849025927505 -0.849025927505 -0.849025927505 -0.849025927505 -0.849025927505 

0 4.16 0.04 -0.830184486938 -0.830184486938 -0.830184486938 -0.830184486938 -0.830184486938 -0.830184486938 -0.830184486938 -0.830184486938 -0.830184486938 -0.830184486938 
1 4.16 0.04 -0.830191353324 -0.830191353324 -0.830191353324 -0.830191353324 -0.830191353324 -0.830191353324 -0.830191353324 -0.830191353324 -0.830191353324 -0.830191353324 

0 4.2 0.04 -0.820177988272 -0.820177988272 -0.820177988272 -0.820177988272 -0.820177988272 -0.820177988272 -0.820177988272 -0.820177988272 -0.820177988272 -0.820177988272 
1 4.2 0.04 -0.820185128239 -0.820185128239 -0.820185128239 -0.820185128239 -0.820185128239 -0.820185128239 -0.820185128239 -0.820185128239 -0.820185128239 -0.820185128239 

0 4.24 0.04 -0.821288404573 -0.821288404573 -0.821288404573 -0.821288404573 -0.821288404573 -0.821288404573 -0.821288404573 -0.821288404573 -0.821288404573 -0.821288404573 
1 4.24 0.04 -0.821290651956 -0.821290651956 -0.821290651956 -0.821290651956 -0.821290651956 -0.821290651956 -0.821290651956 -0.821290651956 -0.821290651956 -0.821290651956 

0 4.28 0.04 -0.834398312484 -0.834398312484 -0.834398312484 -0.834398312484 -0.834398312484 -0.834398312484 -0.834398312484 -0.834398312484 -0.834398312484 -0.834398312484 
1 4.28 0.04 -0.834402154948 -0.834402154948 -0.834402154948 -0.834402154948 -0.834402154948 -0.834402154948 -0.834402154948 -0.834402154948 -0.834402154948 -0.834402154948 

0 4.32 0.04 -0.866077456725 -0.866077456725 -0.866077456725 -0.866077456725 -0.866077456725 -0.866077456725 -0.866077456725 -0.866077456725 -0.866077456725 -0.866077456725 
1 4.32 0.04 -0.866083870595 -0.866083870595 -0.866083870595 -0.866083870595 -0.866083870595 -0.866083870595 -0.866083870595 -0.866083870595 -0.866083870595 -0.866083870595 

0 4.36 0.04 -0.921120250744 -0.921120250744 -0.921120250744 -0.921120250744 -0.921120250744 -0.921120250744 -0.921120250744 -0.921120250744 -0.921120250744 -0.921120250744 
1 4.36 0.04 -0.921117641561 -0.921117641561 -0.921117641561 -0.921117641561 -0.921117641561 -0.921117641561 -0.921117641561 -0.921117641561 -0.921117641561 -0.921117641561 

0 4.4 0.04 -1.005330619 -1.005330619 -1.005330619 -1.005330619 -1.005330619 -1.005330619 -1.005330619 -1.005330619 -1.005330619 -1.005330619 
1 4.4 0.04 -1.00533856543 -1.00533856543 -1.00533856543 -1.00533856543 -1.00533856543 -1.00533856543 -1.00533856543 -1.00533856543 -1.00533856543 -1.00533856543 

0 4.44 0.04 -1.00454674742 -1.00454674742 -1.00454674742 -1.00454674742 -1.00454674742 -1.00454674742 -1.00454674742 -1.00454674742 -1.00454674742 -1.00454674742 
1 4.44 0.04 -1.00454155348 -1.00454155348 -1.00454155348 -1.00454155348 -1.00454155348 -1.00454155348 -1.00454155348 -1.00454155348 -1.00454155348 -1.00454155348 

0 4.48 0.04 -0.940356786286 -0.940356786286 -0.940356786286 -0.940356786286 -0.940356786286 -0.940356786286 -0.940356786286 -0.940356786286 -0.940356786286 -0.940356786286 
1 4.48 0.04 -0.940342912361 -0.940342912361 -0.940342912361 -0.940342912361 -0.940342912361 -0.940342912361 -0.940342912361 -0.940342912361 -0.940342912361 -0.940342912361 

0 4.52 0.04 -0.977699147844 -0.977699147844 -0.977699147844 -0.977699147844 -0.977699147844 -0.977699147844 -0.977699147844 -0.977699147844 -0.977699147844 -0.977699147844 
1 4.52 0.04 -0.977684210574 -0.977684210574 -0.977684210574 -0.977684210574 -0.977684210574 -0.977684210574 -0.977684210574 -0.977684210574 -0.977684210574 -0.977684210574 

0 4.56 0.04 -1.26569754336 -1.26569754336 -1.26569754336 -1.26569754336 -1.26569754336 -1.26569754336 -1.26569754336 -1.26569754336 -1.26569754336 -1.26569754336 
1 4.56 0.04 -1.26567810032 -1.26567810032 -1.26567810032 -1.26567810032 -1.26567810032 -1.26567810032 -1.26567810032 -1.26567810032 -1.26567810032 -1.26567810032 

0 4.6 0.04 -1.29971573601 -1.29971573601 -1.29971573601 -1.29971573601 -1.29971573601 -1.29971573601 -1.29971573601 -1.29971573601 -1.29971573601 -1.29971573601 
1 4.6 0.04 -1.29969354302 -1.29969354302 -1.29969354302 -1.29969354302 -1.29969354302 -1.29969354302 -1.29969354302 -1.29969354302 -1.29969354302 -1.29969354302 

0 4.64 0.04 -1.29995418337 -1.29995418337 -1.29995418337 -1.29995418337 -1.29995418337 -1.29995418337 -1.29995418337 -1.29995418337 -1.29995418337 -1.29995418337 
1 4.64 0.04 -1.2999287839 -1.2999287839 -1.2999287839 -1.2999287839 -1.2999287839 -1.2999287839 -1.2999287839 -1.2999287839 -1.2999287839 -1.2999287839 

0 4.68 0.04 -1.33854105991 -1.33854105991 -1.33854105991 -1.33854105991 -1.33854105991 -1.33854105991 -1.33854105991 -1.33854105991 -1.33854105991 -1.33854105991 
1 4.68 0.04 -1.33849973163 -1.33849973163 -1.33849973163 -1.33849973163 -1.33849973163 -1.33849973163 -1.33849973163 -1.33849973163 -1.33849973163 -1.33849973163 

0 4.72 0.04 -1.3731014076 -1.3731014076 -1.3731014076 -1.3731014076 -1.3731014076 -1.3731014076 -1.3731014076 -1.3731014076 -1.3731014076 -1.3731014076 
1 4.72 0.04 -1.37304793443 -1.37304793443 -1.37304793443 -1.37304793443 -1.37304793443 -1.37304793443 -1.37304793443 -1.37304793443 -1.37304793443 -1.37304793443 

0 4.76 0.04 -1.36741561415 -1.36741561415 -1.36741561415 -1.36741561415 -1.36741561415 -1.36741561415 -1.36741561415 -1.36741561415 -1.36741561415 -1.36741561415 
1 4.76 0.04 -1.3673502118 -1.3673502118 -1.3673502118 -1.3673502118 -1.3673502118 -1.3673502118 -1.3673502118 -1.3673502118 -1.3673502118 -1.3673502118 

0 4.8 0.04 -1.40701818579 -1.40701818579 -1.40701818579 -1.40701818579 -1.40701818579 -1.40701818579 -1.40701818579 -1.40701818579 -1.40701818579 -1.40701818579 
1 4.8 0.04 -1.4069410169 -1.4069410169 -1.4069410169 -1.4069410169 -1.4069410169 -1.4069410169 -1.4069410169 -1.4069410169 -1.4069410169 -1.4069410169 

0 4.84 0.04 -1.42951772755 -1.42951772755 -1.42951772755 -1.42951772755 -1.42951772755 -1.42951772755 -1.42951772755 -1.42951772755 -1.42951772755 -1.42951772755 
1 4.84 0.04 -1.42943278198 -1.42943278198 -1.42943278198 -1.42943278198 -1.42943278198 -1.42943278198 -1.42943278198 -1.42943278198 -1.42943278198 -1.42943278198 

0 4.88 0.04 -1.47745012929 -1.47745012929 -1.47745012929 -1.47745012929 -1.47745012929 -1.47745012929 -1.47745012929 -1.47745012929 -1.47745012929 -1.47745012929 
1 4.88 0.04 -1.47736117687 -1.47736117687 -1.47736117687 -1.47736117687 -1.47736117687 -1.47736117687 -1.47736117687 -1.47736117687 -1.47736117687 -1.47736117687 

0 4.92 0.04 -1.51288991522 -1.51288991522 -1.51288991522 -1.51288991522 -1.51288991522 -1.51288991522 -1.51288991522 -1.51288991522 -1.51288991522 -1.51288991522 
1 4.92 0.04 -1.51279370511 -1.51279370511 -1.51279370511 -1.51279370511 -1.51279370511 -1.51279370511 -1.51279370511 -1.51279370511 -1.51279370511 -1.51279370511 

0 4.96 0.04 -1.50174381379 -1.50174381379 -1.50174381379 -1.50174381379 -1.50174381379 -1.50174381379 -1.50174381379 -1.50174381379 -1.50174381379 -1.50174381379 
1 4.96 0.04 -1.50162236556 -1.50162236556 -1.50162236556 -1.50162236556 -1.50162236556 -1.50162236556 -1.50162236556 -1.50162236556 -1.50162236556 -1.50162236556 

0 5 0.04 -1.45108496568 -1.45108496568 -1.45108496568 -1.45108496568 -1.45108496568 -1.45108496568 -1.45108496568 -1.45108496568 -1.45108496568 -1.45108496568 
1 5 0.04 -1.45097810658 -1.45097810658 -1.45097810658 -1.45097810658 -1.45097810658 -1.45097810658 -1.45097810658 -1.45097810658 -1.45097810658 -1.45097810658 

0 5.04 0.04 -1.43428782615 -1.43428782615 -1.43428782615 -1.43428782615 -1.43428782615 -1.43428782615 -1.43428782615 -1.43428782615 -1.43428782615 -1.43428782615 
1 5.04 0.04 -1.43418375564 -1.43418375564 -1.43418375564 -1.43418375564 -1.43418375564 -1.43418375564 -1.43418375564 -1.43418375564 -1.43418375564 -1.43418375564 

0 5.08 0.04 -1.37879266885 -1.37879266885 -1.37879266885 -1.37879266885 -1.37879266885 -1.37879266885 -1.37879266885 -1.37879266885 -1.37879266885 -1.37879266885 
1 5.08 0.04 -1.37868070428 -1.37868070428 -1.37868070428 -1.37868070428 -1.37868070428 -1.37868070428 -1.37868070428 -1.37868070428 -1.37868070428 -1.37868070428 

0 5.12 0.04 -1.32315460668 -1.32315460668 -1.32315460668 -1.32315460668 -1.32315460668 -1.32315460668 -1.32315460668 -1.32315460668 -1.32315460668 -1.32315460668 
1 5.12 0.04 -1.32304615926 -1.32304615926 -1.32304615926 -1.32304615926 -1.32304615926 -1.32304615926 -1.32304615926 -1.32304615926 -1.32304615926 -1.32304615926 

0 5.16 0.04 -1.24258637127 -1.24258637127 -1.24258637127 -1.24258637127 -1.24258637127 -1.24258637127 -1.24258637127 -1.24258637127 -1.24258637127 -1.24258637127 
1 5.16 0.04 -1.24248704838 -1.24248704838 -1.24248704838 -1.24248704838 -1.24248704838 -1.24248704838 -1.24248704838 -1.24248704838 -1.24248704838 -1.24248704838 

0 5.2 0.04 -0.91415119892 -0.91415119892 -0.91415119892 -0.91415119892 -0.91415119892 -0.91415119892 -0.91415119892 -0.91415119892 -0.91415119892 -0.91415119892 
1 5.2 0.04 -0.914071922619 -0.914071922619 -0.914071922619 -0.914071922619 -0.914071922619 -0.914071922619 -0.914071922619 -0.914071922619 -0.914071922619 -0.914071922619 

0 5.24 0.04 -0.813851537058 -0.813851537058 -0.813851537058 -0.813851537058 -0.813851537058 -0.813851537058 -0.813851537058 -0.813851537058 -0.813851537058 -0.813851537058 
1 5.24 0.04 -0.813771363472 -0.813771363472 -0.813771363472 -0.813771363472 -0.813771363472 -0.813771363472 -0.813771363472 -0.813771363472 -0.813771363472 -0.813771363472 

0 5.28 0.04 -0.868852578663 -0.868852578663 -0.868852578663 -0.868852578663 -0.868852578663 -0.868852578663 -0.868852578663 -0.868852578663 -0.868852578663 -0.868852578663 
1 5.28 0.04 -0.868776117923 -0.868776117923 -0.868776117923 -0.868776117923 -0.868776117923 -0.868776117923 -0.868776117923 -0.868776117923 -0.868776117923 -0.868776117923 

0 5.32 0.04 -0.932945671529 -0.932945671529 -0.932945671529 -0.932945671529 -0.932945671529 -0.932945671529 -0.932945671529 -0.932945671529 -0.932945671529 -0.932945671529 
1 5.32 0.04 -0.932873384977 -0.932873384977 -0.932873384977 -0.932873384977 -0.932873384977 -0.932873384977 -0.932873384977 -0.932873384977 -0.932873384977 -0.932873384977 

0 5.36 0.04 -1.01236887236 -1.01236887236 -1.01236887236 -1.01236887236 -1.01236887236 -1.01236887236 -1.01236887236 -1.01236887236 -1.01236887236 -1.01236887236 
1 5.36 0.04 -1.01230106411 -1.01230106411 -1.01230106411 -1.01230106411 -1.01230106411 -1.01230106411 -1.01230106411 -1.01230106411 -1.01230106411 -1.01230106411 

0 5.4 0.04 -0.853508748137 -0.853508748137 -0.853508748137 -0.853508748137 -0.853508748137 -0.853508748137 -0.853508748137 -0.853508748137 -0.853508748137 -0.853508748137 
1 5.4 0.04 -0.853444597688 -0.853444597688 -0.853444597688 -0.853444597688 -0.853444597688 -0.853444597688 -0.853444597688 -0.853444597688 -0.853444597688 -0.853444597688 

0 5.44 0.04 -0.930683545834 -0.930683545834 -0.930683545834 -0.930683545834 -0.930683545834 -0.930683545834 -0.930683545834 -0.930683545834 -0.930683545834 -0.930683545834 
1 5.44 0.04 -0.93062401198 -0.93062401198 -0.93062401198 -0.93062401198 -0.93062401198 -0.93062401198 -0.93062401198 -0.93062401198 -0.93062401198 -0.93062401198 

0 5.48 0.04 -1.02494575163 -1.02494575163 -1.02494575163 -1.02494575163 -1.02494575163 -1.02494575163 -1.02494575163 -1.02494575163 -1.02494575163 -1.02494575163 
1 5.48 0.04 -1.02489209872 -1.02489209872 -1.02489209872 -1.02489209872 -1.02489209872 -1.02489209872 -1.02489209872 -1.02489209872 -1.02489209872 -1.02489209872 

0 5.52 0.04 -0.919401495199 -0.919401495199 -0.919401495199 -0.919401495199 -0.919401495199 -0.919401495199 -0.919401495199 -0.919401495199 -0.919401495199 -0.919401495199 
1 5.52 0.04 -0.919351753303 -0.919351753303 -0.919351753303 -0.919351753303 -0.919351753303 -0.919351753303 -0.919351753303 -0.919351753303 -0.919351753303 -0.919351753303 

0 5.56 0.04 -1.0090104212 -1.0090104212 -1.0090104212 -1.0090104212 -1.0090104212 -1.0090104212 -1.0090104212 -1.0090104212 -1.0090104212 -1.0090104212 
1 5.56 0.04 -1.00896426106 -1.00896426106 -1.00896426106 -1.00896426106 -1.00896426106 -1.00896426106 -1.00896426106 -1.00896426106 -1.00896426106 -1.00896426106 

0 5.6 0.04 -0.920733004136 -0.920733004136 -0.920733004136 -0.920733004136 -0.920733004136 -0.920733004136 -0.920733004136 -0.920733004136 -0.920733004136 -0.920733004136 
1 5.6 0.04 -0.920689472439 -0.920689472439 -0.920689472439 -0.920689472439 -0.920689472439 -0.920689472439 -0.920689472439 -0.920689472439 -0.920689472439 -0.920689472439 

0 5.64 0.04 -0.998285497849 -0.998285497849 -0.998285497849 -0.998285497849 -0.998285497849 -0.998285497849 -0.998285497849 -0.998285497849 -0.998285497849 -0.998285497849 
1 5.64 0.04 -0.998244231771 -0.998244231771 -0.998244231771 -0.998244231771 -0.998244231771 -0.998244231771 -0.998244231771 -0.998244231771 -0.998244231771 -0.998244231771 

0 5.68 0.04 -1.08827436107 -1.08827436107 -1.08827436107 -1.08827436107 -1.08827436107 -1.08827436107 -1.08827436107 -1.08827436107 -1.08827436107 -1.08827436107 
1 5.68 0.04 -1.08823541046 -1.08823541046 -1.08823541046 -1.08823541046 -1.08823541046 -1.08823541046 -1.08823541046 -1.08823541046 -1.08823541046 -1.08823541046 

0 5.72 0.04 -1.00266122009 -1.00266122009 -1.00266122009 -1.00266122009 -1.00266122009 -1.00266122009 -1.00266122009 -1.00266122009 -1.00266122009 -1.00266122009 
1 5.72 0.04 -1.00262261576 -1.00262261576 -1.00262261576 -1.00262261576 -1.00262261576 -1.00262261576 -1.00262261576 -1.00262261576 -1.00262261576 -1.00262261576 

0 5.76 0.04 -1.08626127119 -1.08626127119 -1.08626127119 -1.08626127119 -1.08626127119 -1.08626127119 -1.08626127119 -1.08626127119 -1.08626127119 -1.08626127119 
1 5.76 0.04 -1.08622389996 -1.08622389996 -1.08622389996 -1.08622389996 -1.08622389996 -1.08622389996 -1.08622389996 -1.08622389996 -1.08622389996 -1.08622389996 

0 5.8 0.04 -1.18033589593 -1.18033589593 -1.18033589593 -1.18033589593 -1.18033589593 -1.18033589593 -1.18033589593 -1.18033589593 -1.18033589593 -1.18033589593 
1 5.8 0.04 -1.18030114694 -1.18030114694 -1.18030114694 -1.18030114694 -1.18030114694 -1.18030114694 -1.18030114694 -1.18030114694 -1.18030114694 -1.18030114694 

0 5.84 0.04 -1.11601288946 -1.11601288946 -1.11601288946 -1.11601288946 -1.11601288946 -1.11601288946 -1.11601288946 -1.11601288946 -1.11601288946 -1.11601288946 
1 5.84 0.04 -1.11598111942 -1.11598111942 -1.11598111942 -1.11598111942 -1.11598111942 -1.11598111942 -1.11598111942 -1.11598111942 -1.11598111942 -1.11598111942 

0 5.88 0.04 -1.21409401856 -1.21409401856 -1.21409401856 -1.21409401856 -1.21409401856 -1.21409401856 -1.21409401856 -1.21409401856 -1.21409401856 -1.21409401856 
1 5.88 0.04 -1.2140653054 -1.2140653054 -1.2140653054 -1.2140653054 -1.2140653054 -1.2140653054 -1.2140653054 -1.2140653054 -1.2140653054 -1.2140653054 

0 5.92 0.04 -1.31428835607 -1.31428835607 -1.31428835607 -1.31428835607 -1.31428835607 -1.31428835607 -1.31428835607 -1.31428835607 -1.31428835607 -1.31428835607 
1 5.92 0.04 -1.31426160526 -1.31426160526 -1.31426160526 -1.31426160526 -1.31426160526 -1.31426160526 -1.31426160526 -1.31426160526 -1.31426160526 -1.31426160526 

0 5.96 0.04 -1.27006741341 -1.27006741341 -1.27006741341 -1.27006741341 -1.27006741341 -1.27006741341 -1.27006741341 -1.27006741341 -1.27006741341 -1.27006741341 
1 5.96 0.04 -1.27004167857 -1.27004167857 -1.27004167857 -1.27004167857 -1.27004167857 -1.27004167857 -1.27004167857 -1.27004167857 -1.27004167857 -1.27004167857 

0 6 0.04 -1.36998830641 -1.36998830641 -1.36998830641 -1.36998830641 -1.36998830641 -1.36998830641 -1.36998830641 -1.36998830641 -1.36998830641 -1.36998830641 
1 6 0.04 -1.36996419594 -1.36996419594 -1.36996419594 -1.36996419594 -1.36996419594 -1.36996419594 -1.36996419594 -1.36996419594 -1.36996419594 -1.36996419594 

0 6.04 0.04 -1.47271088836 -1.47271088836 -1.47271088836 -1.47271088836 -1.47271088836 -1.47271088836 -1.47271088836 -1.47271088836 -1.47271088836 -1.47271088836 
1 6.04 0.04 -1.47268938008 -1.47268938008 -1.47268938008 -1.47268938008 -1.47268938008 -1.47268938008 -1.47268938008 -1.47268938008 -1.47268938008 -1.47268938008 

0 6.08 0.04 -1.45811708979 -1.45811708979 -1.45811708979 -1.45811708979 -1.45811708979 -1.45811708979 -1.45811708979 -1.45811708979 -1.45811708979 -1.45811708979 
1 6.08 0.04 -1.45809734683 -1.45809734683 -1.45809734683 -1.45809734683 -1.45809734683 -1.45809734683 -1.45809734683 -1.45809734683 -1.45809734683 -1.45809734683 

0 6.12 0.04 -1.5498533053 -1.5498533053 -1.5498533053 -1.5498533053 -1.5498533053 -1.5498533053 -1.5498533053 -1.5498533053 -1.5498533053 -1.5498533053 
1 6.12 0.04 -1.5498347971 -1.5498347971 -1.5498347971 -1.5498347971 -1.5498347971 -1.5498347971 -1.5498347971 -1.5498347971 -1.5498347971 -1.5498347971 

0 6.16 0.04 -1.54888272981 -1.54888272981 -1.54888272981 -1.54888272981 -1.54888272981 -1.54888272981 -1.54888272981 -1.54888272981 -1.54888272981 -1.54888272981 
1 6.16 0.04 -1.54886791489 -1.54886791489 -1.54886791489 -1.54886791489 -1.54886791489 -1.54886791489 -1.54886791489 -1.54886791489 -1.54886791489 -1.54886791489 

0 6.2 0.04 -1.62862226412 -1.62862226412 -1.62862226412 -1.62862226412 -1.62862226412 -1.62862226412 -1.62862226412 -1.62862226412 -1.62862226412 -1.62862226412 
1 6.2 0.04 -1.62860794745 -1.62860794745 -1.62860794745 -1.62860794745 -1.62860794745 -1.62860794745 -1.62860794745 -1.62860794745 -1.62860794745 -1.62860794745 

0 6.24 0.04 -1.69688321013 -1.69688321013 -1.69688321013 -1.69688321013 -1.69688321013 -1.69688321013 -1.69688321013 -1.69688321013 -1.69688321013 -1.69688321013 
1 6.24 0.04 -1.69687020857 -1.69687020857 -1.69687020857 -1.69687020857 -1.69687020857 -1.69687020857 -1.69687020857 -1.69687020857 -1.69687020857 -1.69687020857 

0 6.28 0.04 -1.69407591745 -1.69407591745 -1.69407591745 -1.69407591745 -1.69407591745 -1.69407591745 -1.69407591745 -1.69407591745 -1.69407591745 -1.69407591745 
1 6.28 0.04 -1.6940671048 -1.6940671048 -1.6940671048 -1.6940671048 -1.6940671048 -1.6940671048 -1.6940671048 -1.6940671048 -1.6940671048 -1.6940671048 

0 6.32 0.04 -1.73211266698 -1.73211266698 -1.73211266698 -1.73211266698 -1.73211266698 -1.73211266698 -1.73211266698 -1.73211266698 -1.73211266698 -1.73211266698 
1 6.32 0.04 -1.73210814889 -1.73210814889 -1.73210814889 -1.73210814889 -1.73210814889 -1.73210814889 -1.73210814889 -1.73210814889 -1.73210814889 -1.73210814889 

0 6.36 0.04 -1.7014862643 -1.7014862643 -1.7014862643 -1.7014862643 -1.7014862643 -1.7014862643 -1.7014862643 -1.7014862643 -1.7014862643 -1.7014862643 
1 6.36 0.04 -1.70148574908 -1.70148574908 -1.70148574908 -1.70148574908 -1.70148574908 -1.70148574908 -1.70148574908 -1.70148574908 -1.70148574908 -1.70148574908 

0 6.4 0.04 -1.72865093462 -1.72865093462 -1.72865093462 -1.72865093462 -1.72865093462 -1.72865093462 -1.72865093462 -1.72865093462 -1.72865093462 -1.72865093462 
1 6.4 0.04 -1.72864585315 -1.72864585315 -1.72864585315 -1.72864585315 -1.72864585315 -1.72864585315 -1.72864585315 -1.72864585315 -1.72864585315 -1.72864585315 

0 6.44 0.04 -1.73595837933 -1.73595837933 -1.73595837933 -1.73595837933 -1.73595837933 -1.73595837933 -1.73595837933 -1.73595837933 -1.73595837933 -1.73595837933 
1 6.44 0.04 -1.73595028145 -1.73595028145 -1.73595028145 -1.73595028145 -1.73595028145 -1.73595028145 -1.73595028145 -1.73595028145 -1.73595028145 -1.73595028145 

0 6.48 0.04 -1.66654710072 -1.66654710072 -1.66654710072 -1.66654710072 -1.66654710072 -1.66654710072 -1.66654710072 -1.66654710072 -1.66654710072 -1.66654710072 
1 6.48 0.04 -1.66652692663 -1.66652692663 -1.66652692663 -1.66652692663 -1.66652692663 -1.66652692663 -1.66652692663 -1.66652692663 -1.66652692663 -1.66652692663 

0 6.52 0.04 -1.69926552447 -1.69926552447 -1.69926552447 -1.69926552447 -1.69926552447 -1.69926552447 -1.69926552447 -1.69926552447 -1.69926552447 -1.69926552447 
1 6.52 0.04 -1.69924088579 -1.69924088579 -1.69924088579 -1.69924088579 -1.69924088579 -1.69924088579 -1.69924088579 -1.69924088579 -1.69924088579 -1.69924088579 

0 6.56 0.04 -1.65728536574 -1.65728536574 -1.65728536574 -1.65728536574 -1.65728536574 -1.65728536574 -1.65728536574 -1.65728536574 -1.65728536574 -1.65728536574 
1 6.56 0.04 -1.65725219752 -1.65725219752 -1.65725219752 -1.65725219752 -1.65725219752 -1.65725219752 -1.65725219752 -1.65725219752 -1.65725219752 -1.65725219752 

0 6.6 0.04 -1.74687594275 -1.74687594275 -1.74687594275 -1.74687594275 -1.74687594275 -1.74687594275 -1.74687594275 -1.74687594275 -1.74687594275 -1.74687594275 
1 6.6 0.04 -1.74684048112 -1.74684048112 -1.74684048112 -1.74684048112 -1.74684048112 -1.74684048112 -1.74684048112 -1.74684048112 -1.74684048112 -1.74684048112 

0 6.64 0.04 -1.81052938295 -1.81052938295 -1.81052938295 -1.81052938295 -1.81052938295 -1.81052938295 -1.81052938295 -1.81052938295 -1.81052938295 -1.81052938295 
1 6.64 0.04 -1.810493466 -1.810493466 -1.810493466 -1.810493466 -1.810493466 -1.810493466 -1.810493466 -1.810493466 -1.810493466 -1.810493466 

0 6.68 0.04 -1.80427625437 -1.80427625437 -1.80427625437 -1.80427625437 -1.80427625437 -1.80427625437 -1.80427625437 -1.80427625437 -1.80427625437 -1.80427625437 
1 6.68 0.04 -1.80423126707 -1.80423126707 -1.80423126707 -1.80423126707 -1.80423126707 -1.80423126707 -1.80423126707 -1.80423126707 -1.80423126707 -1.80423126707 

0 6.72 0.04 -1.87760349244 -1.87760349244 -1.87760349244 -1.87760349244 -1.87760349244 -1.87760349244 -1.87760349244 -1.87760349244 -1.87760349244 -1.87760349244 
1 6.72 0.04 -1.87755579798 -1.87755579798 -1.87755579798 -1.87755579798 -1.87755579798 -1.87755579798 -1.87755579798 -1.87755579798 -1.87755579798 -1.87755579798 

0 6.76 0.04 -1.81042009319 -1.81042009319 -1.81042009319 -1.81042009319 -1.81042009319 -1.81042009319 -1.81042009319 -1.81042009319 -1.81042009319 -1.81042009319 
1 6.76 0.04 -1.81036683326 -1.81036683326 -1.81036683326 -1.81036683326 -1.81036683326 -1.81036683326 -1.81036683326 -1.81036683326 -1.81036683326 -1.81036683326 

0 6.8 0.04 -1.88227389974 -1.88227389974 -1.88227389974 -1.88227389974 -1.88227389974 -1.88227389974 -1.88227389974 -1.88227389974 -1.88227389974 -1.88227389974 
1 6.8 0.04 -1.88221990815 -1.88221990815 -1.88221990815 -1.88221990815 -1.88221990815 -1.88221990815 -1.88221990815 -1.88221990815 -1.88221990815 -1.88221990815 

0 6.84 0.04 -1.93755755079 -1.93755755079 -1.93755755079 -1.93755755079 -1.93755755079 -1.93755755079 -1.93755755079 -1.93755755079 -1.93755755079 -1.93755755079 
1 6.84 0.04 -1.93750326532 -1.93750326532 -1.93750326532 -1.93750326532 -1.93750326532 -1.93750326532 -1.93750326532 -1.93750326532 -1.93750326532 -1.93750326532 

0 6.88 0.04 -1.84714437187 -1.84714437187 -1.84714437187 -1.84714437187 -1.84714437187 -1.84714437187 -1.84714437187 -1.84714437187 -1.84714437187 -1.84714437187 
1 6.88 0.04 -1.8470963782 -1.8470963782 -1.8470963782 -1.8470963782 -1.8470963782 -1.8470963782 -1.8470963782 -1.8470963782 -1.8470963782 -1.8470963782 

0 6.92 0.04 -1.89975583271 -1.89975583271 -1.89975583271 -1.89975583271 -1.89975583271 -1.89975583271 -1.89975583271 -1.89975583271 -1.89975583271 -1.89975583271 
1 6.92 0.04 -1.89970961937 -1.89970961937 -1.89970961937 -1.89970961937 -1.89970961937 -1.89970961937 -1.89970961937 -1.89970961937 -1.89970961937 -1.89970961937 

0 6.96 0.04 -1.77398803121 -1.77398803121 -1.77398803121 -1.77398803121 -1.77398803121 -1.77398803121 -1.77398803121 -1.77398803121 -1.77398803121 -1.77398803121 
1 6.96 0.04 -1.77394535529 -1.77394535529 -1.77394535529 -1.77394535529 -1.77394535529 -1.77394535529 -1.77394535529 -1.77394535529 -1.77394535529 -1.77394535529 

0 7 0.04 -1.83105092532 -1.83105092532 -1.83105092532 -1.83105092532 -1.83105092532 -1.83105092532 -1.83105092532 -1.83105092532 -1.83105092532 -1.83105092532 
1 7 0.04 -1.83101057864 -1.83101057864 -1.83101057864 -1.83101057864 -1.83101057864 -1.83101057864 -1.83101057864 -1.83101057864 -1.83101057864 -1.83101057864 

0 7.04 0.04 -1.67529193785 -1.67529193785 -1.67529193785 -1.67529193785 -1.67529193785 -1.67529193785 -1.67529193785 -1.67529193785 -1.67529193785 -1.67529193785 
1 7.04 0.04 -1.67525518443 -1.67525518443 -1.67525518443 -1.67525518443 -1.67525518443 -1.67525518443 -1.67525518443 -1.67525518443 -1.67525518443 -1.67525518443 

0 7.08 0.04 -1.741911527 -1.741911527 -1.741911527 -1.741911527 -1.741911527 -1.741911527 -1.741911527 -1.741911527 -1.741911527 -1.741911527 
1 7.08 0.04 -1.74187757958 -1.74187757958 -1.74187757958 -1.74187757958 -1.74187757958 -1.74187757958 -1.74187757958 -1.74187757958 -1.74187757958 -1.74187757958 

0 7.12 0.04 -1.80307273734 -1.80307273734 -1.80307273734 -1.80307273734 -1.80307273734 -1.80307273734 -1.80307273734 -1.80307273734 -1.80307273734 -1.80307273734 
1 7.12 0.04 -1.80304104744 -1.80304104744 -1.80304104744 -1.80304104744 -1.80304104744 -1.80304104744 -1.80304104744 -1.80304104744 -1.80304104744 -1.80304104744 

0 7.16 0.04 -1.63777234755 -1.63777234755 -1.63777234755 -1.63777234755 -1.63777234755 -1.63777234755 -1.63777234755 -1.63777234755 -1.63777234755 -1.63777234755 
1 7.16 0.04 -1.63774353334 -1.63774353334 -1.63774353334 -1.63774353334 -1.63774353334 -1.63774353334 -1.63774353334 -1.63774353334 -1.63774353334 -1.63774353334 

0 7.2 0.04 -1.70971177979 -1.70971177979 -1.70971177979 -1.70971177979 -1.70971177979 -1.70971177979 -1.70971177979 -1.70971177979 -1.70971177979 -1.70971177979 
1 7.2 0.04 -1.70968631644 -1.70968631644 -1.70968631644 -1.70968631644 -1.70968631644 -1.70968631644 -1.70968631644 -1.70968631644 -1.70968631644 -1.70968631644 

0 7.24 0.04 -1.52750448803 -1.52750448803 -1.52750448803 -1.52750448803 -1.52750448803 -1.52750448803 -1.52750448803 -1.52750448803 -1.52750448803 -1.52750448803 
1 7.24 0.04 -1.52747994369 -1.52747994369 -1.52747994369 -1.52747994369 -1.52747994369 -1.52747994369 -1.52747994369 -1.52747994369 -1.52747994369 -1.52747994369 

0 7.28 0.04 -1.61346797388 -1.61346797388 -1.61346797388 -1.61346797388 -1.61346797388 -1.61346797388 -1.61346797388 -1.61346797388 -1.61346797388 -1.61346797388 
1 7.28 0.04 -1.61344609853 -1.61344609853 -1.61344609853 -1.61344609853 -1.61344609853 -1.61344609853 -1.61344609853 -1.61344609853 -1.61344609853 -1.61344609853 

0 7.32 0.04 -1.42553630785 -1.42553630785 -1.42553630785 -1.42553630785 -1.42553630785 -1.42553630785 -1.42553630785 -1.42553630785 -1.42553630785 -1.42553630785 
1 7.32 0.04 -1.42551703998 -1.42551703998 -1.42551703998 -1.42551703998 -1.42551703998 -1.42551703998 -1.42551703998 -1.42551703998 -1.42551703998 -1.42551703998 

0 7.36 0.04 -1.52680387756 -1.52680387756 -1.52680387756 -1.52680387756 -1.52680387756 -1.52680387756 -1.52680387756 -1.52680387756 -1.52680387756 -1.52680387756 
1 7.36 0.04 -1.52678616102 -1.52678616102 -1.52678616102 -1.52678616102 -1.52678616102 -1.52678616102 -1.52678616102 -1.52678616102 -1.52678616102 -1.52678616102 

0 7.4 0.04 -1.34457495325 -1.34457495325 -1.34457495325 -1.34457495325 -1.34457495325 -1.34457495325 -1.34457495325 -1.34457495325 -1.34457495325 -1.34457495325 
1 7.4 0.04 -1.34456027615 -1.34456027615 -1.34456027615 -1.34456027615 -1.34456027615 -1.34456027615 -1.34456027615 -1.34456027615 -1.34456027615 -1.34456027615 

0 7.44 0.04 -1.45897469186 -1.45897469186 -1.45897469186 -1.45897469186 -1.45897469186 -1.45897469186 -1.45897469186 -1.45897469186 -1.45897469186 -1.45897469186 
1 7.44 0.04 -1.45896107276 -1.45896107276 -1.45896107276 -1.45896107276 -1.45896107276 -1.45896107276 -1.45896107276 -1.45896107276 -1.45896107276 -1.45896107276 

0 7.48 0.04 -1.29242560108 -1.29242560108 -1.29242560108 -1.29242560108 -1.29242560108 -1.29242560108 -1.29242560108 -1.29242560108 -1.29242560108 -1.29242560108 
1 7.48 0.04 -1.29241292714 -1.29241292714 -1.29241292714 -1.29241292714 -1.29241292714 -1.29241292714 -1.29241292714 -1.29241292714 -1.29241292714 -1.29241292714 

0 7.52 0.04 -1.41778483778 -1.41778483778 -1.41778483778 -1.41778483778 -1.41778483778 -1.41778483778 -1.41778483778 -1.41778483778 -1.41778483778 -1.41778483778 
1 7.52 0.04 -1.41777400691 -1.41777400691 -1.41777400691 -1.41777400691 -1.41777400691 -1.41777400691 -1.41777400691 -1.41777400691 -1.41777400691 -1.41777400691 

0 7.56 0.04 -1.56635359121 -1.56635359121 -1.56635359121 -1.56635359121 -1.56635359121 -1.56635359121 -1.56635359121 -1.56635359121 -1.56635359121 -1.56635359121 
1 7.56 0.04 -1.56634393663 -1.56634393663 -1.56634393663 -1.56634393663 -1.56634393663 -1.56634393663 -1.56634393663 -1.56634393663 -1.56634393663 -1.56634393663 

0 7.6 0.04 -1.40657774356 -1.40657774356 -1.40657774356 -1.40657774356 -1.40657774356 -1.40657774356 -1.40657774356 -1.40657774356 -1.40657774356 -1.40657774356 
1 7.6 0.04 -1.40657092775 -1.40657092775 -1.40657092775 -1.40657092775 -1.40657092775 -1.40657092775 -1.40657092775 -1.40657092775 -1.40657092775 -1.40657092775 

0 7.64 0.04 -1.56197447662 -1.56197447662 -1.56197447662 -1.56197447662 -1.56197447662 -1.56197447662 -1.56197447662 -1.56197447662 -1.56197447662 -1.56197447662 
1 7.64 0.04 -1.56197006364 -1.56197006364 -1.56197006364 -1.56197006364 -1.56197006364 -1.56197006364 -1.56197006364 -1.56197006364 -1.56197006364 -1.56197006364 

0 7.68 0.04 -1.42660706506 -1.42660706506 -1.42660706506 -1.42660706506 -1.42660706506 -1.42660706506 -1.42660706506 -1.42660706506 -1.42660706506 -1.42660706506 
1 7.68 0.04 -1.4266040759 -1.4266040759 -1.4266040759 -1.4266040759 -1.4266040759 -1.4266040759 -1.4266040759 -1.4266040759 -1.4266040759 -1.4266040759 

0 7.72 0.04 -1.58161501969 -1.58161501969 -1.58161501969 -1.58161501969 -1.58161501969 -1.58161501969 -1.58161501969 -1.58161501969 -1.58161501969 -1.58161501969 
1 7.72 0.04 -1.58161385305 -1.58161385305 -1.58161385305 -1.58161385305 -1.58161385305 -1.58161385305 -1.58161385305 -1.58161385305 -1.58161385305 -1.58161385305 

0 7.76 0.04 -1.46776191726 -1.46776191726 -1.46776191726 -1.46776191726 -1.46776191726 -1.46776191726 -1.46776191726 -1.46776191726 -1.46776191726 -1.46776191726 
1 7.76 0.04 -1.46776165539 -1.46776165539 -1.46776165539 -1.46776165539 -1.46776165539 -1.46776165539 -1.46776165539 -1.46776165539 -1.46776165539 -1.46776165539 

0 7.8 0.04 -1.61098013562 -1.61098013562 -1.61098013562 -1.61098013562 -1.61098013562 -1.61098013562 -1.61098013562 -1.61098013562 -1.61098013562 -1.61098013562 
1 7.8 0.04 -1.6109825352 -1.6109825352 -1.6109825352 -1.6109825352 -1.6109825352 -1.6109825352 -1.6109825352 -1.6109825352 -1.6109825352 -1.6109825352 

0 7.84 0.04 -1.50450046196 -1.50450046196 -1.50450046196 -1.50450046196 -1.50450046196 -1.50450046196 -1.50450046196 -1.50450046196 -1.50450046196 -1.50450046196 
1 7.84 0.04 -1.50450689915 -1.50450689915 -1.50450689915 -1.50450689915 -1.50450689915 -1.50450689915 -1.50450689915 -1.50450689915 -1.50450689915 -1.50450689915 

0 7.88 0.04 -1.63161062688 -1.63161062688 -1.63161062688 -1.63161062688 -1.63161062688 -1.63161062688 -1.63161062688 -1.63161062688 -1.63161062688 -1.63161062688 
1 7.88 0.04 -1.63161983317 -1.63161983317 -1.63161983317 -1.63161983317 -1.63161983317 -1.63161983317 -1.63161983317 -1.63161983317 -1.63161983317 -1.63161983317 

0 7.92 0.04 -1.52080758733 -1.52080758733 -1.52080758733 -1.52080758733 -1.52080758733 -1.52080758733 -1.52080758733 -1.52080758733 -1.52080758733 -1.52080758733 
1 7.92 0.04 -1.52081850918 -1.52081850918 -1.52081850918 -1.52081850918 -1.52081850918 -1.52081850918 -1.52081850918 -1.52081850918 -1.52081850918 -1.52081850918 

0 7.96 0.04 -1.65033955215 -1.65033955215 -1.65033955215 -1.65033955215 -1.65033955215 -1.65033955215 -1.65033955215 -1.65033955215 -1.65033955215 -1.65033955215 
1 7.96 0.04 -1.65035275925 -1.65035275925 -1.65035275925 -1.65035275925 -1.65035275925 -1.65035275925 -1.65035275925 -1.65035275925 -1.65035275925 -1.65035275925 

0 8 0.04 -1.65137196061 -1.65137196061 -1.65137196061 -1.65137196061 -1.65137196061 -1.65137196061 -1.65137196061 -1.65137196061 -1.65137196061 -1.65137196061 
1 8 0.04 -1.65138951144 -1.65138951144 -1.65138951144 -1.65138951144 -1.65138951144 -1.65138951144 -1.65138951144 -1.65138951144 -1.65138951144 -1.65138951144 

0 8.04 0.04 -1.66071485401 -1.66071485401 -1.66071485401 -1.66071485401 -1.66071485401 -1.66071485401 -1.66071485401 -1.66071485401 -1.66071485401 -1.66071485401 
1 8.04 0.04 -1.66073763153 -1.66073763153 -1.66073763153 -1.66073763153 -1.66073763153 -1.66073763153 -1.66073763153 -1.66073763153 -1.66073763153 -1.66073763153 

0 8.08 0.04 -1.45489520405 -1.45489520405 -1.45489520405 -1.45489520405 -1.45489520405 -1.45489520405 -1.45489520405 -1.45489520405 -1.45489520405 -1.45489520405 
1 8.08 0.04 -1.45492191041 -1.45492191041 -1.45492191041 -1.45492191041 -1.45492191041 -1.45492191041 -1.45492191041 -1.45492191041 -1.45492191041 -1.45492191041 

0 8.12 0.04 -0.993512461882 -0.993512461882 -0.993512461882 -0.993512461882 -0.993512461882 -0.993512461882 -0.993512461882 -0.993512461882 -0.993512461882 -0.993512461882 
1 8.12 0.04 -0.9935424624 -0.9935424624 -0.9935424624 -0.9935424624 -0.9935424624 -0.9935424624 -0.9935424624 -0.9935424624 -0.9935424624 -0.9935424624 

0 8.16 0.04 -0.375041089552 -0.375041089552 -0.375041089552 -0.375041089552 -0.375041089552 -0.375041089552 -0.375041089552 -0.375041089552 -0.375041089552 -0.375041089552 
1 8.16 0.04 -0.375075688723 -0.375075688723 -0.375075688723 -0.375075688723 -0.375075688723 -0.375075688723 -0.375075688723 -0.375075688723 -0.375075688723 -0.375075688723 

0 8.2 0.04 0.30305846611 0.30305846611 0.30305846611 0.30305846611 0.30305846611 0.30305846611 0.30305846611 0.30305846611 0.30305846611 0.30305846611 
1 8.2 0.04 0.303021427652 0.303021427652 0.303021427652 0.303021427652 0.303021427652 0.303021427652 0.303021427652 0.303021427652 0.303021427652 0.303021427652 

0 8.24 0.04 0.99382835517 0.99382835517 0.99382835517 0.99382835517 0.99382835517 0.99382835517 0.99382835517 0.99382835517 0.99382835517 0.99382835517 
1 8.24 0.04 0.993789790355 0.993789790355 0.993789790355 0.993789790355 0.993789790355 0.993789790355 0.993789790355 0.993789790355 0.993789790355 0.993789790355 

0 8.28 0.04 0 0 0 0 0 0 0 0 0 0 
1 8.28 0.04 0 0 0 0 0 0 0 0 0 0 

0 8.32 0.04 0 0 0 0 0 0 0 0 0 0 
1 8.32 0.04 0 0 0 0 0 0 0 0 0 0 

0 8.36 0.04 0 0 0 0 0 0 0 0 0 0 
1 8.36 0.04 0 0 0 0 0 0 0 0 0 0 

0 8.4 0.04 0 0 0 0 0 0 0 0 0 0 
1 8.4 0.04 0 0 0 0 0 0 0 0 0 0 

0 8.44 0.04 0 0 0 0 0 0 0 0 0 0 
1 8.44 0.04 0 0 0 0 0 0 0 0 0 0 

0 8.48 0.04 0 0 0 0 0 0 0 0 0 0 
1 8.48 0.04 0 0 0 0 0 0 0 0 0 0 

0 8.52 0.04 0 0 0 0 0 0 0 0 0 0 
1 8.52 0.04 0 0 0 0 0 0 0 0 0 0 

0 8.56 0.04 0 0 0 0 0 0 0 0 0 0 
1 8.56 0.04 0 0 0 0 0 0 0 0 0 0 

0 8.6 0.04 0 0 0 0 0 0 0 0 0 0 
1 8.6 0.04 0 0 0 0 0 0 0 0 0 0 

