#Turbine    Time(s)    dt(s)    Vhorizontal (m/s)
0 0 0.04 0 0 0 0 0 0 0 0 0 0 
1 0 0.04 0 0 0 0 0 0 0 0 0 0 

0 0.04 0.04 -2.54811543604e-05 -2.54811543604e-05 -2.54811543604e-05 -2.54811543604e-05 -2.54811543604e-05 -2.54811543604e-05 -2.54811543604e-05 -2.54811543604e-05 -2.54811543604e-05 -2.54811543604e-05 
1 0.04 0.04 -2.54811543604e-05 -2.54811543604e-05 -2.54811543604e-05 -2.54811543604e-05 -2.54811543604e-05 -2.54811543604e-05 -2.54811543604e-05 -2.54811543604e-05 -2.54811543604e-05 -2.54811543604e-05 

0 0.08 0.04 6.87964638683e-05 6.87964638683e-05 6.87964638683e-05 6.87964638683e-05 6.87964638683e-05 6.87964638683e-05 6.87964638683e-05 6.87964638683e-05 6.87964638683e-05 6.87964638683e-05 
1 0.08 0.04 6.87805648554e-05 6.87805648554e-05 6.87805648554e-05 6.87805648554e-05 6.87805648554e-05 6.87805648554e-05 6.87805648554e-05 6.87805648554e-05 6.87805648554e-05 6.87805648554e-05 

0 0.12 0.04 0.000129125540456 0.000129125540456 0.000129125540456 0.000129125540456 0.000129125540456 0.000129125540456 0.000129125540456 0.000129125540456 0.000129125540456 0.000129125540456 
1 0.12 0.04 0.000129075933759 0.000129075933759 0.000129075933759 0.000129075933759 0.000129075933759 0.000129075933759 0.000129075933759 0.000129075933759 0.000129075933759 0.000129075933759 

0 0.16 0.04 0.000475500302568 0.000475500302568 0.000475500302568 0.000475500302568 0.000475500302568 0.000475500302568 0.000475500302568 0.000475500302568 0.000475500302568 0.000475500302568 
1 0.16 0.04 0.000475453774275 0.000475453774275 0.000475453774275 0.000475453774275 0.000475453774275 0.000475453774275 0.000475453774275 0.000475453774275 0.000475453774275 0.000475453774275 

0 0.2 0.04 0.00144447406396 0.00144447406396 0.00144447406396 0.00144447406396 0.00144447406396 0.00144447406396 0.00144447406396 0.00144447406396 0.00144447406396 0.00144447406396 
1 0.2 0.04 0.00144442131058 0.00144442131058 0.00144442131058 0.00144442131058 0.00144442131058 0.00144442131058 0.00144442131058 0.00144442131058 0.00144442131058 0.00144442131058 

0 0.24 0.04 0.00200835447171 0.00200835447171 0.00200835447171 0.00200835447171 0.00200835447171 0.00200835447171 0.00200835447171 0.00200835447171 0.00200835447171 0.00200835447171 
1 0.24 0.04 0.00200830568369 0.00200830568369 0.00200830568369 0.00200830568369 0.00200830568369 0.00200830568369 0.00200830568369 0.00200830568369 0.00200830568369 0.00200830568369 

0 0.28 0.04 0.00275356604545 0.00275356604545 0.00275356604545 0.00275356604545 0.00275356604545 0.00275356604545 0.00275356604545 0.00275356604545 0.00275356604545 0.00275356604545 
1 0.28 0.04 0.00275350419412 0.00275350419412 0.00275350419412 0.00275350419412 0.00275350419412 0.00275350419412 0.00275350419412 0.00275350419412 0.00275350419412 0.00275350419412 

0 0.32 0.04 0.00371548495833 0.00371548495833 0.00371548495833 0.00371548495833 0.00371548495833 0.00371548495833 0.00371548495833 0.00371548495833 0.00371548495833 0.00371548495833 
1 0.32 0.04 0.00371530051064 0.00371530051064 0.00371530051064 0.00371530051064 0.00371530051064 0.00371530051064 0.00371530051064 0.00371530051064 0.00371530051064 0.00371530051064 

0 0.36 0.04 0.00457927883895 0.00457927883895 0.00457927883895 0.00457927883895 0.00457927883895 0.00457927883895 0.00457927883895 0.00457927883895 0.00457927883895 0.00457927883895 
1 0.36 0.04 0.00457903269275 0.00457903269275 0.00457903269275 0.00457903269275 0.00457903269275 0.00457903269275 0.00457903269275 0.00457903269275 0.00457903269275 0.00457903269275 

0 0.4 0.04 0.00592576723735 0.00592576723735 0.00592576723735 0.00592576723735 0.00592576723735 0.00592576723735 0.00592576723735 0.00592576723735 0.00592576723735 0.00592576723735 
1 0.4 0.04 0.00592568079445 0.00592568079445 0.00592568079445 0.00592568079445 0.00592568079445 0.00592568079445 0.00592568079445 0.00592568079445 0.00592568079445 0.00592568079445 

0 0.44 0.04 0.00753398407919 0.00753398407919 0.00753398407919 0.00753398407919 0.00753398407919 0.00753398407919 0.00753398407919 0.00753398407919 0.00753398407919 0.00753398407919 
1 0.44 0.04 0.00753377007294 0.00753377007294 0.00753377007294 0.00753377007294 0.00753377007294 0.00753377007294 0.00753377007294 0.00753377007294 0.00753377007294 0.00753377007294 

0 0.48 0.04 0.0096198184283 0.0096198184283 0.0096198184283 0.0096198184283 0.0096198184283 0.0096198184283 0.0096198184283 0.0096198184283 0.0096198184283 0.0096198184283 
1 0.48 0.04 0.00961945094866 0.00961945094866 0.00961945094866 0.00961945094866 0.00961945094866 0.00961945094866 0.00961945094866 0.00961945094866 0.00961945094866 0.00961945094866 

0 0.52 0.04 0.0119812674607 0.0119812674607 0.0119812674607 0.0119812674607 0.0119812674607 0.0119812674607 0.0119812674607 0.0119812674607 0.0119812674607 0.0119812674607 
1 0.52 0.04 0.0119806897808 0.0119806897808 0.0119806897808 0.0119806897808 0.0119806897808 0.0119806897808 0.0119806897808 0.0119806897808 0.0119806897808 0.0119806897808 

0 0.56 0.04 0.0150305908373 0.0150305908373 0.0150305908373 0.0150305908373 0.0150305908373 0.0150305908373 0.0150305908373 0.0150305908373 0.0150305908373 0.0150305908373 
1 0.56 0.04 0.0150301354689 0.0150301354689 0.0150301354689 0.0150301354689 0.0150301354689 0.0150301354689 0.0150301354689 0.0150301354689 0.0150301354689 0.0150301354689 

0 0.6 0.04 0.0182851441238 0.0182851441238 0.0182851441238 0.0182851441238 0.0182851441238 0.0182851441238 0.0182851441238 0.0182851441238 0.0182851441238 0.0182851441238 
1 0.6 0.04 0.0182842126446 0.0182842126446 0.0182842126446 0.0182842126446 0.0182842126446 0.0182842126446 0.0182842126446 0.0182842126446 0.0182842126446 0.0182842126446 

0 0.64 0.04 0.0193022256599 0.0193022256599 0.0193022256599 0.0193022256599 0.0193022256599 0.0193022256599 0.0193022256599 0.0193022256599 0.0193022256599 0.0193022256599 
1 0.64 0.04 0.0193011202856 0.0193011202856 0.0193011202856 0.0193011202856 0.0193011202856 0.0193011202856 0.0193011202856 0.0193011202856 0.0193011202856 0.0193011202856 

0 0.68 0.04 0.0215052804088 0.0215052804088 0.0215052804088 0.0215052804088 0.0215052804088 0.0215052804088 0.0215052804088 0.0215052804088 0.0215052804088 0.0215052804088 
1 0.68 0.04 0.0215038705171 0.0215038705171 0.0215038705171 0.0215038705171 0.0215038705171 0.0215038705171 0.0215038705171 0.0215038705171 0.0215038705171 0.0215038705171 

0 0.72 0.04 0.024622765057 0.024622765057 0.024622765057 0.024622765057 0.024622765057 0.024622765057 0.024622765057 0.024622765057 0.024622765057 0.024622765057 
1 0.72 0.04 0.0246212904799 0.0246212904799 0.0246212904799 0.0246212904799 0.0246212904799 0.0246212904799 0.0246212904799 0.0246212904799 0.0246212904799 0.0246212904799 

0 0.76 0.04 0.0284018513372 0.0284018513372 0.0284018513372 0.0284018513372 0.0284018513372 0.0284018513372 0.0284018513372 0.0284018513372 0.0284018513372 0.0284018513372 
1 0.76 0.04 0.028400046705 0.028400046705 0.028400046705 0.028400046705 0.028400046705 0.028400046705 0.028400046705 0.028400046705 0.028400046705 0.028400046705 

0 0.8 0.04 0.0329483109892 0.0329483109892 0.0329483109892 0.0329483109892 0.0329483109892 0.0329483109892 0.0329483109892 0.0329483109892 0.0329483109892 0.0329483109892 
1 0.8 0.04 0.0329461372689 0.0329461372689 0.0329461372689 0.0329461372689 0.0329461372689 0.0329461372689 0.0329461372689 0.0329461372689 0.0329461372689 0.0329461372689 

0 0.84 0.04 0.0381416981638 0.0381416981638 0.0381416981638 0.0381416981638 0.0381416981638 0.0381416981638 0.0381416981638 0.0381416981638 0.0381416981638 0.0381416981638 
1 0.84 0.04 0.0381393046865 0.0381393046865 0.0381393046865 0.0381393046865 0.0381393046865 0.0381393046865 0.0381393046865 0.0381393046865 0.0381393046865 0.0381393046865 

0 0.88 0.04 0.0420181097885 0.0420181097885 0.0420181097885 0.0420181097885 0.0420181097885 0.0420181097885 0.0420181097885 0.0420181097885 0.0420181097885 0.0420181097885 
1 0.88 0.04 0.0420157583511 0.0420157583511 0.0420157583511 0.0420157583511 0.0420157583511 0.0420157583511 0.0420157583511 0.0420157583511 0.0420157583511 0.0420157583511 

0 0.92 0.04 0.0465517453054 0.0465517453054 0.0465517453054 0.0465517453054 0.0465517453054 0.0465517453054 0.0465517453054 0.0465517453054 0.0465517453054 0.0465517453054 
1 0.92 0.04 0.0465483933695 0.0465483933695 0.0465483933695 0.0465483933695 0.0465483933695 0.0465483933695 0.0465483933695 0.0465483933695 0.0465483933695 0.0465483933695 

0 0.96 0.04 0.0521956191364 0.0521956191364 0.0521956191364 0.0521956191364 0.0521956191364 0.0521956191364 0.0521956191364 0.0521956191364 0.0521956191364 0.0521956191364 
1 0.96 0.04 0.052191706201 0.052191706201 0.052191706201 0.052191706201 0.052191706201 0.052191706201 0.052191706201 0.052191706201 0.052191706201 0.052191706201 

0 1 0.04 0.0588814137481 0.0588814137481 0.0588814137481 0.0588814137481 0.0588814137481 0.0588814137481 0.0588814137481 0.0588814137481 0.0588814137481 0.0588814137481 
1 1 0.04 0.058876949062 0.058876949062 0.058876949062 0.058876949062 0.058876949062 0.058876949062 0.058876949062 0.058876949062 0.058876949062 0.058876949062 

0 1.04 0.04 0.0693439601116 0.0693439601116 0.0693439601116 0.0693439601116 0.0693439601116 0.0693439601116 0.0693439601116 0.0693439601116 0.0693439601116 0.0693439601116 
1 1.04 0.04 0.0693371723504 0.0693371723504 0.0693371723504 0.0693371723504 0.0693371723504 0.0693371723504 0.0693371723504 0.0693371723504 0.0693371723504 0.0693371723504 

0 1.08 0.04 0.0740946769175 0.0740946769175 0.0740946769175 0.0740946769175 0.0740946769175 0.0740946769175 0.0740946769175 0.0740946769175 0.0740946769175 0.0740946769175 
1 1.08 0.04 0.0740871600728 0.0740871600728 0.0740871600728 0.0740871600728 0.0740871600728 0.0740871600728 0.0740871600728 0.0740871600728 0.0740871600728 0.0740871600728 

0 1.12 0.04 0.0805941907464 0.0805941907464 0.0805941907464 0.0805941907464 0.0805941907464 0.0805941907464 0.0805941907464 0.0805941907464 0.0805941907464 0.0805941907464 
1 1.12 0.04 0.0805848325039 0.0805848325039 0.0805848325039 0.0805848325039 0.0805848325039 0.0805848325039 0.0805848325039 0.0805848325039 0.0805848325039 0.0805848325039 

0 1.16 0.04 0.0884756616652 0.0884756616652 0.0884756616652 0.0884756616652 0.0884756616652 0.0884756616652 0.0884756616652 0.0884756616652 0.0884756616652 0.0884756616652 
1 1.16 0.04 0.088466011758 0.088466011758 0.088466011758 0.088466011758 0.088466011758 0.088466011758 0.088466011758 0.088466011758 0.088466011758 0.088466011758 

0 1.2 0.04 0.102873702042 0.102873702042 0.102873702042 0.102873702042 0.102873702042 0.102873702042 0.102873702042 0.102873702042 0.102873702042 0.102873702042 
1 1.2 0.04 0.102863126535 0.102863126535 0.102863126535 0.102863126535 0.102863126535 0.102863126535 0.102863126535 0.102863126535 0.102863126535 0.102863126535 

0 1.24 0.04 0.107856287669 0.107856287669 0.107856287669 0.107856287669 0.107856287669 0.107856287669 0.107856287669 0.107856287669 0.107856287669 0.107856287669 
1 1.24 0.04 0.107844269678 0.107844269678 0.107844269678 0.107844269678 0.107844269678 0.107844269678 0.107844269678 0.107844269678 0.107844269678 0.107844269678 

0 1.28 0.04 0.114361796284 0.114361796284 0.114361796284 0.114361796284 0.114361796284 0.114361796284 0.114361796284 0.114361796284 0.114361796284 0.114361796284 
1 1.28 0.04 0.114349832604 0.114349832604 0.114349832604 0.114349832604 0.114349832604 0.114349832604 0.114349832604 0.114349832604 0.114349832604 0.114349832604 

0 1.32 0.04 0.131831730823 0.131831730823 0.131831730823 0.131831730823 0.131831730823 0.131831730823 0.131831730823 0.131831730823 0.131831730823 0.131831730823 
1 1.32 0.04 0.131826713808 0.131826713808 0.131826713808 0.131826713808 0.131826713808 0.131826713808 0.131826713808 0.131826713808 0.131826713808 0.131826713808 

0 1.36 0.04 0.133621093976 0.133621093976 0.133621093976 0.133621093976 0.133621093976 0.133621093976 0.133621093976 0.133621093976 0.133621093976 0.133621093976 
1 1.36 0.04 0.133612575296 0.133612575296 0.133612575296 0.133612575296 0.133612575296 0.133612575296 0.133612575296 0.133612575296 0.133612575296 0.133612575296 

0 1.4 0.04 0.138224288884 0.138224288884 0.138224288884 0.138224288884 0.138224288884 0.138224288884 0.138224288884 0.138224288884 0.138224288884 0.138224288884 
1 1.4 0.04 0.138213038538 0.138213038538 0.138213038538 0.138213038538 0.138213038538 0.138213038538 0.138213038538 0.138213038538 0.138213038538 0.138213038538 

0 1.44 0.04 0.153920481142 0.153920481142 0.153920481142 0.153920481142 0.153920481142 0.153920481142 0.153920481142 0.153920481142 0.153920481142 0.153920481142 
1 1.44 0.04 0.153895850259 0.153895850259 0.153895850259 0.153895850259 0.153895850259 0.153895850259 0.153895850259 0.153895850259 0.153895850259 0.153895850259 

0 1.48 0.04 0.152475148849 0.152475148849 0.152475148849 0.152475148849 0.152475148849 0.152475148849 0.152475148849 0.152475148849 0.152475148849 0.152475148849 
1 1.48 0.04 0.152446447393 0.152446447393 0.152446447393 0.152446447393 0.152446447393 0.152446447393 0.152446447393 0.152446447393 0.152446447393 0.152446447393 

0 1.52 0.04 0.154057386674 0.154057386674 0.154057386674 0.154057386674 0.154057386674 0.154057386674 0.154057386674 0.154057386674 0.154057386674 0.154057386674 
1 1.52 0.04 0.154022795789 0.154022795789 0.154022795789 0.154022795789 0.154022795789 0.154022795789 0.154022795789 0.154022795789 0.154022795789 0.154022795789 

0 1.56 0.04 0.162181612156 0.162181612156 0.162181612156 0.162181612156 0.162181612156 0.162181612156 0.162181612156 0.162181612156 0.162181612156 0.162181612156 
1 1.56 0.04 0.162147705692 0.162147705692 0.162147705692 0.162147705692 0.162147705692 0.162147705692 0.162147705692 0.162147705692 0.162147705692 0.162147705692 

0 1.6 0.04 0.157740798242 0.157740798242 0.157740798242 0.157740798242 0.157740798242 0.157740798242 0.157740798242 0.157740798242 0.157740798242 0.157740798242 
1 1.6 0.04 0.157705037383 0.157705037383 0.157705037383 0.157705037383 0.157705037383 0.157705037383 0.157705037383 0.157705037383 0.157705037383 0.157705037383 

0 1.64 0.04 0.156804279575 0.156804279575 0.156804279575 0.156804279575 0.156804279575 0.156804279575 0.156804279575 0.156804279575 0.156804279575 0.156804279575 
1 1.64 0.04 0.156765412882 0.156765412882 0.156765412882 0.156765412882 0.156765412882 0.156765412882 0.156765412882 0.156765412882 0.156765412882 0.156765412882 

0 1.68 0.04 0.154533024085 0.154533024085 0.154533024085 0.154533024085 0.154533024085 0.154533024085 0.154533024085 0.154533024085 0.154533024085 0.154533024085 
1 1.68 0.04 0.154492728502 0.154492728502 0.154492728502 0.154492728502 0.154492728502 0.154492728502 0.154492728502 0.154492728502 0.154492728502 0.154492728502 

0 1.72 0.04 0.147459637856 0.147459637856 0.147459637856 0.147459637856 0.147459637856 0.147459637856 0.147459637856 0.147459637856 0.147459637856 0.147459637856 
1 1.72 0.04 0.147415530822 0.147415530822 0.147415530822 0.147415530822 0.147415530822 0.147415530822 0.147415530822 0.147415530822 0.147415530822 0.147415530822 

0 1.76 0.04 0.142488694621 0.142488694621 0.142488694621 0.142488694621 0.142488694621 0.142488694621 0.142488694621 0.142488694621 0.142488694621 0.142488694621 
1 1.76 0.04 0.142438569462 0.142438569462 0.142438569462 0.142438569462 0.142438569462 0.142438569462 0.142438569462 0.142438569462 0.142438569462 0.142438569462 

0 1.8 0.04 0.129389365566 0.129389365566 0.129389365566 0.129389365566 0.129389365566 0.129389365566 0.129389365566 0.129389365566 0.129389365566 0.129389365566 
1 1.8 0.04 0.129340103397 0.129340103397 0.129340103397 0.129340103397 0.129340103397 0.129340103397 0.129340103397 0.129340103397 0.129340103397 0.129340103397 

0 1.84 0.04 0.118818965414 0.118818965414 0.118818965414 0.118818965414 0.118818965414 0.118818965414 0.118818965414 0.118818965414 0.118818965414 0.118818965414 
1 1.84 0.04 0.118781555522 0.118781555522 0.118781555522 0.118781555522 0.118781555522 0.118781555522 0.118781555522 0.118781555522 0.118781555522 0.118781555522 

0 1.88 0.04 0.100358161766 0.100358161766 0.100358161766 0.100358161766 0.100358161766 0.100358161766 0.100358161766 0.100358161766 0.100358161766 0.100358161766 
1 1.88 0.04 0.10032491632 0.10032491632 0.10032491632 0.10032491632 0.10032491632 0.10032491632 0.10032491632 0.10032491632 0.10032491632 0.10032491632 

0 1.92 0.04 0.0865258572808 0.0865258572808 0.0865258572808 0.0865258572808 0.0865258572808 0.0865258572808 0.0865258572808 0.0865258572808 0.0865258572808 0.0865258572808 
1 1.92 0.04 0.0864960645033 0.0864960645033 0.0864960645033 0.0864960645033 0.0864960645033 0.0864960645033 0.0864960645033 0.0864960645033 0.0864960645033 0.0864960645033 

0 1.96 0.04 0.0629578670689 0.0629578670689 0.0629578670689 0.0629578670689 0.0629578670689 0.0629578670689 0.0629578670689 0.0629578670689 0.0629578670689 0.0629578670689 
1 1.96 0.04 0.0629237846508 0.0629237846508 0.0629237846508 0.0629237846508 0.0629237846508 0.0629237846508 0.0629237846508 0.0629237846508 0.0629237846508 0.0629237846508 

0 2 0.04 0.0448293111267 0.0448293111267 0.0448293111267 0.0448293111267 0.0448293111267 0.0448293111267 0.0448293111267 0.0448293111267 0.0448293111267 0.0448293111267 
1 2 0.04 0.0447984998947 0.0447984998947 0.0447984998947 0.0447984998947 0.0447984998947 0.0447984998947 0.0447984998947 0.0447984998947 0.0447984998947 0.0447984998947 

0 2.04 0.04 0.0177753822769 0.0177753822769 0.0177753822769 0.0177753822769 0.0177753822769 0.0177753822769 0.0177753822769 0.0177753822769 0.0177753822769 0.0177753822769 
1 2.04 0.04 0.0177540084766 0.0177540084766 0.0177540084766 0.0177540084766 0.0177540084766 0.0177540084766 0.0177540084766 0.0177540084766 0.0177540084766 0.0177540084766 

0 2.08 0.04 -0.00381913681611 -0.00381913681611 -0.00381913681611 -0.00381913681611 -0.00381913681611 -0.00381913681611 -0.00381913681611 -0.00381913681611 -0.00381913681611 -0.00381913681611 
1 2.08 0.04 -0.00383974390124 -0.00383974390124 -0.00383974390124 -0.00383974390124 -0.00383974390124 -0.00383974390124 -0.00383974390124 -0.00383974390124 -0.00383974390124 -0.00383974390124 

0 2.12 0.04 -0.0335249941765 -0.0335249941765 -0.0335249941765 -0.0335249941765 -0.0335249941765 -0.0335249941765 -0.0335249941765 -0.0335249941765 -0.0335249941765 -0.0335249941765 
1 2.12 0.04 -0.0335478456154 -0.0335478456154 -0.0335478456154 -0.0335478456154 -0.0335478456154 -0.0335478456154 -0.0335478456154 -0.0335478456154 -0.0335478456154 -0.0335478456154 

0 2.16 0.04 -0.0581854170395 -0.0581854170395 -0.0581854170395 -0.0581854170395 -0.0581854170395 -0.0581854170395 -0.0581854170395 -0.0581854170395 -0.0581854170395 -0.0581854170395 
1 2.16 0.04 -0.0582141160635 -0.0582141160635 -0.0582141160635 -0.0582141160635 -0.0582141160635 -0.0582141160635 -0.0582141160635 -0.0582141160635 -0.0582141160635 -0.0582141160635 

0 2.2 0.04 -0.0898593870491 -0.0898593870491 -0.0898593870491 -0.0898593870491 -0.0898593870491 -0.0898593870491 -0.0898593870491 -0.0898593870491 -0.0898593870491 -0.0898593870491 
1 2.2 0.04 -0.0899027393111 -0.0899027393111 -0.0899027393111 -0.0899027393111 -0.0899027393111 -0.0899027393111 -0.0899027393111 -0.0899027393111 -0.0899027393111 -0.0899027393111 

0 2.24 0.04 -0.117436566023 -0.117436566023 -0.117436566023 -0.117436566023 -0.117436566023 -0.117436566023 -0.117436566023 -0.117436566023 -0.117436566023 -0.117436566023 
1 2.24 0.04 -0.117483377238 -0.117483377238 -0.117483377238 -0.117483377238 -0.117483377238 -0.117483377238 -0.117483377238 -0.117483377238 -0.117483377238 -0.117483377238 

0 2.28 0.04 -0.151109882191 -0.151109882191 -0.151109882191 -0.151109882191 -0.151109882191 -0.151109882191 -0.151109882191 -0.151109882191 -0.151109882191 -0.151109882191 
1 2.28 0.04 -0.151150197987 -0.151150197987 -0.151150197987 -0.151150197987 -0.151150197987 -0.151150197987 -0.151150197987 -0.151150197987 -0.151150197987 -0.151150197987 

0 2.32 0.04 -0.183656550474 -0.183656550474 -0.183656550474 -0.183656550474 -0.183656550474 -0.183656550474 -0.183656550474 -0.183656550474 -0.183656550474 -0.183656550474 
1 2.32 0.04 -0.18369002903 -0.18369002903 -0.18369002903 -0.18369002903 -0.18369002903 -0.18369002903 -0.18369002903 -0.18369002903 -0.18369002903 -0.18369002903 

0 2.36 0.04 -0.216817980951 -0.216817980951 -0.216817980951 -0.216817980951 -0.216817980951 -0.216817980951 -0.216817980951 -0.216817980951 -0.216817980951 -0.216817980951 
1 2.36 0.04 -0.21684762598 -0.21684762598 -0.21684762598 -0.21684762598 -0.21684762598 -0.21684762598 -0.21684762598 -0.21684762598 -0.21684762598 -0.21684762598 

0 2.4 0.04 -0.250964481303 -0.250964481303 -0.250964481303 -0.250964481303 -0.250964481303 -0.250964481303 -0.250964481303 -0.250964481303 -0.250964481303 -0.250964481303 
1 2.4 0.04 -0.250995317421 -0.250995317421 -0.250995317421 -0.250995317421 -0.250995317421 -0.250995317421 -0.250995317421 -0.250995317421 -0.250995317421 -0.250995317421 

0 2.44 0.04 -0.28576466157 -0.28576466157 -0.28576466157 -0.28576466157 -0.28576466157 -0.28576466157 -0.28576466157 -0.28576466157 -0.28576466157 -0.28576466157 
1 2.44 0.04 -0.285790826364 -0.285790826364 -0.285790826364 -0.285790826364 -0.285790826364 -0.285790826364 -0.285790826364 -0.285790826364 -0.285790826364 -0.285790826364 

0 2.48 0.04 -0.320557214682 -0.320557214682 -0.320557214682 -0.320557214682 -0.320557214682 -0.320557214682 -0.320557214682 -0.320557214682 -0.320557214682 -0.320557214682 
1 2.48 0.04 -0.320576543574 -0.320576543574 -0.320576543574 -0.320576543574 -0.320576543574 -0.320576543574 -0.320576543574 -0.320576543574 -0.320576543574 -0.320576543574 

0 2.52 0.04 -0.35515943713 -0.35515943713 -0.35515943713 -0.35515943713 -0.35515943713 -0.35515943713 -0.35515943713 -0.35515943713 -0.35515943713 -0.35515943713 
1 2.52 0.04 -0.3551763898 -0.3551763898 -0.3551763898 -0.3551763898 -0.3551763898 -0.3551763898 -0.3551763898 -0.3551763898 -0.3551763898 -0.3551763898 

0 2.56 0.04 -0.393499010904 -0.393499010904 -0.393499010904 -0.393499010904 -0.393499010904 -0.393499010904 -0.393499010904 -0.393499010904 -0.393499010904 -0.393499010904 
1 2.56 0.04 -0.393510830426 -0.393510830426 -0.393510830426 -0.393510830426 -0.393510830426 -0.393510830426 -0.393510830426 -0.393510830426 -0.393510830426 -0.393510830426 

0 2.6 0.04 -0.430190525228 -0.430190525228 -0.430190525228 -0.430190525228 -0.430190525228 -0.430190525228 -0.430190525228 -0.430190525228 -0.430190525228 -0.430190525228 
1 2.6 0.04 -0.430193815786 -0.430193815786 -0.430193815786 -0.430193815786 -0.430193815786 -0.430193815786 -0.430193815786 -0.430193815786 -0.430193815786 -0.430193815786 

0 2.64 0.04 -0.47018692109 -0.47018692109 -0.47018692109 -0.47018692109 -0.47018692109 -0.47018692109 -0.47018692109 -0.47018692109 -0.47018692109 -0.47018692109 
1 2.64 0.04 -0.470182917698 -0.470182917698 -0.470182917698 -0.470182917698 -0.470182917698 -0.470182917698 -0.470182917698 -0.470182917698 -0.470182917698 -0.470182917698 

0 2.68 0.04 -0.506800047106 -0.506800047106 -0.506800047106 -0.506800047106 -0.506800047106 -0.506800047106 -0.506800047106 -0.506800047106 -0.506800047106 -0.506800047106 
1 2.68 0.04 -0.506783978845 -0.506783978845 -0.506783978845 -0.506783978845 -0.506783978845 -0.506783978845 -0.506783978845 -0.506783978845 -0.506783978845 -0.506783978845 

0 2.72 0.04 -0.527206695984 -0.527206695984 -0.527206695984 -0.527206695984 -0.527206695984 -0.527206695984 -0.527206695984 -0.527206695984 -0.527206695984 -0.527206695984 
1 2.72 0.04 -0.527190295457 -0.527190295457 -0.527190295457 -0.527190295457 -0.527190295457 -0.527190295457 -0.527190295457 -0.527190295457 -0.527190295457 -0.527190295457 

0 2.76 0.04 -0.566822279715 -0.566822279715 -0.566822279715 -0.566822279715 -0.566822279715 -0.566822279715 -0.566822279715 -0.566822279715 -0.566822279715 -0.566822279715 
1 2.76 0.04 -0.566801295887 -0.566801295887 -0.566801295887 -0.566801295887 -0.566801295887 -0.566801295887 -0.566801295887 -0.566801295887 -0.566801295887 -0.566801295887 

0 2.8 0.04 -0.610029354046 -0.610029354046 -0.610029354046 -0.610029354046 -0.610029354046 -0.610029354046 -0.610029354046 -0.610029354046 -0.610029354046 -0.610029354046 
1 2.8 0.04 -0.61000563042 -0.61000563042 -0.61000563042 -0.61000563042 -0.61000563042 -0.61000563042 -0.61000563042 -0.61000563042 -0.61000563042 -0.61000563042 

0 2.84 0.04 -0.653546886946 -0.653546886946 -0.653546886946 -0.653546886946 -0.653546886946 -0.653546886946 -0.653546886946 -0.653546886946 -0.653546886946 -0.653546886946 
1 2.84 0.04 -0.653523446482 -0.653523446482 -0.653523446482 -0.653523446482 -0.653523446482 -0.653523446482 -0.653523446482 -0.653523446482 -0.653523446482 -0.653523446482 

0 2.88 0.04 -0.698703084269 -0.698703084269 -0.698703084269 -0.698703084269 -0.698703084269 -0.698703084269 -0.698703084269 -0.698703084269 -0.698703084269 -0.698703084269 
1 2.88 0.04 -0.698677258258 -0.698677258258 -0.698677258258 -0.698677258258 -0.698677258258 -0.698677258258 -0.698677258258 -0.698677258258 -0.698677258258 -0.698677258258 

0 2.92 0.04 -0.748979104222 -0.748979104222 -0.748979104222 -0.748979104222 -0.748979104222 -0.748979104222 -0.748979104222 -0.748979104222 -0.748979104222 -0.748979104222 
1 2.92 0.04 -0.748946934341 -0.748946934341 -0.748946934341 -0.748946934341 -0.748946934341 -0.748946934341 -0.748946934341 -0.748946934341 -0.748946934341 -0.748946934341 

0 2.96 0.04 -0.801183671985 -0.801183671985 -0.801183671985 -0.801183671985 -0.801183671985 -0.801183671985 -0.801183671985 -0.801183671985 -0.801183671985 -0.801183671985 
1 2.96 0.04 -0.801140160068 -0.801140160068 -0.801140160068 -0.801140160068 -0.801140160068 -0.801140160068 -0.801140160068 -0.801140160068 -0.801140160068 -0.801140160068 

0 3 0.04 -0.854295185078 -0.854295185078 -0.854295185078 -0.854295185078 -0.854295185078 -0.854295185078 -0.854295185078 -0.854295185078 -0.854295185078 -0.854295185078 
1 3 0.04 -0.854254373264 -0.854254373264 -0.854254373264 -0.854254373264 -0.854254373264 -0.854254373264 -0.854254373264 -0.854254373264 -0.854254373264 -0.854254373264 

0 3.04 0.04 -0.908711847794 -0.908711847794 -0.908711847794 -0.908711847794 -0.908711847794 -0.908711847794 -0.908711847794 -0.908711847794 -0.908711847794 -0.908711847794 
1 3.04 0.04 -0.908664476555 -0.908664476555 -0.908664476555 -0.908664476555 -0.908664476555 -0.908664476555 -0.908664476555 -0.908664476555 -0.908664476555 -0.908664476555 

0 3.08 0.04 -0.966592097779 -0.966592097779 -0.966592097779 -0.966592097779 -0.966592097779 -0.966592097779 -0.966592097779 -0.966592097779 -0.966592097779 -0.966592097779 
1 3.08 0.04 -0.966521113022 -0.966521113022 -0.966521113022 -0.966521113022 -0.966521113022 -0.966521113022 -0.966521113022 -0.966521113022 -0.966521113022 -0.966521113022 

0 3.12 0.04 -1.02518944768 -1.02518944768 -1.02518944768 -1.02518944768 -1.02518944768 -1.02518944768 -1.02518944768 -1.02518944768 -1.02518944768 -1.02518944768 
1 3.12 0.04 -1.02513304946 -1.02513304946 -1.02513304946 -1.02513304946 -1.02513304946 -1.02513304946 -1.02513304946 -1.02513304946 -1.02513304946 -1.02513304946 

0 3.16 0.04 -1.0824121972 -1.0824121972 -1.0824121972 -1.0824121972 -1.0824121972 -1.0824121972 -1.0824121972 -1.0824121972 -1.0824121972 -1.0824121972 
1 3.16 0.04 -1.08234460699 -1.08234460699 -1.08234460699 -1.08234460699 -1.08234460699 -1.08234460699 -1.08234460699 -1.08234460699 -1.08234460699 -1.08234460699 

0 3.2 0.04 -1.13894645425 -1.13894645425 -1.13894645425 -1.13894645425 -1.13894645425 -1.13894645425 -1.13894645425 -1.13894645425 -1.13894645425 -1.13894645425 
1 3.2 0.04 -1.13887321883 -1.13887321883 -1.13887321883 -1.13887321883 -1.13887321883 -1.13887321883 -1.13887321883 -1.13887321883 -1.13887321883 -1.13887321883 

0 3.24 0.04 -1.19629918224 -1.19629918224 -1.19629918224 -1.19629918224 -1.19629918224 -1.19629918224 -1.19629918224 -1.19629918224 -1.19629918224 -1.19629918224 
1 3.24 0.04 -1.19623091312 -1.19623091312 -1.19623091312 -1.19623091312 -1.19623091312 -1.19623091312 -1.19623091312 -1.19623091312 -1.19623091312 -1.19623091312 

0 3.28 0.04 -1.25244476836 -1.25244476836 -1.25244476836 -1.25244476836 -1.25244476836 -1.25244476836 -1.25244476836 -1.25244476836 -1.25244476836 -1.25244476836 
1 3.28 0.04 -1.2523621732 -1.2523621732 -1.2523621732 -1.2523621732 -1.2523621732 -1.2523621732 -1.2523621732 -1.2523621732 -1.2523621732 -1.2523621732 

0 3.32 0.04 -1.30594725289 -1.30594725289 -1.30594725289 -1.30594725289 -1.30594725289 -1.30594725289 -1.30594725289 -1.30594725289 -1.30594725289 -1.30594725289 
1 3.32 0.04 -1.30585613734 -1.30585613734 -1.30585613734 -1.30585613734 -1.30585613734 -1.30585613734 -1.30585613734 -1.30585613734 -1.30585613734 -1.30585613734 

0 3.36 0.04 -1.35812177816 -1.35812177816 -1.35812177816 -1.35812177816 -1.35812177816 -1.35812177816 -1.35812177816 -1.35812177816 -1.35812177816 -1.35812177816 
1 3.36 0.04 -1.35802831585 -1.35802831585 -1.35802831585 -1.35802831585 -1.35802831585 -1.35802831585 -1.35802831585 -1.35802831585 -1.35802831585 -1.35802831585 

0 3.4 0.04 -1.40773778202 -1.40773778202 -1.40773778202 -1.40773778202 -1.40773778202 -1.40773778202 -1.40773778202 -1.40773778202 -1.40773778202 -1.40773778202 
1 3.4 0.04 -1.40764393513 -1.40764393513 -1.40764393513 -1.40764393513 -1.40764393513 -1.40764393513 -1.40764393513 -1.40764393513 -1.40764393513 -1.40764393513 

0 3.44 0.04 -1.46108291908 -1.46108291908 -1.46108291908 -1.46108291908 -1.46108291908 -1.46108291908 -1.46108291908 -1.46108291908 -1.46108291908 -1.46108291908 
1 3.44 0.04 -1.46098671336 -1.46098671336 -1.46098671336 -1.46098671336 -1.46098671336 -1.46098671336 -1.46098671336 -1.46098671336 -1.46098671336 -1.46098671336 

0 3.48 0.04 -1.50849211273 -1.50849211273 -1.50849211273 -1.50849211273 -1.50849211273 -1.50849211273 -1.50849211273 -1.50849211273 -1.50849211273 -1.50849211273 
1 3.48 0.04 -1.50839671392 -1.50839671392 -1.50839671392 -1.50839671392 -1.50839671392 -1.50839671392 -1.50839671392 -1.50839671392 -1.50839671392 -1.50839671392 

0 3.52 0.04 -1.55332752053 -1.55332752053 -1.55332752053 -1.55332752053 -1.55332752053 -1.55332752053 -1.55332752053 -1.55332752053 -1.55332752053 -1.55332752053 
1 3.52 0.04 -1.55323226563 -1.55323226563 -1.55323226563 -1.55323226563 -1.55323226563 -1.55323226563 -1.55323226563 -1.55323226563 -1.55323226563 -1.55323226563 

0 3.56 0.04 -1.59637336755 -1.59637336755 -1.59637336755 -1.59637336755 -1.59637336755 -1.59637336755 -1.59637336755 -1.59637336755 -1.59637336755 -1.59637336755 
1 3.56 0.04 -1.59628453628 -1.59628453628 -1.59628453628 -1.59628453628 -1.59628453628 -1.59628453628 -1.59628453628 -1.59628453628 -1.59628453628 -1.59628453628 

0 3.6 0.04 -1.63462113978 -1.63462113978 -1.63462113978 -1.63462113978 -1.63462113978 -1.63462113978 -1.63462113978 -1.63462113978 -1.63462113978 -1.63462113978 
1 3.6 0.04 -1.63453949378 -1.63453949378 -1.63453949378 -1.63453949378 -1.63453949378 -1.63453949378 -1.63453949378 -1.63453949378 -1.63453949378 -1.63453949378 

0 3.64 0.04 -1.66747320497 -1.66747320497 -1.66747320497 -1.66747320497 -1.66747320497 -1.66747320497 -1.66747320497 -1.66747320497 -1.66747320497 -1.66747320497 
1 3.64 0.04 -1.66740481079 -1.66740481079 -1.66740481079 -1.66740481079 -1.66740481079 -1.66740481079 -1.66740481079 -1.66740481079 -1.66740481079 -1.66740481079 

0 3.68 0.04 -1.68487985158 -1.68487985158 -1.68487985158 -1.68487985158 -1.68487985158 -1.68487985158 -1.68487985158 -1.68487985158 -1.68487985158 -1.68487985158 
1 3.68 0.04 -1.68482878792 -1.68482878792 -1.68482878792 -1.68482878792 -1.68482878792 -1.68482878792 -1.68482878792 -1.68482878792 -1.68482878792 -1.68482878792 

0 3.72 0.04 -1.68611043445 -1.68611043445 -1.68611043445 -1.68611043445 -1.68611043445 -1.68611043445 -1.68611043445 -1.68611043445 -1.68611043445 -1.68611043445 
1 3.72 0.04 -1.68608020907 -1.68608020907 -1.68608020907 -1.68608020907 -1.68608020907 -1.68608020907 -1.68608020907 -1.68608020907 -1.68608020907 -1.68608020907 

0 3.76 0.04 -1.66732006698 -1.66732006698 -1.66732006698 -1.66732006698 -1.66732006698 -1.66732006698 -1.66732006698 -1.66732006698 -1.66732006698 -1.66732006698 
1 3.76 0.04 -1.66731508325 -1.66731508325 -1.66731508325 -1.66731508325 -1.66731508325 -1.66731508325 -1.66731508325 -1.66731508325 -1.66731508325 -1.66731508325 

0 3.8 0.04 -1.62149394647 -1.62149394647 -1.62149394647 -1.62149394647 -1.62149394647 -1.62149394647 -1.62149394647 -1.62149394647 -1.62149394647 -1.62149394647 
1 3.8 0.04 -1.62149935316 -1.62149935316 -1.62149935316 -1.62149935316 -1.62149935316 -1.62149935316 -1.62149935316 -1.62149935316 -1.62149935316 -1.62149935316 

0 3.84 0.04 -1.55663346874 -1.55663346874 -1.55663346874 -1.55663346874 -1.55663346874 -1.55663346874 -1.55663346874 -1.55663346874 -1.55663346874 -1.55663346874 
1 3.84 0.04 -1.5566203121 -1.5566203121 -1.5566203121 -1.5566203121 -1.5566203121 -1.5566203121 -1.5566203121 -1.5566203121 -1.5566203121 -1.5566203121 

0 3.88 0.04 -1.48414711784 -1.48414711784 -1.48414711784 -1.48414711784 -1.48414711784 -1.48414711784 -1.48414711784 -1.48414711784 -1.48414711784 -1.48414711784 
1 3.88 0.04 -1.48414885292 -1.48414885292 -1.48414885292 -1.48414885292 -1.48414885292 -1.48414885292 -1.48414885292 -1.48414885292 -1.48414885292 -1.48414885292 

0 3.92 0.04 -1.4173311512 -1.4173311512 -1.4173311512 -1.4173311512 -1.4173311512 -1.4173311512 -1.4173311512 -1.4173311512 -1.4173311512 -1.4173311512 
1 3.92 0.04 -1.41733246689 -1.41733246689 -1.41733246689 -1.41733246689 -1.41733246689 -1.41733246689 -1.41733246689 -1.41733246689 -1.41733246689 -1.41733246689 

0 3.96 0.04 -1.35852910517 -1.35852910517 -1.35852910517 -1.35852910517 -1.35852910517 -1.35852910517 -1.35852910517 -1.35852910517 -1.35852910517 -1.35852910517 
1 3.96 0.04 -1.35851649492 -1.35851649492 -1.35851649492 -1.35851649492 -1.35851649492 -1.35851649492 -1.35851649492 -1.35851649492 -1.35851649492 -1.35851649492 

0 4 0.04 -1.31106180623 -1.31106180623 -1.31106180623 -1.31106180623 -1.31106180623 -1.31106180623 -1.31106180623 -1.31106180623 -1.31106180623 -1.31106180623 
1 4 0.04 -1.31105964345 -1.31105964345 -1.31105964345 -1.31105964345 -1.31105964345 -1.31105964345 -1.31105964345 -1.31105964345 -1.31105964345 -1.31105964345 

0 4.04 0.04 -1.27341270734 -1.27341270734 -1.27341270734 -1.27341270734 -1.27341270734 -1.27341270734 -1.27341270734 -1.27341270734 -1.27341270734 -1.27341270734 
1 4.04 0.04 -1.27341151792 -1.27341151792 -1.27341151792 -1.27341151792 -1.27341151792 -1.27341151792 -1.27341151792 -1.27341151792 -1.27341151792 -1.27341151792 

0 4.08 0.04 -1.24225750419 -1.24225750419 -1.24225750419 -1.24225750419 -1.24225750419 -1.24225750419 -1.24225750419 -1.24225750419 -1.24225750419 -1.24225750419 
1 4.08 0.04 -1.24226102842 -1.24226102842 -1.24226102842 -1.24226102842 -1.24226102842 -1.24226102842 -1.24226102842 -1.24226102842 -1.24226102842 -1.24226102842 

0 4.12 0.04 -1.21590002211 -1.21590002211 -1.21590002211 -1.21590002211 -1.21590002211 -1.21590002211 -1.21590002211 -1.21590002211 -1.21590002211 -1.21590002211 
1 4.12 0.04 -1.21589798202 -1.21589798202 -1.21589798202 -1.21589798202 -1.21589798202 -1.21589798202 -1.21589798202 -1.21589798202 -1.21589798202 -1.21589798202 

0 4.16 0.04 -1.19435896256 -1.19435896256 -1.19435896256 -1.19435896256 -1.19435896256 -1.19435896256 -1.19435896256 -1.19435896256 -1.19435896256 -1.19435896256 
1 4.16 0.04 -1.1943581514 -1.1943581514 -1.1943581514 -1.1943581514 -1.1943581514 -1.1943581514 -1.1943581514 -1.1943581514 -1.1943581514 -1.1943581514 

0 4.2 0.04 -1.1784530682 -1.1784530682 -1.1784530682 -1.1784530682 -1.1784530682 -1.1784530682 -1.1784530682 -1.1784530682 -1.1784530682 -1.1784530682 
1 4.2 0.04 -1.17845196793 -1.17845196793 -1.17845196793 -1.17845196793 -1.17845196793 -1.17845196793 -1.17845196793 -1.17845196793 -1.17845196793 -1.17845196793 

0 4.24 0.04 -1.16890290112 -1.16890290112 -1.16890290112 -1.16890290112 -1.16890290112 -1.16890290112 -1.16890290112 -1.16890290112 -1.16890290112 -1.16890290112 
1 4.24 0.04 -1.16889923308 -1.16889923308 -1.16889923308 -1.16889923308 -1.16889923308 -1.16889923308 -1.16889923308 -1.16889923308 -1.16889923308 -1.16889923308 

0 4.28 0.04 -1.1663935922 -1.1663935922 -1.1663935922 -1.1663935922 -1.1663935922 -1.1663935922 -1.1663935922 -1.1663935922 -1.1663935922 -1.1663935922 
1 4.28 0.04 -1.1663888402 -1.1663888402 -1.1663888402 -1.1663888402 -1.1663888402 -1.1663888402 -1.1663888402 -1.1663888402 -1.1663888402 -1.1663888402 

0 4.32 0.04 -1.17078172455 -1.17078172455 -1.17078172455 -1.17078172455 -1.17078172455 -1.17078172455 -1.17078172455 -1.17078172455 -1.17078172455 -1.17078172455 
1 4.32 0.04 -1.17077325113 -1.17077325113 -1.17077325113 -1.17077325113 -1.17077325113 -1.17077325113 -1.17077325113 -1.17077325113 -1.17077325113 -1.17077325113 

0 4.36 0.04 -1.18324478995 -1.18324478995 -1.18324478995 -1.18324478995 -1.18324478995 -1.18324478995 -1.18324478995 -1.18324478995 -1.18324478995 -1.18324478995 
1 4.36 0.04 -1.18323216764 -1.18323216764 -1.18323216764 -1.18323216764 -1.18323216764 -1.18323216764 -1.18323216764 -1.18323216764 -1.18323216764 -1.18323216764 

0 4.4 0.04 -1.17939519983 -1.17939519983 -1.17939519983 -1.17939519983 -1.17939519983 -1.17939519983 -1.17939519983 -1.17939519983 -1.17939519983 -1.17939519983 
1 4.4 0.04 -1.17938645386 -1.17938645386 -1.17938645386 -1.17938645386 -1.17938645386 -1.17938645386 -1.17938645386 -1.17938645386 -1.17938645386 -1.17938645386 

0 4.44 0.04 -1.22088073469 -1.22088073469 -1.22088073469 -1.22088073469 -1.22088073469 -1.22088073469 -1.22088073469 -1.22088073469 -1.22088073469 -1.22088073469 
1 4.44 0.04 -1.22086313822 -1.22086313822 -1.22086313822 -1.22086313822 -1.22086313822 -1.22086313822 -1.22086313822 -1.22086313822 -1.22086313822 -1.22086313822 

0 4.48 0.04 -1.30687399834 -1.30687399834 -1.30687399834 -1.30687399834 -1.30687399834 -1.30687399834 -1.30687399834 -1.30687399834 -1.30687399834 -1.30687399834 
1 4.48 0.04 -1.30685443538 -1.30685443538 -1.30685443538 -1.30685443538 -1.30685443538 -1.30685443538 -1.30685443538 -1.30685443538 -1.30685443538 -1.30685443538 

0 4.52 0.04 -1.32944353537 -1.32944353537 -1.32944353537 -1.32944353537 -1.32944353537 -1.32944353537 -1.32944353537 -1.32944353537 -1.32944353537 -1.32944353537 
1 4.52 0.04 -1.32941500971 -1.32941500971 -1.32941500971 -1.32941500971 -1.32941500971 -1.32941500971 -1.32941500971 -1.32941500971 -1.32941500971 -1.32941500971 

0 4.56 0.04 -1.2997273114 -1.2997273114 -1.2997273114 -1.2997273114 -1.2997273114 -1.2997273114 -1.2997273114 -1.2997273114 -1.2997273114 -1.2997273114 
1 4.56 0.04 -1.29970318297 -1.29970318297 -1.29970318297 -1.29970318297 -1.29970318297 -1.29970318297 -1.29970318297 -1.29970318297 -1.29970318297 -1.29970318297 

0 4.6 0.04 -1.31639234714 -1.31639234714 -1.31639234714 -1.31639234714 -1.31639234714 -1.31639234714 -1.31639234714 -1.31639234714 -1.31639234714 -1.31639234714 
1 4.6 0.04 -1.31635826867 -1.31635826867 -1.31635826867 -1.31635826867 -1.31635826867 -1.31635826867 -1.31635826867 -1.31635826867 -1.31635826867 -1.31635826867 

0 4.64 0.04 -1.3164983808 -1.3164983808 -1.3164983808 -1.3164983808 -1.3164983808 -1.3164983808 -1.3164983808 -1.3164983808 -1.3164983808 -1.3164983808 
1 4.64 0.04 -1.31645292622 -1.31645292622 -1.31645292622 -1.31645292622 -1.31645292622 -1.31645292622 -1.31645292622 -1.31645292622 -1.31645292622 -1.31645292622 

0 4.68 0.04 -1.35619919864 -1.35619919864 -1.35619919864 -1.35619919864 -1.35619919864 -1.35619919864 -1.35619919864 -1.35619919864 -1.35619919864 -1.35619919864 
1 4.68 0.04 -1.35614483257 -1.35614483257 -1.35614483257 -1.35614483257 -1.35614483257 -1.35614483257 -1.35614483257 -1.35614483257 -1.35614483257 -1.35614483257 

0 4.72 0.04 -1.38992627768 -1.38992627768 -1.38992627768 -1.38992627768 -1.38992627768 -1.38992627768 -1.38992627768 -1.38992627768 -1.38992627768 -1.38992627768 
1 4.72 0.04 -1.3898644884 -1.3898644884 -1.3898644884 -1.3898644884 -1.3898644884 -1.3898644884 -1.3898644884 -1.3898644884 -1.3898644884 -1.3898644884 

0 4.76 0.04 -1.42495531001 -1.42495531001 -1.42495531001 -1.42495531001 -1.42495531001 -1.42495531001 -1.42495531001 -1.42495531001 -1.42495531001 -1.42495531001 
1 4.76 0.04 -1.42488301331 -1.42488301331 -1.42488301331 -1.42488301331 -1.42488301331 -1.42488301331 -1.42488301331 -1.42488301331 -1.42488301331 -1.42488301331 

0 4.8 0.04 -1.48810106598 -1.48810106598 -1.48810106598 -1.48810106598 -1.48810106598 -1.48810106598 -1.48810106598 -1.48810106598 -1.48810106598 -1.48810106598 
1 4.8 0.04 -1.48802808137 -1.48802808137 -1.48802808137 -1.48802808137 -1.48802808137 -1.48802808137 -1.48802808137 -1.48802808137 -1.48802808137 -1.48802808137 

0 4.84 0.04 -1.5442002796 -1.5442002796 -1.5442002796 -1.5442002796 -1.5442002796 -1.5442002796 -1.5442002796 -1.5442002796 -1.5442002796 -1.5442002796 
1 4.84 0.04 -1.54411727677 -1.54411727677 -1.54411727677 -1.54411727677 -1.54411727677 -1.54411727677 -1.54411727677 -1.54411727677 -1.54411727677 -1.54411727677 

0 4.88 0.04 -1.62393278801 -1.62393278801 -1.62393278801 -1.62393278801 -1.62393278801 -1.62393278801 -1.62393278801 -1.62393278801 -1.62393278801 -1.62393278801 
1 4.88 0.04 -1.62383630333 -1.62383630333 -1.62383630333 -1.62383630333 -1.62383630333 -1.62383630333 -1.62383630333 -1.62383630333 -1.62383630333 -1.62383630333 

0 4.92 0.04 -1.68899141656 -1.68899141656 -1.68899141656 -1.68899141656 -1.68899141656 -1.68899141656 -1.68899141656 -1.68899141656 -1.68899141656 -1.68899141656 
1 4.92 0.04 -1.68889201145 -1.68889201145 -1.68889201145 -1.68889201145 -1.68889201145 -1.68889201145 -1.68889201145 -1.68889201145 -1.68889201145 -1.68889201145 

0 4.96 0.04 -1.74338279553 -1.74338279553 -1.74338279553 -1.74338279553 -1.74338279553 -1.74338279553 -1.74338279553 -1.74338279553 -1.74338279553 -1.74338279553 
1 4.96 0.04 -1.74328307985 -1.74328307985 -1.74328307985 -1.74328307985 -1.74328307985 -1.74328307985 -1.74328307985 -1.74328307985 -1.74328307985 -1.74328307985 

0 5 0.04 -1.75517144877 -1.75517144877 -1.75517144877 -1.75517144877 -1.75517144877 -1.75517144877 -1.75517144877 -1.75517144877 -1.75517144877 -1.75517144877 
1 5 0.04 -1.75508853666 -1.75508853666 -1.75508853666 -1.75508853666 -1.75508853666 -1.75508853666 -1.75508853666 -1.75508853666 -1.75508853666 -1.75508853666 

0 5.04 0.04 -1.78364912624 -1.78364912624 -1.78364912624 -1.78364912624 -1.78364912624 -1.78364912624 -1.78364912624 -1.78364912624 -1.78364912624 -1.78364912624 
1 5.04 0.04 -1.78356607323 -1.78356607323 -1.78356607323 -1.78356607323 -1.78356607323 -1.78356607323 -1.78356607323 -1.78356607323 -1.78356607323 -1.78356607323 

0 5.08 0.04 -1.75223925861 -1.75223925861 -1.75223925861 -1.75223925861 -1.75223925861 -1.75223925861 -1.75223925861 -1.75223925861 -1.75223925861 -1.75223925861 
1 5.08 0.04 -1.75214987838 -1.75214987838 -1.75214987838 -1.75214987838 -1.75214987838 -1.75214987838 -1.75214987838 -1.75214987838 -1.75214987838 -1.75214987838 

0 5.12 0.04 -1.75957768086 -1.75957768086 -1.75957768086 -1.75957768086 -1.75957768086 -1.75957768086 -1.75957768086 -1.75957768086 -1.75957768086 -1.75957768086 
1 5.12 0.04 -1.75949278601 -1.75949278601 -1.75949278601 -1.75949278601 -1.75949278601 -1.75949278601 -1.75949278601 -1.75949278601 -1.75949278601 -1.75949278601 

0 5.16 0.04 -1.76588171839 -1.76588171839 -1.76588171839 -1.76588171839 -1.76588171839 -1.76588171839 -1.76588171839 -1.76588171839 -1.76588171839 -1.76588171839 
1 5.16 0.04 -1.76581046344 -1.76581046344 -1.76581046344 -1.76581046344 -1.76581046344 -1.76581046344 -1.76581046344 -1.76581046344 -1.76581046344 -1.76581046344 

0 5.2 0.04 -1.7928372829 -1.7928372829 -1.7928372829 -1.7928372829 -1.7928372829 -1.7928372829 -1.7928372829 -1.7928372829 -1.7928372829 -1.7928372829 
1 5.2 0.04 -1.79278860195 -1.79278860195 -1.79278860195 -1.79278860195 -1.79278860195 -1.79278860195 -1.79278860195 -1.79278860195 -1.79278860195 -1.79278860195 

0 5.24 0.04 -1.77751173949 -1.77751173949 -1.77751173949 -1.77751173949 -1.77751173949 -1.77751173949 -1.77751173949 -1.77751173949 -1.77751173949 -1.77751173949 
1 5.24 0.04 -1.77746599695 -1.77746599695 -1.77746599695 -1.77746599695 -1.77746599695 -1.77746599695 -1.77746599695 -1.77746599695 -1.77746599695 -1.77746599695 

0 5.28 0.04 -1.82949859602 -1.82949859602 -1.82949859602 -1.82949859602 -1.82949859602 -1.82949859602 -1.82949859602 -1.82949859602 -1.82949859602 -1.82949859602 
1 5.28 0.04 -1.82945472045 -1.82945472045 -1.82945472045 -1.82945472045 -1.82945472045 -1.82945472045 -1.82945472045 -1.82945472045 -1.82945472045 -1.82945472045 

0 5.32 0.04 -1.87379474863 -1.87379474863 -1.87379474863 -1.87379474863 -1.87379474863 -1.87379474863 -1.87379474863 -1.87379474863 -1.87379474863 -1.87379474863 
1 5.32 0.04 -1.87375351276 -1.87375351276 -1.87375351276 -1.87375351276 -1.87375351276 -1.87375351276 -1.87375351276 -1.87375351276 -1.87375351276 -1.87375351276 

0 5.36 0.04 -1.92001104518 -1.92001104518 -1.92001104518 -1.92001104518 -1.92001104518 -1.92001104518 -1.92001104518 -1.92001104518 -1.92001104518 -1.92001104518 
1 5.36 0.04 -1.91997276124 -1.91997276124 -1.91997276124 -1.91997276124 -1.91997276124 -1.91997276124 -1.91997276124 -1.91997276124 -1.91997276124 -1.91997276124 

0 5.4 0.04 -1.92255746074 -1.92255746074 -1.92255746074 -1.92255746074 -1.92255746074 -1.92255746074 -1.92255746074 -1.92255746074 -1.92255746074 -1.92255746074 
1 5.4 0.04 -1.92251604254 -1.92251604254 -1.92251604254 -1.92251604254 -1.92251604254 -1.92251604254 -1.92251604254 -1.92251604254 -1.92251604254 -1.92251604254 

0 5.44 0.04 -1.96201648893 -1.96201648893 -1.96201648893 -1.96201648893 -1.96201648893 -1.96201648893 -1.96201648893 -1.96201648893 -1.96201648893 -1.96201648893 
1 5.44 0.04 -1.96197447966 -1.96197447966 -1.96197447966 -1.96197447966 -1.96197447966 -1.96197447966 -1.96197447966 -1.96197447966 -1.96197447966 -1.96197447966 

0 5.48 0.04 -2.00016636763 -2.00016636763 -2.00016636763 -2.00016636763 -2.00016636763 -2.00016636763 -2.00016636763 -2.00016636763 -2.00016636763 -2.00016636763 
1 5.48 0.04 -2.00012486001 -2.00012486001 -2.00012486001 -2.00012486001 -2.00012486001 -2.00012486001 -2.00012486001 -2.00012486001 -2.00012486001 -2.00012486001 

0 5.52 0.04 -1.97567326158 -1.97567326158 -1.97567326158 -1.97567326158 -1.97567326158 -1.97567326158 -1.97567326158 -1.97567326158 -1.97567326158 -1.97567326158 
1 5.52 0.04 -1.97563622274 -1.97563622274 -1.97563622274 -1.97563622274 -1.97563622274 -1.97563622274 -1.97563622274 -1.97563622274 -1.97563622274 -1.97563622274 

0 5.56 0.04 -2.00400292931 -2.00400292931 -2.00400292931 -2.00400292931 -2.00400292931 -2.00400292931 -2.00400292931 -2.00400292931 -2.00400292931 -2.00400292931 
1 5.56 0.04 -2.00396539902 -2.00396539902 -2.00396539902 -2.00396539902 -2.00396539902 -2.00396539902 -2.00396539902 -2.00396539902 -2.00396539902 -2.00396539902 

0 5.6 0.04 -1.96567436455 -1.96567436455 -1.96567436455 -1.96567436455 -1.96567436455 -1.96567436455 -1.96567436455 -1.96567436455 -1.96567436455 -1.96567436455 
1 5.6 0.04 -1.96563984754 -1.96563984754 -1.96563984754 -1.96563984754 -1.96563984754 -1.96563984754 -1.96563984754 -1.96563984754 -1.96563984754 -1.96563984754 

0 5.64 0.04 -1.99577863049 -1.99577863049 -1.99577863049 -1.99577863049 -1.99577863049 -1.99577863049 -1.99577863049 -1.99577863049 -1.99577863049 -1.99577863049 
1 5.64 0.04 -1.99574430387 -1.99574430387 -1.99574430387 -1.99574430387 -1.99574430387 -1.99574430387 -1.99574430387 -1.99574430387 -1.99574430387 -1.99574430387 

0 5.68 0.04 -2.01416018461 -2.01416018461 -2.01416018461 -2.01416018461 -2.01416018461 -2.01416018461 -2.01416018461 -2.01416018461 -2.01416018461 -2.01416018461 
1 5.68 0.04 -2.01412823964 -2.01412823964 -2.01412823964 -2.01412823964 -2.01412823964 -2.01412823964 -2.01412823964 -2.01412823964 -2.01412823964 -2.01412823964 

0 5.72 0.04 -1.97388939112 -1.97388939112 -1.97388939112 -1.97388939112 -1.97388939112 -1.97388939112 -1.97388939112 -1.97388939112 -1.97388939112 -1.97388939112 
1 5.72 0.04 -1.97385837485 -1.97385837485 -1.97385837485 -1.97385837485 -1.97385837485 -1.97385837485 -1.97385837485 -1.97385837485 -1.97385837485 -1.97385837485 

0 5.76 0.04 -1.99396334233 -1.99396334233 -1.99396334233 -1.99396334233 -1.99396334233 -1.99396334233 -1.99396334233 -1.99396334233 -1.99396334233 -1.99396334233 
1 5.76 0.04 -1.99393501376 -1.99393501376 -1.99393501376 -1.99393501376 -1.99393501376 -1.99393501376 -1.99393501376 -1.99393501376 -1.99393501376 -1.99393501376 

0 5.8 0.04 -1.99548581439 -1.99548581439 -1.99548581439 -1.99548581439 -1.99548581439 -1.99548581439 -1.99548581439 -1.99548581439 -1.99548581439 -1.99548581439 
1 5.8 0.04 -1.99545892749 -1.99545892749 -1.99545892749 -1.99545892749 -1.99545892749 -1.99545892749 -1.99545892749 -1.99545892749 -1.99545892749 -1.99545892749 

0 5.84 0.04 -1.96002500383 -1.96002500383 -1.96002500383 -1.96002500383 -1.96002500383 -1.96002500383 -1.96002500383 -1.96002500383 -1.96002500383 -1.96002500383 
1 5.84 0.04 -1.9600013429 -1.9600013429 -1.9600013429 -1.9600013429 -1.9600013429 -1.9600013429 -1.9600013429 -1.9600013429 -1.9600013429 -1.9600013429 

0 5.88 0.04 -1.96930718215 -1.96930718215 -1.96930718215 -1.96930718215 -1.96930718215 -1.96930718215 -1.96930718215 -1.96930718215 -1.96930718215 -1.96930718215 
1 5.88 0.04 -1.96928281367 -1.96928281367 -1.96928281367 -1.96928281367 -1.96928281367 -1.96928281367 -1.96928281367 -1.96928281367 -1.96928281367 -1.96928281367 

0 5.92 0.04 -1.9561381996 -1.9561381996 -1.9561381996 -1.9561381996 -1.9561381996 -1.9561381996 -1.9561381996 -1.9561381996 -1.9561381996 -1.9561381996 
1 5.92 0.04 -1.95611411444 -1.95611411444 -1.95611411444 -1.95611411444 -1.95611411444 -1.95611411444 -1.95611411444 -1.95611411444 -1.95611411444 -1.95611411444 

0 5.96 0.04 -1.95324806798 -1.95324806798 -1.95324806798 -1.95324806798 -1.95324806798 -1.95324806798 -1.95324806798 -1.95324806798 -1.95324806798 -1.95324806798 
1 5.96 0.04 -1.95322632643 -1.95322632643 -1.95322632643 -1.95322632643 -1.95322632643 -1.95322632643 -1.95322632643 -1.95322632643 -1.95322632643 -1.95322632643 

0 6 0.04 -1.94940785716 -1.94940785716 -1.94940785716 -1.94940785716 -1.94940785716 -1.94940785716 -1.94940785716 -1.94940785716 -1.94940785716 -1.94940785716 
1 6 0.04 -1.94938654131 -1.94938654131 -1.94938654131 -1.94938654131 -1.94938654131 -1.94938654131 -1.94938654131 -1.94938654131 -1.94938654131 -1.94938654131 

0 6.04 0.04 -1.92447819949 -1.92447819949 -1.92447819949 -1.92447819949 -1.92447819949 -1.92447819949 -1.92447819949 -1.92447819949 -1.92447819949 -1.92447819949 
1 6.04 0.04 -1.92445747534 -1.92445747534 -1.92445747534 -1.92445747534 -1.92445747534 -1.92445747534 -1.92445747534 -1.92445747534 -1.92445747534 -1.92445747534 

0 6.08 0.04 -1.91758908216 -1.91758908216 -1.91758908216 -1.91758908216 -1.91758908216 -1.91758908216 -1.91758908216 -1.91758908216 -1.91758908216 -1.91758908216 
1 6.08 0.04 -1.91756798131 -1.91756798131 -1.91756798131 -1.91756798131 -1.91756798131 -1.91756798131 -1.91756798131 -1.91756798131 -1.91756798131 -1.91756798131 

0 6.12 0.04 -1.8933143472 -1.8933143472 -1.8933143472 -1.8933143472 -1.8933143472 -1.8933143472 -1.8933143472 -1.8933143472 -1.8933143472 -1.8933143472 
1 6.12 0.04 -1.89329204632 -1.89329204632 -1.89329204632 -1.89329204632 -1.89329204632 -1.89329204632 -1.89329204632 -1.89329204632 -1.89329204632 -1.89329204632 

0 6.16 0.04 -1.86074872003 -1.86074872003 -1.86074872003 -1.86074872003 -1.86074872003 -1.86074872003 -1.86074872003 -1.86074872003 -1.86074872003 -1.86074872003 
1 6.16 0.04 -1.86072227803 -1.86072227803 -1.86072227803 -1.86072227803 -1.86072227803 -1.86072227803 -1.86072227803 -1.86072227803 -1.86072227803 -1.86072227803 

0 6.2 0.04 -1.82900540567 -1.82900540567 -1.82900540567 -1.82900540567 -1.82900540567 -1.82900540567 -1.82900540567 -1.82900540567 -1.82900540567 -1.82900540567 
1 6.2 0.04 -1.82897540735 -1.82897540735 -1.82897540735 -1.82897540735 -1.82897540735 -1.82897540735 -1.82897540735 -1.82897540735 -1.82897540735 -1.82897540735 

0 6.24 0.04 -1.77915468011 -1.77915468011 -1.77915468011 -1.77915468011 -1.77915468011 -1.77915468011 -1.77915468011 -1.77915468011 -1.77915468011 -1.77915468011 
1 6.24 0.04 -1.77912203903 -1.77912203903 -1.77912203903 -1.77912203903 -1.77912203903 -1.77912203903 -1.77912203903 -1.77912203903 -1.77912203903 -1.77912203903 

0 6.28 0.04 -1.73967307643 -1.73967307643 -1.73967307643 -1.73967307643 -1.73967307643 -1.73967307643 -1.73967307643 -1.73967307643 -1.73967307643 -1.73967307643 
1 6.28 0.04 -1.73963450314 -1.73963450314 -1.73963450314 -1.73963450314 -1.73963450314 -1.73963450314 -1.73963450314 -1.73963450314 -1.73963450314 -1.73963450314 

0 6.32 0.04 -1.68965339604 -1.68965339604 -1.68965339604 -1.68965339604 -1.68965339604 -1.68965339604 -1.68965339604 -1.68965339604 -1.68965339604 -1.68965339604 
1 6.32 0.04 -1.68960934506 -1.68960934506 -1.68960934506 -1.68960934506 -1.68960934506 -1.68960934506 -1.68960934506 -1.68960934506 -1.68960934506 -1.68960934506 

0 6.36 0.04 -1.62176905281 -1.62176905281 -1.62176905281 -1.62176905281 -1.62176905281 -1.62176905281 -1.62176905281 -1.62176905281 -1.62176905281 -1.62176905281 
1 6.36 0.04 -1.62171835582 -1.62171835582 -1.62171835582 -1.62171835582 -1.62171835582 -1.62171835582 -1.62171835582 -1.62171835582 -1.62171835582 -1.62171835582 

0 6.4 0.04 -1.57501731439 -1.57501731439 -1.57501731439 -1.57501731439 -1.57501731439 -1.57501731439 -1.57501731439 -1.57501731439 -1.57501731439 -1.57501731439 
1 6.4 0.04 -1.57496143177 -1.57496143177 -1.57496143177 -1.57496143177 -1.57496143177 -1.57496143177 -1.57496143177 -1.57496143177 -1.57496143177 -1.57496143177 

0 6.44 0.04 -1.51066758951 -1.51066758951 -1.51066758951 -1.51066758951 -1.51066758951 -1.51066758951 -1.51066758951 -1.51066758951 -1.51066758951 -1.51066758951 
1 6.44 0.04 -1.510607078 -1.510607078 -1.510607078 -1.510607078 -1.510607078 -1.510607078 -1.510607078 -1.510607078 -1.510607078 -1.510607078 

0 6.48 0.04 -1.41282177747 -1.41282177747 -1.41282177747 -1.41282177747 -1.41282177747 -1.41282177747 -1.41282177747 -1.41282177747 -1.41282177747 -1.41282177747 
1 6.48 0.04 -1.4127515253 -1.4127515253 -1.4127515253 -1.4127515253 -1.4127515253 -1.4127515253 -1.4127515253 -1.4127515253 -1.4127515253 -1.4127515253 

0 6.52 0.04 -1.37598621034 -1.37598621034 -1.37598621034 -1.37598621034 -1.37598621034 -1.37598621034 -1.37598621034 -1.37598621034 -1.37598621034 -1.37598621034 
1 6.52 0.04 -1.37591176912 -1.37591176912 -1.37591176912 -1.37591176912 -1.37591176912 -1.37591176912 -1.37591176912 -1.37591176912 -1.37591176912 -1.37591176912 

0 6.56 0.04 -1.27001780863 -1.27001780863 -1.27001780863 -1.27001780863 -1.27001780863 -1.27001780863 -1.27001780863 -1.27001780863 -1.27001780863 -1.27001780863 
1 6.56 0.04 -1.26993569522 -1.26993569522 -1.26993569522 -1.26993569522 -1.26993569522 -1.26993569522 -1.26993569522 -1.26993569522 -1.26993569522 -1.26993569522 

0 6.6 0.04 -1.27528078432 -1.27528078432 -1.27528078432 -1.27528078432 -1.27528078432 -1.27528078432 -1.27528078432 -1.27528078432 -1.27528078432 -1.27528078432 
1 6.6 0.04 -1.27519783996 -1.27519783996 -1.27519783996 -1.27519783996 -1.27519783996 -1.27519783996 -1.27519783996 -1.27519783996 -1.27519783996 -1.27519783996 

0 6.64 0.04 -1.26307834102 -1.26307834102 -1.26307834102 -1.26307834102 -1.26307834102 -1.26307834102 -1.26307834102 -1.26307834102 -1.26307834102 -1.26307834102 
1 6.64 0.04 -1.26299723387 -1.26299723387 -1.26299723387 -1.26299723387 -1.26299723387 -1.26299723387 -1.26299723387 -1.26299723387 -1.26299723387 -1.26299723387 

0 6.68 0.04 -1.22964381676 -1.22964381676 -1.22964381676 -1.22964381676 -1.22964381676 -1.22964381676 -1.22964381676 -1.22964381676 -1.22964381676 -1.22964381676 
1 6.68 0.04 -1.22956921937 -1.22956921937 -1.22956921937 -1.22956921937 -1.22956921937 -1.22956921937 -1.22956921937 -1.22956921937 -1.22956921937 -1.22956921937 

0 6.72 0.04 -1.25106696093 -1.25106696093 -1.25106696093 -1.25106696093 -1.25106696093 -1.25106696093 -1.25106696093 -1.25106696093 -1.25106696093 -1.25106696093 
1 6.72 0.04 -1.25099775715 -1.25099775715 -1.25099775715 -1.25099775715 -1.25099775715 -1.25099775715 -1.25099775715 -1.25099775715 -1.25099775715 -1.25099775715 

0 6.76 0.04 -1.21023445922 -1.21023445922 -1.21023445922 -1.21023445922 -1.21023445922 -1.21023445922 -1.21023445922 -1.21023445922 -1.21023445922 -1.21023445922 
1 6.76 0.04 -1.21017683219 -1.21017683219 -1.21017683219 -1.21017683219 -1.21017683219 -1.21017683219 -1.21017683219 -1.21017683219 -1.21017683219 -1.21017683219 

0 6.8 0.04 -1.24055386152 -1.24055386152 -1.24055386152 -1.24055386152 -1.24055386152 -1.24055386152 -1.24055386152 -1.24055386152 -1.24055386152 -1.24055386152 
1 6.8 0.04 -1.24050012139 -1.24050012139 -1.24050012139 -1.24050012139 -1.24050012139 -1.24050012139 -1.24050012139 -1.24050012139 -1.24050012139 -1.24050012139 

0 6.84 0.04 -1.25508154347 -1.25508154347 -1.25508154347 -1.25508154347 -1.25508154347 -1.25508154347 -1.25508154347 -1.25508154347 -1.25508154347 -1.25508154347 
1 6.84 0.04 -1.25503459303 -1.25503459303 -1.25503459303 -1.25503459303 -1.25503459303 -1.25503459303 -1.25503459303 -1.25503459303 -1.25503459303 -1.25503459303 

0 6.88 0.04 -1.23222771264 -1.23222771264 -1.23222771264 -1.23222771264 -1.23222771264 -1.23222771264 -1.23222771264 -1.23222771264 -1.23222771264 -1.23222771264 
1 6.88 0.04 -1.23218838994 -1.23218838994 -1.23218838994 -1.23218838994 -1.23218838994 -1.23218838994 -1.23218838994 -1.23218838994 -1.23218838994 -1.23218838994 

0 6.92 0.04 -1.25935440501 -1.25935440501 -1.25935440501 -1.25935440501 -1.25935440501 -1.25935440501 -1.25935440501 -1.25935440501 -1.25935440501 -1.25935440501 
1 6.92 0.04 -1.25931699881 -1.25931699881 -1.25931699881 -1.25931699881 -1.25931699881 -1.25931699881 -1.25931699881 -1.25931699881 -1.25931699881 -1.25931699881 

0 6.96 0.04 -1.22866325722 -1.22866325722 -1.22866325722 -1.22866325722 -1.22866325722 -1.22866325722 -1.22866325722 -1.22866325722 -1.22866325722 -1.22866325722 
1 6.96 0.04 -1.22862991058 -1.22862991058 -1.22862991058 -1.22862991058 -1.22862991058 -1.22862991058 -1.22862991058 -1.22862991058 -1.22862991058 -1.22862991058 

0 7 0.04 -1.26157144915 -1.26157144915 -1.26157144915 -1.26157144915 -1.26157144915 -1.26157144915 -1.26157144915 -1.26157144915 -1.26157144915 -1.26157144915 
1 7 0.04 -1.26154338562 -1.26154338562 -1.26154338562 -1.26154338562 -1.26154338562 -1.26154338562 -1.26154338562 -1.26154338562 -1.26154338562 -1.26154338562 

0 7.04 0.04 -1.23700401284 -1.23700401284 -1.23700401284 -1.23700401284 -1.23700401284 -1.23700401284 -1.23700401284 -1.23700401284 -1.23700401284 -1.23700401284 
1 7.04 0.04 -1.23697460153 -1.23697460153 -1.23697460153 -1.23697460153 -1.23697460153 -1.23697460153 -1.23697460153 -1.23697460153 -1.23697460153 -1.23697460153 

0 7.08 0.04 -1.27431331509 -1.27431331509 -1.27431331509 -1.27431331509 -1.27431331509 -1.27431331509 -1.27431331509 -1.27431331509 -1.27431331509 -1.27431331509 
1 7.08 0.04 -1.27428447142 -1.27428447142 -1.27428447142 -1.27428447142 -1.27428447142 -1.27428447142 -1.27428447142 -1.27428447142 -1.27428447142 -1.27428447142 

0 7.12 0.04 -1.30890934042 -1.30890934042 -1.30890934042 -1.30890934042 -1.30890934042 -1.30890934042 -1.30890934042 -1.30890934042 -1.30890934042 -1.30890934042 
1 7.12 0.04 -1.30888269416 -1.30888269416 -1.30888269416 -1.30888269416 -1.30888269416 -1.30888269416 -1.30888269416 -1.30888269416 -1.30888269416 -1.30888269416 

0 7.16 0.04 -1.31087029224 -1.31087029224 -1.31087029224 -1.31087029224 -1.31087029224 -1.31087029224 -1.31087029224 -1.31087029224 -1.31087029224 -1.31087029224 
1 7.16 0.04 -1.31084780367 -1.31084780367 -1.31084780367 -1.31084780367 -1.31084780367 -1.31084780367 -1.31084780367 -1.31084780367 -1.31084780367 -1.31084780367 

0 7.2 0.04 -1.35324785906 -1.35324785906 -1.35324785906 -1.35324785906 -1.35324785906 -1.35324785906 -1.35324785906 -1.35324785906 -1.35324785906 -1.35324785906 
1 7.2 0.04 -1.3532254915 -1.3532254915 -1.3532254915 -1.3532254915 -1.3532254915 -1.3532254915 -1.3532254915 -1.3532254915 -1.3532254915 -1.3532254915 

0 7.24 0.04 -1.35926983242 -1.35926983242 -1.35926983242 -1.35926983242 -1.35926983242 -1.35926983242 -1.35926983242 -1.35926983242 -1.35926983242 -1.35926983242 
1 7.24 0.04 -1.35924880687 -1.35924880687 -1.35924880687 -1.35924880687 -1.35924880687 -1.35924880687 -1.35924880687 -1.35924880687 -1.35924880687 -1.35924880687 

0 7.28 0.04 -1.40276692186 -1.40276692186 -1.40276692186 -1.40276692186 -1.40276692186 -1.40276692186 -1.40276692186 -1.40276692186 -1.40276692186 -1.40276692186 
1 7.28 0.04 -1.40274472518 -1.40274472518 -1.40274472518 -1.40274472518 -1.40274472518 -1.40274472518 -1.40274472518 -1.40274472518 -1.40274472518 -1.40274472518 

0 7.32 0.04 -1.42312055455 -1.42312055455 -1.42312055455 -1.42312055455 -1.42312055455 -1.42312055455 -1.42312055455 -1.42312055455 -1.42312055455 -1.42312055455 
1 7.32 0.04 -1.42309962473 -1.42309962473 -1.42309962473 -1.42309962473 -1.42309962473 -1.42309962473 -1.42309962473 -1.42309962473 -1.42309962473 -1.42309962473 

0 7.36 0.04 -1.46723793023 -1.46723793023 -1.46723793023 -1.46723793023 -1.46723793023 -1.46723793023 -1.46723793023 -1.46723793023 -1.46723793023 -1.46723793023 
1 7.36 0.04 -1.46721739301 -1.46721739301 -1.46721739301 -1.46721739301 -1.46721739301 -1.46721739301 -1.46721739301 -1.46721739301 -1.46721739301 -1.46721739301 

0 7.4 0.04 -1.49581692505 -1.49581692505 -1.49581692505 -1.49581692505 -1.49581692505 -1.49581692505 -1.49581692505 -1.49581692505 -1.49581692505 -1.49581692505 
1 7.4 0.04 -1.49579422111 -1.49579422111 -1.49579422111 -1.49579422111 -1.49579422111 -1.49579422111 -1.49579422111 -1.49579422111 -1.49579422111 -1.49579422111 

0 7.44 0.04 -1.53684806515 -1.53684806515 -1.53684806515 -1.53684806515 -1.53684806515 -1.53684806515 -1.53684806515 -1.53684806515 -1.53684806515 -1.53684806515 
1 7.44 0.04 -1.53682844694 -1.53682844694 -1.53682844694 -1.53682844694 -1.53682844694 -1.53682844694 -1.53682844694 -1.53682844694 -1.53682844694 -1.53682844694 

0 7.48 0.04 -1.57163448845 -1.57163448845 -1.57163448845 -1.57163448845 -1.57163448845 -1.57163448845 -1.57163448845 -1.57163448845 -1.57163448845 -1.57163448845 
1 7.48 0.04 -1.57161690537 -1.57161690537 -1.57161690537 -1.57161690537 -1.57161690537 -1.57161690537 -1.57161690537 -1.57161690537 -1.57161690537 -1.57161690537 

0 7.52 0.04 -1.60646884391 -1.60646884391 -1.60646884391 -1.60646884391 -1.60646884391 -1.60646884391 -1.60646884391 -1.60646884391 -1.60646884391 -1.60646884391 
1 7.52 0.04 -1.60645188732 -1.60645188732 -1.60645188732 -1.60645188732 -1.60645188732 -1.60645188732 -1.60645188732 -1.60645188732 -1.60645188732 -1.60645188732 

0 7.56 0.04 -1.63059000266 -1.63059000266 -1.63059000266 -1.63059000266 -1.63059000266 -1.63059000266 -1.63059000266 -1.63059000266 -1.63059000266 -1.63059000266 
1 7.56 0.04 -1.63057485194 -1.63057485194 -1.63057485194 -1.63057485194 -1.63057485194 -1.63057485194 -1.63057485194 -1.63057485194 -1.63057485194 -1.63057485194 

0 7.6 0.04 -1.63775856173 -1.63775856173 -1.63775856173 -1.63775856173 -1.63775856173 -1.63775856173 -1.63775856173 -1.63775856173 -1.63775856173 -1.63775856173 
1 7.6 0.04 -1.63774285712 -1.63774285712 -1.63774285712 -1.63774285712 -1.63774285712 -1.63774285712 -1.63774285712 -1.63774285712 -1.63774285712 -1.63774285712 

0 7.64 0.04 -1.63534372539 -1.63534372539 -1.63534372539 -1.63534372539 -1.63534372539 -1.63534372539 -1.63534372539 -1.63534372539 -1.63534372539 -1.63534372539 
1 7.64 0.04 -1.6353268694 -1.6353268694 -1.6353268694 -1.6353268694 -1.6353268694 -1.6353268694 -1.6353268694 -1.6353268694 -1.6353268694 -1.6353268694 

0 7.68 0.04 -1.62895503363 -1.62895503363 -1.62895503363 -1.62895503363 -1.62895503363 -1.62895503363 -1.62895503363 -1.62895503363 -1.62895503363 -1.62895503363 
1 7.68 0.04 -1.62894010882 -1.62894010882 -1.62894010882 -1.62894010882 -1.62894010882 -1.62894010882 -1.62894010882 -1.62894010882 -1.62894010882 -1.62894010882 

0 7.72 0.04 -1.60091775083 -1.60091775083 -1.60091775083 -1.60091775083 -1.60091775083 -1.60091775083 -1.60091775083 -1.60091775083 -1.60091775083 -1.60091775083 
1 7.72 0.04 -1.60090276976 -1.60090276976 -1.60090276976 -1.60090276976 -1.60090276976 -1.60090276976 -1.60090276976 -1.60090276976 -1.60090276976 -1.60090276976 

0 7.76 0.04 -1.57143265113 -1.57143265113 -1.57143265113 -1.57143265113 -1.57143265113 -1.57143265113 -1.57143265113 -1.57143265113 -1.57143265113 -1.57143265113 
1 7.76 0.04 -1.57142052883 -1.57142052883 -1.57142052883 -1.57142052883 -1.57142052883 -1.57142052883 -1.57142052883 -1.57142052883 -1.57142052883 -1.57142052883 

0 7.8 0.04 -1.52444563637 -1.52444563637 -1.52444563637 -1.52444563637 -1.52444563637 -1.52444563637 -1.52444563637 -1.52444563637 -1.52444563637 -1.52444563637 
1 7.8 0.04 -1.5244345903 -1.5244345903 -1.5244345903 -1.5244345903 -1.5244345903 -1.5244345903 -1.5244345903 -1.5244345903 -1.5244345903 -1.5244345903 

0 7.84 0.04 -1.49318712178 -1.49318712178 -1.49318712178 -1.49318712178 -1.49318712178 -1.49318712178 -1.49318712178 -1.49318712178 -1.49318712178 -1.49318712178 
1 7.84 0.04 -1.49317707486 -1.49317707486 -1.49317707486 -1.49317707486 -1.49317707486 -1.49317707486 -1.49317707486 -1.49317707486 -1.49317707486 -1.49317707486 

0 7.88 0.04 -1.44100864139 -1.44100864139 -1.44100864139 -1.44100864139 -1.44100864139 -1.44100864139 -1.44100864139 -1.44100864139 -1.44100864139 -1.44100864139 
1 7.88 0.04 -1.44099962695 -1.44099962695 -1.44099962695 -1.44099962695 -1.44099962695 -1.44099962695 -1.44099962695 -1.44099962695 -1.44099962695 -1.44099962695 

0 7.92 0.04 -1.4120952051 -1.4120952051 -1.4120952051 -1.4120952051 -1.4120952051 -1.4120952051 -1.4120952051 -1.4120952051 -1.4120952051 -1.4120952051 
1 7.92 0.04 -1.41208778236 -1.41208778236 -1.41208778236 -1.41208778236 -1.41208778236 -1.41208778236 -1.41208778236 -1.41208778236 -1.41208778236 -1.41208778236 

0 7.96 0.04 -1.36667564653 -1.36667564653 -1.36667564653 -1.36667564653 -1.36667564653 -1.36667564653 -1.36667564653 -1.36667564653 -1.36667564653 -1.36667564653 
1 7.96 0.04 -1.36666969034 -1.36666969034 -1.36666969034 -1.36666969034 -1.36666969034 -1.36666969034 -1.36666969034 -1.36666969034 -1.36666969034 -1.36666969034 

0 8 0.04 -1.41016680223 -1.41016680223 -1.41016680223 -1.41016680223 -1.41016680223 -1.41016680223 -1.41016680223 -1.41016680223 -1.41016680223 -1.41016680223 
1 8 0.04 -1.41016206868 -1.41016206868 -1.41016206868 -1.41016206868 -1.41016206868 -1.41016206868 -1.41016206868 -1.41016206868 -1.41016206868 -1.41016206868 

0 8.04 0.04 -1.23591420958 -1.23591420958 -1.23591420958 -1.23591420958 -1.23591420958 -1.23591420958 -1.23591420958 -1.23591420958 -1.23591420958 -1.23591420958 
1 8.04 0.04 -1.23590963651 -1.23590963651 -1.23590963651 -1.23590963651 -1.23590963651 -1.23590963651 -1.23590963651 -1.23590963651 -1.23590963651 -1.23590963651 

0 8.08 0.04 -0.959042462147 -0.959042462147 -0.959042462147 -0.959042462147 -0.959042462147 -0.959042462147 -0.959042462147 -0.959042462147 -0.959042462147 -0.959042462147 
1 8.08 0.04 -0.959038774726 -0.959038774726 -0.959038774726 -0.959038774726 -0.959038774726 -0.959038774726 -0.959038774726 -0.959038774726 -0.959038774726 -0.959038774726 

0 8.12 0.04 -0.636377286767 -0.636377286767 -0.636377286767 -0.636377286767 -0.636377286767 -0.636377286767 -0.636377286767 -0.636377286767 -0.636377286767 -0.636377286767 
1 8.12 0.04 -0.63637468881 -0.63637468881 -0.63637468881 -0.63637468881 -0.63637468881 -0.63637468881 -0.63637468881 -0.63637468881 -0.63637468881 -0.63637468881 

0 8.16 0.04 -0.326733114766 -0.326733114766 -0.326733114766 -0.326733114766 -0.326733114766 -0.326733114766 -0.326733114766 -0.326733114766 -0.326733114766 -0.326733114766 
1 8.16 0.04 -0.326730721666 -0.326730721666 -0.326730721666 -0.326730721666 -0.326730721666 -0.326730721666 -0.326730721666 -0.326730721666 -0.326730721666 -0.326730721666 

0 8.2 0.04 -0.0370504959159 -0.0370504959159 -0.0370504959159 -0.0370504959159 -0.0370504959159 -0.0370504959159 -0.0370504959159 -0.0370504959159 -0.0370504959159 -0.0370504959159 
1 8.2 0.04 -0.0370495095389 -0.0370495095389 -0.0370495095389 -0.0370495095389 -0.0370495095389 -0.0370495095389 -0.0370495095389 -0.0370495095389 -0.0370495095389 -0.0370495095389 

0 8.24 0.04 0.246576332939 0.246576332939 0.246576332939 0.246576332939 0.246576332939 0.246576332939 0.246576332939 0.246576332939 0.246576332939 0.246576332939 
1 8.24 0.04 0.246575604246 0.246575604246 0.246575604246 0.246575604246 0.246575604246 0.246575604246 0.246575604246 0.246575604246 0.246575604246 0.246575604246 

0 8.28 0.04 0 0 0 0 0 0 0 0 0 0 
1 8.28 0.04 0 0 0 0 0 0 0 0 0 0 

0 8.32 0.04 0 0 0 0 0 0 0 0 0 0 
1 8.32 0.04 0 0 0 0 0 0 0 0 0 0 

0 8.36 0.04 0 0 0 0 0 0 0 0 0 0 
1 8.36 0.04 0 0 0 0 0 0 0 0 0 0 

0 8.4 0.04 0 0 0 0 0 0 0 0 0 0 
1 8.4 0.04 0 0 0 0 0 0 0 0 0 0 

0 8.44 0.04 0 0 0 0 0 0 0 0 0 0 
1 8.44 0.04 0 0 0 0 0 0 0 0 0 0 

0 8.48 0.04 0 0 0 0 0 0 0 0 0 0 
1 8.48 0.04 0 0 0 0 0 0 0 0 0 0 

0 8.52 0.04 0 0 0 0 0 0 0 0 0 0 
1 8.52 0.04 0 0 0 0 0 0 0 0 0 0 

0 8.56 0.04 0 0 0 0 0 0 0 0 0 0 
1 8.56 0.04 0 0 0 0 0 0 0 0 0 0 

0 8.6 0.04 0 0 0 0 0 0 0 0 0 0 
1 8.6 0.04 0 0 0 0 0 0 0 0 0 0 

