#Turbine    Time(s)    dt(s)    Vaxial (m/s)
0 0 0.04 8 8 8 8 8 8 8 8 8 8 
1 0 0.04 8 8 8 8 8 8 8 8 8 8 

0 0.04 0.04 7.99999999996 7.99999999996 7.99999999996 7.99999999996 7.99999999996 7.99999999996 7.99999999996 7.99999999996 7.99999999996 7.99999999996 
1 0.04 0.04 7.99999999996 7.99999999996 7.99999999996 7.99999999996 7.99999999996 7.99999999996 7.99999999996 7.99999999996 7.99999999996 7.99999999996 

0 0.08 0.04 8.02231381322 8.02231381322 8.02231381322 8.02231381322 8.02231381322 8.02231381322 8.02231381322 8.02231381322 8.02231381322 8.02231381322 
1 0.08 0.04 8.02231377247 8.02231377247 8.02231377247 8.02231377247 8.02231377247 8.02231377247 8.02231377247 8.02231377247 8.02231377247 8.02231377247 

0 0.12 0.04 8.02654703902 8.02654703902 8.02654703902 8.02654703902 8.02654703902 8.02654703902 8.02654703902 8.02654703902 8.02654703902 8.02654703902 
1 0.12 0.04 8.02654697957 8.02654697957 8.02654697957 8.02654697957 8.02654697957 8.02654697957 8.02654697957 8.02654697957 8.02654697957 8.02654697957 

0 0.16 0.04 8.0389133008 8.0389133008 8.0389133008 8.0389133008 8.0389133008 8.0389133008 8.0389133008 8.0389133008 8.0389133008 8.0389133008 
1 0.16 0.04 8.0389133977 8.0389133977 8.0389133977 8.0389133977 8.0389133977 8.0389133977 8.0389133977 8.0389133977 8.0389133977 8.0389133977 

0 0.2 0.04 8.04829941469 8.04829941469 8.04829941469 8.04829941469 8.04829941469 8.04829941469 8.04829941469 8.04829941469 8.04829941469 8.04829941469 
1 0.2 0.04 8.04829925428 8.04829925428 8.04829925428 8.04829925428 8.04829925428 8.04829925428 8.04829925428 8.04829925428 8.04829925428 8.04829925428 

0 0.24 0.04 8.05900036856 8.05900036856 8.05900036856 8.05900036856 8.05900036856 8.05900036856 8.05900036856 8.05900036856 8.05900036856 8.05900036856 
1 0.24 0.04 8.05900012277 8.05900012277 8.05900012277 8.05900012277 8.05900012277 8.05900012277 8.05900012277 8.05900012277 8.05900012277 8.05900012277 

0 0.28 0.04 8.0705691619 8.0705691619 8.0705691619 8.0705691619 8.0705691619 8.0705691619 8.0705691619 8.0705691619 8.0705691619 8.0705691619 
1 0.28 0.04 8.07056894741 8.07056894741 8.07056894741 8.07056894741 8.07056894741 8.07056894741 8.07056894741 8.07056894741 8.07056894741 8.07056894741 

0 0.32 0.04 8.08211801696 8.08211801696 8.08211801696 8.08211801696 8.08211801696 8.08211801696 8.08211801696 8.08211801696 8.08211801696 8.08211801696 
1 0.32 0.04 8.08211802996 8.08211802996 8.08211802996 8.08211802996 8.08211802996 8.08211802996 8.08211802996 8.08211802996 8.08211802996 8.08211802996 

0 0.36 0.04 8.09532273623 8.09532273623 8.09532273623 8.09532273623 8.09532273623 8.09532273623 8.09532273623 8.09532273623 8.09532273623 8.09532273623 
1 0.36 0.04 8.09532280046 8.09532280046 8.09532280046 8.09532280046 8.09532280046 8.09532280046 8.09532280046 8.09532280046 8.09532280046 8.09532280046 

0 0.4 0.04 8.10840676532 8.10840676532 8.10840676532 8.10840676532 8.10840676532 8.10840676532 8.10840676532 8.10840676532 8.10840676532 8.10840676532 
1 0.4 0.04 8.10840675315 8.10840675315 8.10840675315 8.10840675315 8.10840675315 8.10840675315 8.10840675315 8.10840675315 8.10840675315 8.10840675315 

0 0.44 0.04 8.1233536638 8.1233536638 8.1233536638 8.1233536638 8.1233536638 8.1233536638 8.1233536638 8.1233536638 8.1233536638 8.1233536638 
1 0.44 0.04 8.12335315741 8.12335315741 8.12335315741 8.12335315741 8.12335315741 8.12335315741 8.12335315741 8.12335315741 8.12335315741 8.12335315741 

0 0.48 0.04 8.13776786512 8.13776786512 8.13776786512 8.13776786512 8.13776786512 8.13776786512 8.13776786512 8.13776786512 8.13776786512 8.13776786512 
1 0.48 0.04 8.13776793302 8.13776793302 8.13776793302 8.13776793302 8.13776793302 8.13776793302 8.13776793302 8.13776793302 8.13776793302 8.13776793302 

0 0.52 0.04 8.15245857621 8.15245857621 8.15245857621 8.15245857621 8.15245857621 8.15245857621 8.15245857621 8.15245857621 8.15245857621 8.15245857621 
1 0.52 0.04 8.15245870004 8.15245870004 8.15245870004 8.15245870004 8.15245870004 8.15245870004 8.15245870004 8.15245870004 8.15245870004 8.15245870004 

0 0.56 0.04 8.16893577315 8.16893577315 8.16893577315 8.16893577315 8.16893577315 8.16893577315 8.16893577315 8.16893577315 8.16893577315 8.16893577315 
1 0.56 0.04 8.16893568838 8.16893568838 8.16893568838 8.16893568838 8.16893568838 8.16893568838 8.16893568838 8.16893568838 8.16893568838 8.16893568838 

0 0.6 0.04 8.18574383246 8.18574383246 8.18574383246 8.18574383246 8.18574383246 8.18574383246 8.18574383246 8.18574383246 8.18574383246 8.18574383246 
1 0.6 0.04 8.18574387041 8.18574387041 8.18574387041 8.18574387041 8.18574387041 8.18574387041 8.18574387041 8.18574387041 8.18574387041 8.18574387041 

0 0.64 0.04 8.21897281692 8.21897281692 8.21897281692 8.21897281692 8.21897281692 8.21897281692 8.21897281692 8.21897281692 8.21897281692 8.21897281692 
1 0.64 0.04 8.21897316475 8.21897316475 8.21897316475 8.21897316475 8.21897316475 8.21897316475 8.21897316475 8.21897316475 8.21897316475 8.21897316475 

0 0.68 0.04 8.22836268587 8.22836268587 8.22836268587 8.22836268587 8.22836268587 8.22836268587 8.22836268587 8.22836268587 8.22836268587 8.22836268587 
1 0.68 0.04 8.22836294727 8.22836294727 8.22836294727 8.22836294727 8.22836294727 8.22836294727 8.22836294727 8.22836294727 8.22836294727 8.22836294727 

0 0.72 0.04 8.23899256173 8.23899256173 8.23899256173 8.23899256173 8.23899256173 8.23899256173 8.23899256173 8.23899256173 8.23899256173 8.23899256173 
1 0.72 0.04 8.23899279837 8.23899279837 8.23899279837 8.23899279837 8.23899279837 8.23899279837 8.23899279837 8.23899279837 8.23899279837 8.23899279837 

0 0.76 0.04 8.24702449024 8.24702449024 8.24702449024 8.24702449024 8.24702449024 8.24702449024 8.24702449024 8.24702449024 8.24702449024 8.24702449024 
1 0.76 0.04 8.24702477415 8.24702477415 8.24702477415 8.24702477415 8.24702477415 8.24702477415 8.24702477415 8.24702477415 8.24702477415 8.24702477415 

0 0.8 0.04 8.25786425185 8.25786425185 8.25786425185 8.25786425185 8.25786425185 8.25786425185 8.25786425185 8.25786425185 8.25786425185 8.25786425185 
1 0.8 0.04 8.25786484012 8.25786484012 8.25786484012 8.25786484012 8.25786484012 8.25786484012 8.25786484012 8.25786484012 8.25786484012 8.25786484012 

0 0.84 0.04 8.26748288772 8.26748288772 8.26748288772 8.26748288772 8.26748288772 8.26748288772 8.26748288772 8.26748288772 8.26748288772 8.26748288772 
1 0.84 0.04 8.26748301137 8.26748301137 8.26748301137 8.26748301137 8.26748301137 8.26748301137 8.26748301137 8.26748301137 8.26748301137 8.26748301137 

0 0.88 0.04 8.27420033055 8.27420033055 8.27420033055 8.27420033055 8.27420033055 8.27420033055 8.27420033055 8.27420033055 8.27420033055 8.27420033055 
1 0.88 0.04 8.27420055163 8.27420055163 8.27420055163 8.27420055163 8.27420055163 8.27420055163 8.27420055163 8.27420055163 8.27420055163 8.27420055163 

0 0.92 0.04 8.27798671195 8.27798671195 8.27798671195 8.27798671195 8.27798671195 8.27798671195 8.27798671195 8.27798671195 8.27798671195 8.27798671195 
1 0.92 0.04 8.27798704449 8.27798704449 8.27798704449 8.27798704449 8.27798704449 8.27798704449 8.27798704449 8.27798704449 8.27798704449 8.27798704449 

0 0.96 0.04 8.2826451672 8.2826451672 8.2826451672 8.2826451672 8.2826451672 8.2826451672 8.2826451672 8.2826451672 8.2826451672 8.2826451672 
1 0.96 0.04 8.28264497664 8.28264497664 8.28264497664 8.28264497664 8.28264497664 8.28264497664 8.28264497664 8.28264497664 8.28264497664 8.28264497664 

0 1 0.04 8.2877895714 8.2877895714 8.2877895714 8.2877895714 8.2877895714 8.2877895714 8.2877895714 8.2877895714 8.2877895714 8.2877895714 
1 1 0.04 8.28778928726 8.28778928726 8.28778928726 8.28778928726 8.28778928726 8.28778928726 8.28778928726 8.28778928726 8.28778928726 8.28778928726 

0 1.04 0.04 8.30494118047 8.30494118047 8.30494118047 8.30494118047 8.30494118047 8.30494118047 8.30494118047 8.30494118047 8.30494118047 8.30494118047 
1 1.04 0.04 8.30493867627 8.30493867627 8.30493867627 8.30493867627 8.30493867627 8.30493867627 8.30493867627 8.30493867627 8.30493867627 8.30493867627 

0 1.08 0.04 8.30222756726 8.30222756726 8.30222756726 8.30222756726 8.30222756726 8.30222756726 8.30222756726 8.30222756726 8.30222756726 8.30222756726 
1 1.08 0.04 8.30222448294 8.30222448294 8.30222448294 8.30222448294 8.30222448294 8.30222448294 8.30222448294 8.30222448294 8.30222448294 8.30222448294 

0 1.12 0.04 8.29814073939 8.29814073939 8.29814073939 8.29814073939 8.29814073939 8.29814073939 8.29814073939 8.29814073939 8.29814073939 8.29814073939 
1 1.12 0.04 8.29813848923 8.29813848923 8.29813848923 8.29813848923 8.29813848923 8.29813848923 8.29813848923 8.29813848923 8.29813848923 8.29813848923 

0 1.16 0.04 8.29543266121 8.29543266121 8.29543266121 8.29543266121 8.29543266121 8.29543266121 8.29543266121 8.29543266121 8.29543266121 8.29543266121 
1 1.16 0.04 8.29542991797 8.29542991797 8.29542991797 8.29542991797 8.29542991797 8.29542991797 8.29542991797 8.29542991797 8.29542991797 8.29542991797 

0 1.2 0.04 8.3012271725 8.3012271725 8.3012271725 8.3012271725 8.3012271725 8.3012271725 8.3012271725 8.3012271725 8.3012271725 8.3012271725 
1 1.2 0.04 8.30122279774 8.30122279774 8.30122279774 8.30122279774 8.30122279774 8.30122279774 8.30122279774 8.30122279774 8.30122279774 8.30122279774 

0 1.24 0.04 8.2869890513 8.2869890513 8.2869890513 8.2869890513 8.2869890513 8.2869890513 8.2869890513 8.2869890513 8.2869890513 8.2869890513 
1 1.24 0.04 8.28698494325 8.28698494325 8.28698494325 8.28698494325 8.28698494325 8.28698494325 8.28698494325 8.28698494325 8.28698494325 8.28698494325 

0 1.28 0.04 8.27254542189 8.27254542189 8.27254542189 8.27254542189 8.27254542189 8.27254542189 8.27254542189 8.27254542189 8.27254542189 8.27254542189 
1 1.28 0.04 8.27254084868 8.27254084868 8.27254084868 8.27254084868 8.27254084868 8.27254084868 8.27254084868 8.27254084868 8.27254084868 8.27254084868 

0 1.32 0.04 8.27180749343 8.27180749343 8.27180749343 8.27180749343 8.27180749343 8.27180749343 8.27180749343 8.27180749343 8.27180749343 8.27180749343 
1 1.32 0.04 8.27181324584 8.27181324584 8.27181324584 8.27181324584 8.27181324584 8.27181324584 8.27181324584 8.27181324584 8.27181324584 8.27181324584 

0 1.36 0.04 8.24462578499 8.24462578499 8.24462578499 8.24462578499 8.24462578499 8.24462578499 8.24462578499 8.24462578499 8.24462578499 8.24462578499 
1 1.36 0.04 8.24463183689 8.24463183689 8.24463183689 8.24463183689 8.24463183689 8.24463183689 8.24463183689 8.24463183689 8.24463183689 8.24463183689 

0 1.4 0.04 8.21447579776 8.21447579776 8.21447579776 8.21447579776 8.21447579776 8.21447579776 8.21447579776 8.21447579776 8.21447579776 8.21447579776 
1 1.4 0.04 8.21448152246 8.21448152246 8.21448152246 8.21448152246 8.21448152246 8.21448152246 8.21448152246 8.21448152246 8.21448152246 8.21448152246 

0 1.44 0.04 8.20269710584 8.20269710584 8.20269710584 8.20269710584 8.20269710584 8.20269710584 8.20269710584 8.20269710584 8.20269710584 8.20269710584 
1 1.44 0.04 8.20269768188 8.20269768188 8.20269768188 8.20269768188 8.20269768188 8.20269768188 8.20269768188 8.20269768188 8.20269768188 8.20269768188 

0 1.48 0.04 8.15589538868 8.15589538868 8.15589538868 8.15589538868 8.15589538868 8.15589538868 8.15589538868 8.15589538868 8.15589538868 8.15589538868 
1 1.48 0.04 8.15589409714 8.15589409714 8.15589409714 8.15589409714 8.15589409714 8.15589409714 8.15589409714 8.15589409714 8.15589409714 8.15589409714 

0 1.52 0.04 8.11018915139 8.11018915139 8.11018915139 8.11018915139 8.11018915139 8.11018915139 8.11018915139 8.11018915139 8.11018915139 8.11018915139 
1 1.52 0.04 8.11018636585 8.11018636585 8.11018636585 8.11018636585 8.11018636585 8.11018636585 8.11018636585 8.11018636585 8.11018636585 8.11018636585 

0 1.56 0.04 8.07172032972 8.07172032972 8.07172032972 8.07172032972 8.07172032972 8.07172032972 8.07172032972 8.07172032972 8.07172032972 8.07172032972 
1 1.56 0.04 8.0717152184 8.0717152184 8.0717152184 8.0717152184 8.0717152184 8.0717152184 8.0717152184 8.0717152184 8.0717152184 8.0717152184 

0 1.6 0.04 8.0065310432 8.0065310432 8.0065310432 8.0065310432 8.0065310432 8.0065310432 8.0065310432 8.0065310432 8.0065310432 8.0065310432 
1 1.6 0.04 8.00652529769 8.00652529769 8.00652529769 8.00652529769 8.00652529769 8.00652529769 8.00652529769 8.00652529769 8.00652529769 8.00652529769 

0 1.64 0.04 7.94196582419 7.94196582419 7.94196582419 7.94196582419 7.94196582419 7.94196582419 7.94196582419 7.94196582419 7.94196582419 7.94196582419 
1 1.64 0.04 7.94195867856 7.94195867856 7.94195867856 7.94195867856 7.94195867856 7.94195867856 7.94195867856 7.94195867856 7.94195867856 7.94195867856 

0 1.68 0.04 7.87161854968 7.87161854968 7.87161854968 7.87161854968 7.87161854968 7.87161854968 7.87161854968 7.87161854968 7.87161854968 7.87161854968 
1 1.68 0.04 7.8716119662 7.8716119662 7.8716119662 7.8716119662 7.8716119662 7.8716119662 7.8716119662 7.8716119662 7.8716119662 7.8716119662 

0 1.72 0.04 7.79211273648 7.79211273648 7.79211273648 7.79211273648 7.79211273648 7.79211273648 7.79211273648 7.79211273648 7.79211273648 7.79211273648 
1 1.72 0.04 7.79210439998 7.79210439998 7.79210439998 7.79210439998 7.79210439998 7.79210439998 7.79210439998 7.79210439998 7.79210439998 7.79210439998 

0 1.76 0.04 7.70509898911 7.70509898911 7.70509898911 7.70509898911 7.70509898911 7.70509898911 7.70509898911 7.70509898911 7.70509898911 7.70509898911 
1 1.76 0.04 7.70509259201 7.70509259201 7.70509259201 7.70509259201 7.70509259201 7.70509259201 7.70509259201 7.70509259201 7.70509259201 7.70509259201 

0 1.8 0.04 7.61638596202 7.61638596202 7.61638596202 7.61638596202 7.61638596202 7.61638596202 7.61638596202 7.61638596202 7.61638596202 7.61638596202 
1 1.8 0.04 7.61637285036 7.61637285036 7.61637285036 7.61637285036 7.61637285036 7.61637285036 7.61637285036 7.61637285036 7.61637285036 7.61637285036 

0 1.84 0.04 7.51911758163 7.51911758163 7.51911758163 7.51911758163 7.51911758163 7.51911758163 7.51911758163 7.51911758163 7.51911758163 7.51911758163 
1 1.84 0.04 7.51909304185 7.51909304185 7.51909304185 7.51909304185 7.51909304185 7.51909304185 7.51909304185 7.51909304185 7.51909304185 7.51909304185 

0 1.88 0.04 7.42865802675 7.42865802675 7.42865802675 7.42865802675 7.42865802675 7.42865802675 7.42865802675 7.42865802675 7.42865802675 7.42865802675 
1 1.88 0.04 7.42862624517 7.42862624517 7.42862624517 7.42862624517 7.42862624517 7.42862624517 7.42862624517 7.42862624517 7.42862624517 7.42862624517 

0 1.92 0.04 7.33861964642 7.33861964642 7.33861964642 7.33861964642 7.33861964642 7.33861964642 7.33861964642 7.33861964642 7.33861964642 7.33861964642 
1 1.92 0.04 7.33858013388 7.33858013388 7.33858013388 7.33858013388 7.33858013388 7.33858013388 7.33858013388 7.33858013388 7.33858013388 7.33858013388 

0 1.96 0.04 7.2387032639 7.2387032639 7.2387032639 7.2387032639 7.2387032639 7.2387032639 7.2387032639 7.2387032639 7.2387032639 7.2387032639 
1 1.96 0.04 7.23865712353 7.23865712353 7.23865712353 7.23865712353 7.23865712353 7.23865712353 7.23865712353 7.23865712353 7.23865712353 7.23865712353 

0 2 0.04 7.15551040118 7.15551040118 7.15551040118 7.15551040118 7.15551040118 7.15551040118 7.15551040118 7.15551040118 7.15551040118 7.15551040118 
1 2 0.04 7.15546598677 7.15546598677 7.15546598677 7.15546598677 7.15546598677 7.15546598677 7.15546598677 7.15546598677 7.15546598677 7.15546598677 

0 2.04 0.04 7.06617050636 7.06617050636 7.06617050636 7.06617050636 7.06617050636 7.06617050636 7.06617050636 7.06617050636 7.06617050636 7.06617050636 
1 2.04 0.04 7.0661437764 7.0661437764 7.0661437764 7.0661437764 7.0661437764 7.0661437764 7.0661437764 7.0661437764 7.0661437764 7.0661437764 

0 2.08 0.04 6.99531879424 6.99531879424 6.99531879424 6.99531879424 6.99531879424 6.99531879424 6.99531879424 6.99531879424 6.99531879424 6.99531879424 
1 2.08 0.04 6.99529480722 6.99529480722 6.99529480722 6.99529480722 6.99529480722 6.99529480722 6.99529480722 6.99529480722 6.99529480722 6.99529480722 

0 2.12 0.04 6.9231498079 6.9231498079 6.9231498079 6.9231498079 6.9231498079 6.9231498079 6.9231498079 6.9231498079 6.9231498079 6.9231498079 
1 2.12 0.04 6.92311289178 6.92311289178 6.92311289178 6.92311289178 6.92311289178 6.92311289178 6.92311289178 6.92311289178 6.92311289178 6.92311289178 

0 2.16 0.04 6.87063997811 6.87063997811 6.87063997811 6.87063997811 6.87063997811 6.87063997811 6.87063997811 6.87063997811 6.87063997811 6.87063997811 
1 2.16 0.04 6.8705957703 6.8705957703 6.8705957703 6.8705957703 6.8705957703 6.8705957703 6.8705957703 6.8705957703 6.8705957703 6.8705957703 

0 2.2 0.04 6.82862124627 6.82862124627 6.82862124627 6.82862124627 6.82862124627 6.82862124627 6.82862124627 6.82862124627 6.82862124627 6.82862124627 
1 2.2 0.04 6.82857687958 6.82857687958 6.82857687958 6.82857687958 6.82857687958 6.82857687958 6.82857687958 6.82857687958 6.82857687958 6.82857687958 

0 2.24 0.04 6.79568483168 6.79568483168 6.79568483168 6.79568483168 6.79568483168 6.79568483168 6.79568483168 6.79568483168 6.79568483168 6.79568483168 
1 2.24 0.04 6.79563369908 6.79563369908 6.79563369908 6.79563369908 6.79563369908 6.79563369908 6.79563369908 6.79563369908 6.79563369908 6.79563369908 

0 2.28 0.04 6.78392919427 6.78392919427 6.78392919427 6.78392919427 6.78392919427 6.78392919427 6.78392919427 6.78392919427 6.78392919427 6.78392919427 
1 2.28 0.04 6.78387716946 6.78387716946 6.78387716946 6.78387716946 6.78387716946 6.78387716946 6.78387716946 6.78387716946 6.78387716946 6.78387716946 

0 2.32 0.04 6.77506044506 6.77506044506 6.77506044506 6.77506044506 6.77506044506 6.77506044506 6.77506044506 6.77506044506 6.77506044506 6.77506044506 
1 2.32 0.04 6.77501253662 6.77501253662 6.77501253662 6.77501253662 6.77501253662 6.77501253662 6.77501253662 6.77501253662 6.77501253662 6.77501253662 

0 2.36 0.04 6.77366238212 6.77366238212 6.77366238212 6.77366238212 6.77366238212 6.77366238212 6.77366238212 6.77366238212 6.77366238212 6.77366238212 
1 2.36 0.04 6.77361104045 6.77361104045 6.77361104045 6.77361104045 6.77361104045 6.77361104045 6.77361104045 6.77361104045 6.77361104045 6.77361104045 

0 2.4 0.04 6.78557741926 6.78557741926 6.78557741926 6.78557741926 6.78557741926 6.78557741926 6.78557741926 6.78557741926 6.78557741926 6.78557741926 
1 2.4 0.04 6.78551794524 6.78551794524 6.78551794524 6.78551794524 6.78551794524 6.78551794524 6.78551794524 6.78551794524 6.78551794524 6.78551794524 

0 2.44 0.04 6.78943935295 6.78943935295 6.78943935295 6.78943935295 6.78943935295 6.78943935295 6.78943935295 6.78943935295 6.78943935295 6.78943935295 
1 2.44 0.04 6.78937083929 6.78937083929 6.78937083929 6.78937083929 6.78937083929 6.78937083929 6.78937083929 6.78937083929 6.78937083929 6.78937083929 

0 2.48 0.04 6.815464249 6.815464249 6.815464249 6.815464249 6.815464249 6.815464249 6.815464249 6.815464249 6.815464249 6.815464249 
1 2.48 0.04 6.81537762532 6.81537762532 6.81537762532 6.81537762532 6.81537762532 6.81537762532 6.81537762532 6.81537762532 6.81537762532 6.81537762532 

0 2.52 0.04 6.83974107931 6.83974107931 6.83974107931 6.83974107931 6.83974107931 6.83974107931 6.83974107931 6.83974107931 6.83974107931 6.83974107931 
1 2.52 0.04 6.8396520203 6.8396520203 6.8396520203 6.8396520203 6.8396520203 6.8396520203 6.8396520203 6.8396520203 6.8396520203 6.8396520203 

0 2.56 0.04 6.84927796386 6.84927796386 6.84927796386 6.84927796386 6.84927796386 6.84927796386 6.84927796386 6.84927796386 6.84927796386 6.84927796386 
1 2.56 0.04 6.84918954556 6.84918954556 6.84918954556 6.84918954556 6.84918954556 6.84918954556 6.84918954556 6.84918954556 6.84918954556 6.84918954556 

0 2.6 0.04 6.87707830565 6.87707830565 6.87707830565 6.87707830565 6.87707830565 6.87707830565 6.87707830565 6.87707830565 6.87707830565 6.87707830565 
1 2.6 0.04 6.87698489549 6.87698489549 6.87698489549 6.87698489549 6.87698489549 6.87698489549 6.87698489549 6.87698489549 6.87698489549 6.87698489549 

0 2.64 0.04 6.87578416653 6.87578416653 6.87578416653 6.87578416653 6.87578416653 6.87578416653 6.87578416653 6.87578416653 6.87578416653 6.87578416653 
1 2.64 0.04 6.87569242769 6.87569242769 6.87569242769 6.87569242769 6.87569242769 6.87569242769 6.87569242769 6.87569242769 6.87569242769 6.87569242769 

0 2.68 0.04 6.88409729245 6.88409729245 6.88409729245 6.88409729245 6.88409729245 6.88409729245 6.88409729245 6.88409729245 6.88409729245 6.88409729245 
1 2.68 0.04 6.8840159311 6.8840159311 6.8840159311 6.8840159311 6.8840159311 6.8840159311 6.8840159311 6.8840159311 6.8840159311 6.8840159311 

0 2.72 0.04 6.89947155273 6.89947155273 6.89947155273 6.89947155273 6.89947155273 6.89947155273 6.89947155273 6.89947155273 6.89947155273 6.89947155273 
1 2.72 0.04 6.89938193057 6.89938193057 6.89938193057 6.89938193057 6.89938193057 6.89938193057 6.89938193057 6.89938193057 6.89938193057 6.89938193057 

0 2.76 0.04 6.89674694459 6.89674694459 6.89674694459 6.89674694459 6.89674694459 6.89674694459 6.89674694459 6.89674694459 6.89674694459 6.89674694459 
1 2.76 0.04 6.89665244206 6.89665244206 6.89665244206 6.89665244206 6.89665244206 6.89665244206 6.89665244206 6.89665244206 6.89665244206 6.89665244206 

0 2.8 0.04 6.88083176583 6.88083176583 6.88083176583 6.88083176583 6.88083176583 6.88083176583 6.88083176583 6.88083176583 6.88083176583 6.88083176583 
1 2.8 0.04 6.88072893462 6.88072893462 6.88072893462 6.88072893462 6.88072893462 6.88072893462 6.88072893462 6.88072893462 6.88072893462 6.88072893462 

0 2.84 0.04 6.86484398568 6.86484398568 6.86484398568 6.86484398568 6.86484398568 6.86484398568 6.86484398568 6.86484398568 6.86484398568 6.86484398568 
1 2.84 0.04 6.86473666447 6.86473666447 6.86473666447 6.86473666447 6.86473666447 6.86473666447 6.86473666447 6.86473666447 6.86473666447 6.86473666447 

0 2.88 0.04 6.84542515269 6.84542515269 6.84542515269 6.84542515269 6.84542515269 6.84542515269 6.84542515269 6.84542515269 6.84542515269 6.84542515269 
1 2.88 0.04 6.84531194954 6.84531194954 6.84531194954 6.84531194954 6.84531194954 6.84531194954 6.84531194954 6.84531194954 6.84531194954 6.84531194954 

0 2.92 0.04 6.82117982394 6.82117982394 6.82117982394 6.82117982394 6.82117982394 6.82117982394 6.82117982394 6.82117982394 6.82117982394 6.82117982394 
1 2.92 0.04 6.82105987295 6.82105987295 6.82105987295 6.82105987295 6.82105987295 6.82105987295 6.82105987295 6.82105987295 6.82105987295 6.82105987295 

0 2.96 0.04 6.79986646429 6.79986646429 6.79986646429 6.79986646429 6.79986646429 6.79986646429 6.79986646429 6.79986646429 6.79986646429 6.79986646429 
1 2.96 0.04 6.79974330771 6.79974330771 6.79974330771 6.79974330771 6.79974330771 6.79974330771 6.79974330771 6.79974330771 6.79974330771 6.79974330771 

0 3 0.04 6.77925873346 6.77925873346 6.77925873346 6.77925873346 6.77925873346 6.77925873346 6.77925873346 6.77925873346 6.77925873346 6.77925873346 
1 3 0.04 6.77911778493 6.77911778493 6.77911778493 6.77911778493 6.77911778493 6.77911778493 6.77911778493 6.77911778493 6.77911778493 6.77911778493 

0 3.04 0.04 6.75790496555 6.75790496555 6.75790496555 6.75790496555 6.75790496555 6.75790496555 6.75790496555 6.75790496555 6.75790496555 6.75790496555 
1 3.04 0.04 6.75775193994 6.75775193994 6.75775193994 6.75775193994 6.75775193994 6.75775193994 6.75775193994 6.75775193994 6.75775193994 6.75775193994 

0 3.08 0.04 6.7445527181 6.7445527181 6.7445527181 6.7445527181 6.7445527181 6.7445527181 6.7445527181 6.7445527181 6.7445527181 6.7445527181 
1 3.08 0.04 6.74441416682 6.74441416682 6.74441416682 6.74441416682 6.74441416682 6.74441416682 6.74441416682 6.74441416682 6.74441416682 6.74441416682 

0 3.12 0.04 6.73532505944 6.73532505944 6.73532505944 6.73532505944 6.73532505944 6.73532505944 6.73532505944 6.73532505944 6.73532505944 6.73532505944 
1 3.12 0.04 6.73523361628 6.73523361628 6.73523361628 6.73523361628 6.73523361628 6.73523361628 6.73523361628 6.73523361628 6.73523361628 6.73523361628 

0 3.16 0.04 6.73002414572 6.73002414572 6.73002414572 6.73002414572 6.73002414572 6.73002414572 6.73002414572 6.73002414572 6.73002414572 6.73002414572 
1 3.16 0.04 6.72982692533 6.72982692533 6.72982692533 6.72982692533 6.72982692533 6.72982692533 6.72982692533 6.72982692533 6.72982692533 6.72982692533 

0 3.2 0.04 6.72488015284 6.72488015284 6.72488015284 6.72488015284 6.72488015284 6.72488015284 6.72488015284 6.72488015284 6.72488015284 6.72488015284 
1 3.2 0.04 6.72465724675 6.72465724675 6.72465724675 6.72465724675 6.72465724675 6.72465724675 6.72465724675 6.72465724675 6.72465724675 6.72465724675 

0 3.24 0.04 6.73092926857 6.73092926857 6.73092926857 6.73092926857 6.73092926857 6.73092926857 6.73092926857 6.73092926857 6.73092926857 6.73092926857 
1 3.24 0.04 6.73077476212 6.73077476212 6.73077476212 6.73077476212 6.73077476212 6.73077476212 6.73077476212 6.73077476212 6.73077476212 6.73077476212 

0 3.28 0.04 6.74082577442 6.74082577442 6.74082577442 6.74082577442 6.74082577442 6.74082577442 6.74082577442 6.74082577442 6.74082577442 6.74082577442 
1 3.28 0.04 6.74066118376 6.74066118376 6.74066118376 6.74066118376 6.74066118376 6.74066118376 6.74066118376 6.74066118376 6.74066118376 6.74066118376 

0 3.32 0.04 6.75408437828 6.75408437828 6.75408437828 6.75408437828 6.75408437828 6.75408437828 6.75408437828 6.75408437828 6.75408437828 6.75408437828 
1 3.32 0.04 6.75391702519 6.75391702519 6.75391702519 6.75391702519 6.75391702519 6.75391702519 6.75391702519 6.75391702519 6.75391702519 6.75391702519 

0 3.36 0.04 6.76928566697 6.76928566697 6.76928566697 6.76928566697 6.76928566697 6.76928566697 6.76928566697 6.76928566697 6.76928566697 6.76928566697 
1 3.36 0.04 6.76911678565 6.76911678565 6.76911678565 6.76911678565 6.76911678565 6.76911678565 6.76911678565 6.76911678565 6.76911678565 6.76911678565 

0 3.4 0.04 6.78633877549 6.78633877549 6.78633877549 6.78633877549 6.78633877549 6.78633877549 6.78633877549 6.78633877549 6.78633877549 6.78633877549 
1 3.4 0.04 6.78616957406 6.78616957406 6.78616957406 6.78616957406 6.78616957406 6.78616957406 6.78616957406 6.78616957406 6.78616957406 6.78616957406 

0 3.44 0.04 6.79825131605 6.79825131605 6.79825131605 6.79825131605 6.79825131605 6.79825131605 6.79825131605 6.79825131605 6.79825131605 6.79825131605 
1 3.44 0.04 6.79807692212 6.79807692212 6.79807692212 6.79807692212 6.79807692212 6.79807692212 6.79807692212 6.79807692212 6.79807692212 6.79807692212 

0 3.48 0.04 6.81737194363 6.81737194363 6.81737194363 6.81737194363 6.81737194363 6.81737194363 6.81737194363 6.81737194363 6.81737194363 6.81737194363 
1 3.48 0.04 6.8171943265 6.8171943265 6.8171943265 6.8171943265 6.8171943265 6.8171943265 6.8171943265 6.8171943265 6.8171943265 6.8171943265 

0 3.52 0.04 6.8397125942 6.8397125942 6.8397125942 6.8397125942 6.8397125942 6.8397125942 6.8397125942 6.8397125942 6.8397125942 6.8397125942 
1 3.52 0.04 6.83952065857 6.83952065857 6.83952065857 6.83952065857 6.83952065857 6.83952065857 6.83952065857 6.83952065857 6.83952065857 6.83952065857 

0 3.56 0.04 6.86803661511 6.86803661511 6.86803661511 6.86803661511 6.86803661511 6.86803661511 6.86803661511 6.86803661511 6.86803661511 6.86803661511 
1 3.56 0.04 6.86783227679 6.86783227679 6.86783227679 6.86783227679 6.86783227679 6.86783227679 6.86783227679 6.86783227679 6.86783227679 6.86783227679 

0 3.6 0.04 6.90453591677 6.90453591677 6.90453591677 6.90453591677 6.90453591677 6.90453591677 6.90453591677 6.90453591677 6.90453591677 6.90453591677 
1 3.6 0.04 6.90433374059 6.90433374059 6.90433374059 6.90433374059 6.90433374059 6.90433374059 6.90433374059 6.90433374059 6.90433374059 6.90433374059 

0 3.64 0.04 6.94650190321 6.94650190321 6.94650190321 6.94650190321 6.94650190321 6.94650190321 6.94650190321 6.94650190321 6.94650190321 6.94650190321 
1 3.64 0.04 6.94628550661 6.94628550661 6.94628550661 6.94628550661 6.94628550661 6.94628550661 6.94628550661 6.94628550661 6.94628550661 6.94628550661 

0 3.68 0.04 7.0224737463 7.0224737463 7.0224737463 7.0224737463 7.0224737463 7.0224737463 7.0224737463 7.0224737463 7.0224737463 7.0224737463 
1 3.68 0.04 7.02227961748 7.02227961748 7.02227961748 7.02227961748 7.02227961748 7.02227961748 7.02227961748 7.02227961748 7.02227961748 7.02227961748 

0 3.72 0.04 7.1053386953 7.1053386953 7.1053386953 7.1053386953 7.1053386953 7.1053386953 7.1053386953 7.1053386953 7.1053386953 7.1053386953 
1 3.72 0.04 7.10516281778 7.10516281778 7.10516281778 7.10516281778 7.10516281778 7.10516281778 7.10516281778 7.10516281778 7.10516281778 7.10516281778 

0 3.76 0.04 7.22039721287 7.22039721287 7.22039721287 7.22039721287 7.22039721287 7.22039721287 7.22039721287 7.22039721287 7.22039721287 7.22039721287 
1 3.76 0.04 7.22022034012 7.22022034012 7.22022034012 7.22022034012 7.22022034012 7.22022034012 7.22022034012 7.22022034012 7.22022034012 7.22022034012 

0 3.8 0.04 7.34542411348 7.34542411348 7.34542411348 7.34542411348 7.34542411348 7.34542411348 7.34542411348 7.34542411348 7.34542411348 7.34542411348 
1 3.8 0.04 7.34524374404 7.34524374404 7.34524374404 7.34524374404 7.34524374404 7.34524374404 7.34524374404 7.34524374404 7.34524374404 7.34524374404 

0 3.84 0.04 7.48267411768 7.48267411768 7.48267411768 7.48267411768 7.48267411768 7.48267411768 7.48267411768 7.48267411768 7.48267411768 7.48267411768 
1 3.84 0.04 7.4825199176 7.4825199176 7.4825199176 7.4825199176 7.4825199176 7.4825199176 7.4825199176 7.4825199176 7.4825199176 7.4825199176 

0 3.88 0.04 7.61511203531 7.61511203531 7.61511203531 7.61511203531 7.61511203531 7.61511203531 7.61511203531 7.61511203531 7.61511203531 7.61511203531 
1 3.88 0.04 7.61498698169 7.61498698169 7.61498698169 7.61498698169 7.61498698169 7.61498698169 7.61498698169 7.61498698169 7.61498698169 7.61498698169 

0 3.92 0.04 7.72643528498 7.72643528498 7.72643528498 7.72643528498 7.72643528498 7.72643528498 7.72643528498 7.72643528498 7.72643528498 7.72643528498 
1 3.92 0.04 7.72629728015 7.72629728015 7.72629728015 7.72629728015 7.72629728015 7.72629728015 7.72629728015 7.72629728015 7.72629728015 7.72629728015 

0 3.96 0.04 7.78991377579 7.78991377579 7.78991377579 7.78991377579 7.78991377579 7.78991377579 7.78991377579 7.78991377579 7.78991377579 7.78991377579 
1 3.96 0.04 7.78978588192 7.78978588192 7.78978588192 7.78978588192 7.78978588192 7.78978588192 7.78978588192 7.78978588192 7.78978588192 7.78978588192 

0 4 0.04 7.79362149049 7.79362149049 7.79362149049 7.79362149049 7.79362149049 7.79362149049 7.79362149049 7.79362149049 7.79362149049 7.79362149049 
1 4 0.04 7.79351385759 7.79351385759 7.79351385759 7.79351385759 7.79351385759 7.79351385759 7.79351385759 7.79351385759 7.79351385759 7.79351385759 

0 4.04 0.04 7.73810769601 7.73810769601 7.73810769601 7.73810769601 7.73810769601 7.73810769601 7.73810769601 7.73810769601 7.73810769601 7.73810769601 
1 4.04 0.04 7.73802104919 7.73802104919 7.73802104919 7.73802104919 7.73802104919 7.73802104919 7.73802104919 7.73802104919 7.73802104919 7.73802104919 

0 4.08 0.04 7.63575043397 7.63575043397 7.63575043397 7.63575043397 7.63575043397 7.63575043397 7.63575043397 7.63575043397 7.63575043397 7.63575043397 
1 4.08 0.04 7.63566935447 7.63566935447 7.63566935447 7.63566935447 7.63566935447 7.63566935447 7.63566935447 7.63566935447 7.63566935447 7.63566935447 

0 4.12 0.04 7.49850398788 7.49850398788 7.49850398788 7.49850398788 7.49850398788 7.49850398788 7.49850398788 7.49850398788 7.49850398788 7.49850398788 
1 4.12 0.04 7.4984304722 7.4984304722 7.4984304722 7.4984304722 7.4984304722 7.4984304722 7.4984304722 7.4984304722 7.4984304722 7.4984304722 

0 4.16 0.04 7.33497380824 7.33497380824 7.33497380824 7.33497380824 7.33497380824 7.33497380824 7.33497380824 7.33497380824 7.33497380824 7.33497380824 
1 4.16 0.04 7.33491507133 7.33491507133 7.33491507133 7.33491507133 7.33491507133 7.33491507133 7.33491507133 7.33491507133 7.33491507133 7.33491507133 

0 4.2 0.04 7.15160660914 7.15160660914 7.15160660914 7.15160660914 7.15160660914 7.15160660914 7.15160660914 7.15160660914 7.15160660914 7.15160660914 
1 4.2 0.04 7.15154485327 7.15154485327 7.15154485327 7.15154485327 7.15154485327 7.15154485327 7.15154485327 7.15154485327 7.15154485327 7.15154485327 

0 4.24 0.04 6.95756861102 6.95756861102 6.95756861102 6.95756861102 6.95756861102 6.95756861102 6.95756861102 6.95756861102 6.95756861102 6.95756861102 
1 4.24 0.04 6.95750719344 6.95750719344 6.95750719344 6.95750719344 6.95750719344 6.95750719344 6.95750719344 6.95750719344 6.95750719344 6.95750719344 

0 4.28 0.04 6.76237323959 6.76237323959 6.76237323959 6.76237323959 6.76237323959 6.76237323959 6.76237323959 6.76237323959 6.76237323959 6.76237323959 
1 4.28 0.04 6.76231653513 6.76231653513 6.76231653513 6.76231653513 6.76231653513 6.76231653513 6.76231653513 6.76231653513 6.76231653513 6.76231653513 

0 4.32 0.04 6.57630162704 6.57630162704 6.57630162704 6.57630162704 6.57630162704 6.57630162704 6.57630162704 6.57630162704 6.57630162704 6.57630162704 
1 4.32 0.04 6.57622066789 6.57622066789 6.57622066789 6.57622066789 6.57622066789 6.57622066789 6.57622066789 6.57622066789 6.57622066789 6.57622066789 

0 4.36 0.04 6.40384206859 6.40384206859 6.40384206859 6.40384206859 6.40384206859 6.40384206859 6.40384206859 6.40384206859 6.40384206859 6.40384206859 
1 4.36 0.04 6.40374975026 6.40374975026 6.40374975026 6.40374975026 6.40374975026 6.40374975026 6.40374975026 6.40374975026 6.40374975026 6.40374975026 

0 4.4 0.04 6.28807549876 6.28807549876 6.28807549876 6.28807549876 6.28807549876 6.28807549876 6.28807549876 6.28807549876 6.28807549876 6.28807549876 
1 4.4 0.04 6.28796041712 6.28796041712 6.28796041712 6.28796041712 6.28796041712 6.28796041712 6.28796041712 6.28796041712 6.28796041712 6.28796041712 

0 4.44 0.04 6.04206579645 6.04206579645 6.04206579645 6.04206579645 6.04206579645 6.04206579645 6.04206579645 6.04206579645 6.04206579645 6.04206579645 
1 4.44 0.04 6.04193365984 6.04193365984 6.04193365984 6.04193365984 6.04193365984 6.04193365984 6.04193365984 6.04193365984 6.04193365984 6.04193365984 

0 4.48 0.04 5.73490813615 5.73490813615 5.73490813615 5.73490813615 5.73490813615 5.73490813615 5.73490813615 5.73490813615 5.73490813615 5.73490813615 
1 4.48 0.04 5.73478889741 5.73478889741 5.73478889741 5.73478889741 5.73478889741 5.73478889741 5.73478889741 5.73478889741 5.73478889741 5.73478889741 

0 4.52 0.04 5.60273889052 5.60273889052 5.60273889052 5.60273889052 5.60273889052 5.60273889052 5.60273889052 5.60273889052 5.60273889052 5.60273889052 
1 4.52 0.04 5.60261010296 5.60261010296 5.60261010296 5.60261010296 5.60261010296 5.60261010296 5.60261010296 5.60261010296 5.60261010296 5.60261010296 

0 4.56 0.04 5.85349739204 5.85349739204 5.85349739204 5.85349739204 5.85349739204 5.85349739204 5.85349739204 5.85349739204 5.85349739204 5.85349739204 
1 4.56 0.04 5.85335756474 5.85335756474 5.85335756474 5.85335756474 5.85335756474 5.85335756474 5.85335756474 5.85335756474 5.85335756474 5.85335756474 

0 4.6 0.04 5.74181605138 5.74181605138 5.74181605138 5.74181605138 5.74181605138 5.74181605138 5.74181605138 5.74181605138 5.74181605138 5.74181605138 
1 4.6 0.04 5.74166183958 5.74166183958 5.74166183958 5.74166183958 5.74166183958 5.74166183958 5.74166183958 5.74166183958 5.74166183958 5.74166183958 

0 4.64 0.04 5.6764736095 5.6764736095 5.6764736095 5.6764736095 5.6764736095 5.6764736095 5.6764736095 5.6764736095 5.6764736095 5.6764736095 
1 4.64 0.04 5.67631752863 5.67631752863 5.67631752863 5.67631752863 5.67631752863 5.67631752863 5.67631752863 5.67631752863 5.67631752863 5.67631752863 

0 4.68 0.04 5.60093211424 5.60093211424 5.60093211424 5.60093211424 5.60093211424 5.60093211424 5.60093211424 5.60093211424 5.60093211424 5.60093211424 
1 4.68 0.04 5.60077411872 5.60077411872 5.60077411872 5.60077411872 5.60077411872 5.60077411872 5.60077411872 5.60077411872 5.60077411872 5.60077411872 

0 4.72 0.04 5.5544607958 5.5544607958 5.5544607958 5.5544607958 5.5544607958 5.5544607958 5.5544607958 5.5544607958 5.5544607958 5.5544607958 
1 4.72 0.04 5.55429971709 5.55429971709 5.55429971709 5.55429971709 5.55429971709 5.55429971709 5.55429971709 5.55429971709 5.55429971709 5.55429971709 

0 4.76 0.04 5.68449941429 5.68449941429 5.68449941429 5.68449941429 5.68449941429 5.68449941429 5.68449941429 5.68449941429 5.68449941429 5.68449941429 
1 4.76 0.04 5.68434828183 5.68434828183 5.68434828183 5.68434828183 5.68434828183 5.68434828183 5.68434828183 5.68434828183 5.68434828183 5.68434828183 

0 4.8 0.04 5.89395028733 5.89395028733 5.89395028733 5.89395028733 5.89395028733 5.89395028733 5.89395028733 5.89395028733 5.89395028733 5.89395028733 
1 4.8 0.04 5.89381029246 5.89381029246 5.89381029246 5.89381029246 5.89381029246 5.89381029246 5.89381029246 5.89381029246 5.89381029246 5.89381029246 

0 4.84 0.04 6.18567964294 6.18567964294 6.18567964294 6.18567964294 6.18567964294 6.18567964294 6.18567964294 6.18567964294 6.18567964294 6.18567964294 
1 4.84 0.04 6.18555573857 6.18555573857 6.18555573857 6.18555573857 6.18555573857 6.18555573857 6.18555573857 6.18555573857 6.18555573857 6.18555573857 

0 4.88 0.04 6.60700838966 6.60700838966 6.60700838966 6.60700838966 6.60700838966 6.60700838966 6.60700838966 6.60700838966 6.60700838966 6.60700838966 
1 4.88 0.04 6.60691348696 6.60691348696 6.60691348696 6.60691348696 6.60691348696 6.60691348696 6.60691348696 6.60691348696 6.60691348696 6.60691348696 

0 4.92 0.04 6.95152241674 6.95152241674 6.95152241674 6.95152241674 6.95152241674 6.95152241674 6.95152241674 6.95152241674 6.95152241674 6.95152241674 
1 4.92 0.04 6.95144348091 6.95144348091 6.95144348091 6.95144348091 6.95144348091 6.95144348091 6.95144348091 6.95144348091 6.95144348091 6.95144348091 

0 4.96 0.04 7.2806953751 7.2806953751 7.2806953751 7.2806953751 7.2806953751 7.2806953751 7.2806953751 7.2806953751 7.2806953751 7.2806953751 
1 4.96 0.04 7.28064817884 7.28064817884 7.28064817884 7.28064817884 7.28064817884 7.28064817884 7.28064817884 7.28064817884 7.28064817884 7.28064817884 

0 5 0.04 7.49486661933 7.49486661933 7.49486661933 7.49486661933 7.49486661933 7.49486661933 7.49486661933 7.49486661933 7.49486661933 7.49486661933 
1 5 0.04 7.49481436871 7.49481436871 7.49481436871 7.49481436871 7.49481436871 7.49481436871 7.49481436871 7.49481436871 7.49481436871 7.49481436871 

0 5.04 0.04 7.584214732 7.584214732 7.584214732 7.584214732 7.584214732 7.584214732 7.584214732 7.584214732 7.584214732 7.584214732 
1 5.04 0.04 7.58416866558 7.58416866558 7.58416866558 7.58416866558 7.58416866558 7.58416866558 7.58416866558 7.58416866558 7.58416866558 7.58416866558 

0 5.08 0.04 7.58783995889 7.58783995889 7.58783995889 7.58783995889 7.58783995889 7.58783995889 7.58783995889 7.58783995889 7.58783995889 7.58783995889 
1 5.08 0.04 7.5878043833 7.5878043833 7.5878043833 7.5878043833 7.5878043833 7.5878043833 7.5878043833 7.5878043833 7.5878043833 7.5878043833 

0 5.12 0.04 7.63895151897 7.63895151897 7.63895151897 7.63895151897 7.63895151897 7.63895151897 7.63895151897 7.63895151897 7.63895151897 7.63895151897 
1 5.12 0.04 7.63892771314 7.63892771314 7.63892771314 7.63892771314 7.63892771314 7.63892771314 7.63892771314 7.63892771314 7.63892771314 7.63892771314 

0 5.16 0.04 7.7096687524 7.7096687524 7.7096687524 7.7096687524 7.7096687524 7.7096687524 7.7096687524 7.7096687524 7.7096687524 7.7096687524 
1 5.16 0.04 7.70964982702 7.70964982702 7.70964982702 7.70964982702 7.70964982702 7.70964982702 7.70964982702 7.70964982702 7.70964982702 7.70964982702 

0 5.2 0.04 7.6066640546 7.6066640546 7.6066640546 7.6066640546 7.6066640546 7.6066640546 7.6066640546 7.6066640546 7.6066640546 7.6066640546 
1 5.2 0.04 7.60667259349 7.60667259349 7.60667259349 7.60667259349 7.60667259349 7.60667259349 7.60667259349 7.60667259349 7.60667259349 7.60667259349 

0 5.24 0.04 7.70494575341 7.70494575341 7.70494575341 7.70494575341 7.70494575341 7.70494575341 7.70494575341 7.70494575341 7.70494575341 7.70494575341 
1 5.24 0.04 7.70496062742 7.70496062742 7.70496062742 7.70496062742 7.70496062742 7.70496062742 7.70496062742 7.70496062742 7.70496062742 7.70496062742 

0 5.28 0.04 7.7161715975 7.7161715975 7.7161715975 7.7161715975 7.7161715975 7.7161715975 7.7161715975 7.7161715975 7.7161715975 7.7161715975 
1 5.28 0.04 7.71618959457 7.71618959457 7.71618959457 7.71618959457 7.71618959457 7.71618959457 7.71618959457 7.71618959457 7.71618959457 7.71618959457 

0 5.32 0.04 7.73764965858 7.73764965858 7.73764965858 7.73764965858 7.73764965858 7.73764965858 7.73764965858 7.73764965858 7.73764965858 7.73764965858 
1 5.32 0.04 7.73766976484 7.73766976484 7.73766976484 7.73766976484 7.73766976484 7.73766976484 7.73766976484 7.73766976484 7.73766976484 7.73766976484 

0 5.36 0.04 7.75050764716 7.75050764716 7.75050764716 7.75050764716 7.75050764716 7.75050764716 7.75050764716 7.75050764716 7.75050764716 7.75050764716 
1 5.36 0.04 7.75052944304 7.75052944304 7.75052944304 7.75052944304 7.75052944304 7.75052944304 7.75052944304 7.75052944304 7.75052944304 7.75052944304 

0 5.4 0.04 7.97305587231 7.97305587231 7.97305587231 7.97305587231 7.97305587231 7.97305587231 7.97305587231 7.97305587231 7.97305587231 7.97305587231 
1 5.4 0.04 7.97307523287 7.97307523287 7.97307523287 7.97307523287 7.97307523287 7.97307523287 7.97307523287 7.97307523287 7.97307523287 7.97307523287 

0 5.44 0.04 8.00834055146 8.00834055146 8.00834055146 8.00834055146 8.00834055146 8.00834055146 8.00834055146 8.00834055146 8.00834055146 8.00834055146 
1 5.44 0.04 8.00835938587 8.00835938587 8.00835938587 8.00835938587 8.00835938587 8.00835938587 8.00835938587 8.00835938587 8.00835938587 8.00835938587 

0 5.48 0.04 8.0348074276 8.0348074276 8.0348074276 8.0348074276 8.0348074276 8.0348074276 8.0348074276 8.0348074276 8.0348074276 8.0348074276 
1 5.48 0.04 8.03482496156 8.03482496156 8.03482496156 8.03482496156 8.03482496156 8.03482496156 8.03482496156 8.03482496156 8.03482496156 8.03482496156 

0 5.52 0.04 8.25365794898 8.25365794898 8.25365794898 8.25365794898 8.25365794898 8.25365794898 8.25365794898 8.25365794898 8.25365794898 8.25365794898 
1 5.52 0.04 8.25367383861 8.25367383861 8.25367383861 8.25367383861 8.25367383861 8.25367383861 8.25367383861 8.25367383861 8.25367383861 8.25367383861 

0 5.56 0.04 8.23536586737 8.23536586737 8.23536586737 8.23536586737 8.23536586737 8.23536586737 8.23536586737 8.23536586737 8.23536586737 8.23536586737 
1 5.56 0.04 8.23538027755 8.23538027755 8.23538027755 8.23538027755 8.23538027755 8.23538027755 8.23538027755 8.23538027755 8.23538027755 8.23538027755 

0 5.6 0.04 8.39033920063 8.39033920063 8.39033920063 8.39033920063 8.39033920063 8.39033920063 8.39033920063 8.39033920063 8.39033920063 8.39033920063 
1 5.6 0.04 8.39035456747 8.39035456747 8.39035456747 8.39035456747 8.39035456747 8.39035456747 8.39035456747 8.39035456747 8.39035456747 8.39035456747 

0 5.64 0.04 8.31084296143 8.31084296143 8.31084296143 8.31084296143 8.31084296143 8.31084296143 8.31084296143 8.31084296143 8.31084296143 8.31084296143 
1 5.64 0.04 8.31085887315 8.31085887315 8.31085887315 8.31085887315 8.31085887315 8.31085887315 8.31085887315 8.31085887315 8.31085887315 8.31085887315 

0 5.68 0.04 8.22396206368 8.22396206368 8.22396206368 8.22396206368 8.22396206368 8.22396206368 8.22396206368 8.22396206368 8.22396206368 8.22396206368 
1 5.68 0.04 8.22397810959 8.22397810959 8.22397810959 8.22397810959 8.22397810959 8.22397810959 8.22397810959 8.22397810959 8.22397810959 8.22397810959 

0 5.72 0.04 8.37944617048 8.37944617048 8.37944617048 8.37944617048 8.37944617048 8.37944617048 8.37944617048 8.37944617048 8.37944617048 8.37944617048 
1 5.72 0.04 8.37946284987 8.37946284987 8.37946284987 8.37946284987 8.37946284987 8.37946284987 8.37946284987 8.37946284987 8.37946284987 8.37946284987 

0 5.76 0.04 8.29242217959 8.29242217959 8.29242217959 8.29242217959 8.29242217959 8.29242217959 8.29242217959 8.29242217959 8.29242217959 8.29242217959 
1 5.76 0.04 8.29243974122 8.29243974122 8.29243974122 8.29243974122 8.29243974122 8.29243974122 8.29243974122 8.29243974122 8.29243974122 8.29243974122 

0 5.8 0.04 8.20896303368 8.20896303368 8.20896303368 8.20896303368 8.20896303368 8.20896303368 8.20896303368 8.20896303368 8.20896303368 8.20896303368 
1 5.8 0.04 8.20898208928 8.20898208928 8.20898208928 8.20898208928 8.20898208928 8.20898208928 8.20898208928 8.20898208928 8.20898208928 8.20898208928 

0 5.84 0.04 8.41590512285 8.41590512285 8.41590512285 8.41590512285 8.41590512285 8.41590512285 8.41590512285 8.41590512285 8.41590512285 8.41590512285 
1 5.84 0.04 8.41592698629 8.41592698629 8.41592698629 8.41592698629 8.41592698629 8.41592698629 8.41592698629 8.41592698629 8.41592698629 8.41592698629 

0 5.88 0.04 8.30815936919 8.30815936919 8.30815936919 8.30815936919 8.30815936919 8.30815936919 8.30815936919 8.30815936919 8.30815936919 8.30815936919 
1 5.88 0.04 8.30817956509 8.30817956509 8.30817956509 8.30817956509 8.30817956509 8.30817956509 8.30817956509 8.30817956509 8.30817956509 8.30817956509 

0 5.92 0.04 8.2096165886 8.2096165886 8.2096165886 8.2096165886 8.2096165886 8.2096165886 8.2096165886 8.2096165886 8.2096165886 8.2096165886 
1 5.92 0.04 8.20963457834 8.20963457834 8.20963457834 8.20963457834 8.20963457834 8.20963457834 8.20963457834 8.20963457834 8.20963457834 8.20963457834 

0 5.96 0.04 8.22722313223 8.22722313223 8.22722313223 8.22722313223 8.22722313223 8.22722313223 8.22722313223 8.22722313223 8.22722313223 8.22722313223 
1 5.96 0.04 8.22723733282 8.22723733282 8.22723733282 8.22723733282 8.22723733282 8.22723733282 8.22723733282 8.22723733282 8.22723733282 8.22723733282 

0 6 0.04 8.08631511404 8.08631511404 8.08631511404 8.08631511404 8.08631511404 8.08631511404 8.08631511404 8.08631511404 8.08631511404 8.08631511404 
1 6 0.04 8.08632893242 8.08632893242 8.08632893242 8.08632893242 8.08632893242 8.08632893242 8.08632893242 8.08632893242 8.08632893242 8.08632893242 

0 6.04 0.04 7.96184309777 7.96184309777 7.96184309777 7.96184309777 7.96184309777 7.96184309777 7.96184309777 7.96184309777 7.96184309777 7.96184309777 
1 6.04 0.04 7.96185552545 7.96185552545 7.96185552545 7.96185552545 7.96185552545 7.96185552545 7.96185552545 7.96185552545 7.96185552545 7.96185552545 

0 6.08 0.04 7.92335306292 7.92335306292 7.92335306292 7.92335306292 7.92335306292 7.92335306292 7.92335306292 7.92335306292 7.92335306292 7.92335306292 
1 6.08 0.04 7.92335364963 7.92335364963 7.92335364963 7.92335364963 7.92335364963 7.92335364963 7.92335364963 7.92335364963 7.92335364963 7.92335364963 

0 6.12 0.04 7.77979301563 7.77979301563 7.77979301563 7.77979301563 7.77979301563 7.77979301563 7.77979301563 7.77979301563 7.77979301563 7.77979301563 
1 6.12 0.04 7.77978936478 7.77978936478 7.77978936478 7.77978936478 7.77978936478 7.77978936478 7.77978936478 7.77978936478 7.77978936478 7.77978936478 

0 6.16 0.04 7.70316501341 7.70316501341 7.70316501341 7.70316501341 7.70316501341 7.70316501341 7.70316501341 7.70316501341 7.70316501341 7.70316501341 
1 6.16 0.04 7.70315062654 7.70315062654 7.70315062654 7.70315062654 7.70315062654 7.70315062654 7.70315062654 7.70315062654 7.70315062654 7.70315062654 

0 6.2 0.04 7.54241844214 7.54241844214 7.54241844214 7.54241844214 7.54241844214 7.54241844214 7.54241844214 7.54241844214 7.54241844214 7.54241844214 
1 6.2 0.04 7.54239918322 7.54239918322 7.54239918322 7.54239918322 7.54239918322 7.54239918322 7.54239918322 7.54239918322 7.54239918322 7.54239918322 

0 6.24 0.04 7.4043735279 7.4043735279 7.4043735279 7.4043735279 7.4043735279 7.4043735279 7.4043735279 7.4043735279 7.4043735279 7.4043735279 
1 6.24 0.04 7.40434777487 7.40434777487 7.40434777487 7.40434777487 7.40434777487 7.40434777487 7.40434777487 7.40434777487 7.40434777487 7.40434777487 

0 6.28 0.04 7.22608123901 7.22608123901 7.22608123901 7.22608123901 7.22608123901 7.22608123901 7.22608123901 7.22608123901 7.22608123901 7.22608123901 
1 6.28 0.04 7.22603958897 7.22603958897 7.22603958897 7.22603958897 7.22603958897 7.22603958897 7.22603958897 7.22603958897 7.22603958897 7.22603958897 

0 6.32 0.04 7.08570994036 7.08570994036 7.08570994036 7.08570994036 7.08570994036 7.08570994036 7.08570994036 7.08570994036 7.08570994036 7.08570994036 
1 6.32 0.04 7.08566495438 7.08566495438 7.08566495438 7.08566495438 7.08566495438 7.08566495438 7.08566495438 7.08566495438 7.08566495438 7.08566495438 

0 6.36 0.04 6.90363105767 6.90363105767 6.90363105767 6.90363105767 6.90363105767 6.90363105767 6.90363105767 6.90363105767 6.90363105767 6.90363105767 
1 6.36 0.04 6.90357601981 6.90357601981 6.90357601981 6.90357601981 6.90357601981 6.90357601981 6.90357601981 6.90357601981 6.90357601981 6.90357601981 

0 6.4 0.04 6.8187768139 6.8187768139 6.8187768139 6.8187768139 6.8187768139 6.8187768139 6.8187768139 6.8187768139 6.8187768139 6.8187768139 
1 6.4 0.04 6.81871798085 6.81871798085 6.81871798085 6.81871798085 6.81871798085 6.81871798085 6.81871798085 6.81871798085 6.81871798085 6.81871798085 

0 6.44 0.04 6.76816651072 6.76816651072 6.76816651072 6.76816651072 6.76816651072 6.76816651072 6.76816651072 6.76816651072 6.76816651072 6.76816651072 
1 6.44 0.04 6.76810388897 6.76810388897 6.76810388897 6.76810388897 6.76810388897 6.76810388897 6.76810388897 6.76810388897 6.76810388897 6.76810388897 

0 6.48 0.04 6.8342347724 6.8342347724 6.8342347724 6.8342347724 6.8342347724 6.8342347724 6.8342347724 6.8342347724 6.8342347724 6.8342347724 
1 6.48 0.04 6.83418150876 6.83418150876 6.83418150876 6.83418150876 6.83418150876 6.83418150876 6.83418150876 6.83418150876 6.83418150876 6.83418150876 

0 6.52 0.04 6.87162595197 6.87162595197 6.87162595197 6.87162595197 6.87162595197 6.87162595197 6.87162595197 6.87162595197 6.87162595197 6.87162595197 
1 6.52 0.04 6.87157309053 6.87157309053 6.87157309053 6.87157309053 6.87157309053 6.87157309053 6.87157309053 6.87157309053 6.87157309053 6.87157309053 

0 6.56 0.04 7.20625163638 7.20625163638 7.20625163638 7.20625163638 7.20625163638 7.20625163638 7.20625163638 7.20625163638 7.20625163638 7.20625163638 
1 6.56 0.04 7.20621510875 7.20621510875 7.20621510875 7.20621510875 7.20621510875 7.20621510875 7.20621510875 7.20621510875 7.20621510875 7.20621510875 

0 6.6 0.04 7.23434613594 7.23434613594 7.23434613594 7.23434613594 7.23434613594 7.23434613594 7.23434613594 7.23434613594 7.23434613594 7.23434613594 
1 6.6 0.04 7.23431282081 7.23431282081 7.23431282081 7.23431282081 7.23431282081 7.23431282081 7.23431282081 7.23431282081 7.23431282081 7.23431282081 

0 6.64 0.04 7.30796547399 7.30796547399 7.30796547399 7.30796547399 7.30796547399 7.30796547399 7.30796547399 7.30796547399 7.30796547399 7.30796547399 
1 6.64 0.04 7.30793210132 7.30793210132 7.30793210132 7.30793210132 7.30793210132 7.30793210132 7.30793210132 7.30793210132 7.30793210132 7.30793210132 

0 6.68 0.04 7.44463176041 7.44463176041 7.44463176041 7.44463176041 7.44463176041 7.44463176041 7.44463176041 7.44463176041 7.44463176041 7.44463176041 
1 6.68 0.04 7.44461914832 7.44461914832 7.44461914832 7.44461914832 7.44461914832 7.44461914832 7.44461914832 7.44461914832 7.44461914832 7.44461914832 

0 6.72 0.04 7.43322725079 7.43322725079 7.43322725079 7.43322725079 7.43322725079 7.43322725079 7.43322725079 7.43322725079 7.43322725079 7.43322725079 
1 6.72 0.04 7.43321919512 7.43321919512 7.43321919512 7.43321919512 7.43321919512 7.43321919512 7.43321919512 7.43321919512 7.43321919512 7.43321919512 

0 6.76 0.04 7.47124910307 7.47124910307 7.47124910307 7.47124910307 7.47124910307 7.47124910307 7.47124910307 7.47124910307 7.47124910307 7.47124910307 
1 6.76 0.04 7.47124873217 7.47124873217 7.47124873217 7.47124873217 7.47124873217 7.47124873217 7.47124873217 7.47124873217 7.47124873217 7.47124873217 

0 6.8 0.04 7.41545384329 7.41545384329 7.41545384329 7.41545384329 7.41545384329 7.41545384329 7.41545384329 7.41545384329 7.41545384329 7.41545384329 
1 6.8 0.04 7.41545780567 7.41545780567 7.41545780567 7.41545780567 7.41545780567 7.41545780567 7.41545780567 7.41545780567 7.41545780567 7.41545780567 

0 6.84 0.04 7.38860935806 7.38860935806 7.38860935806 7.38860935806 7.38860935806 7.38860935806 7.38860935806 7.38860935806 7.38860935806 7.38860935806 
1 6.84 0.04 7.38861343515 7.38861343515 7.38861343515 7.38861343515 7.38861343515 7.38861343515 7.38861343515 7.38861343515 7.38861343515 7.38861343515 

0 6.88 0.04 7.43751275613 7.43751275613 7.43751275613 7.43751275613 7.43751275613 7.43751275613 7.43751275613 7.43751275613 7.43751275613 7.43751275613 
1 6.88 0.04 7.43751972871 7.43751972871 7.43751972871 7.43751972871 7.43751972871 7.43751972871 7.43751972871 7.43751972871 7.43751972871 7.43751972871 

0 6.92 0.04 7.41937282912 7.41937282912 7.41937282912 7.41937282912 7.41937282912 7.41937282912 7.41937282912 7.41937282912 7.41937282912 7.41937282912 
1 6.92 0.04 7.41938291103 7.41938291103 7.41938291103 7.41938291103 7.41938291103 7.41938291103 7.41938291103 7.41938291103 7.41938291103 7.41938291103 

0 6.96 0.04 7.491440884 7.491440884 7.491440884 7.491440884 7.491440884 7.491440884 7.491440884 7.491440884 7.491440884 7.491440884 
1 6.96 0.04 7.49145034988 7.49145034988 7.49145034988 7.49145034988 7.49145034988 7.49145034988 7.49145034988 7.49145034988 7.49145034988 7.49145034988 

0 7 0.04 7.48057274932 7.48057274932 7.48057274932 7.48057274932 7.48057274932 7.48057274932 7.48057274932 7.48057274932 7.48057274932 7.48057274932 
1 7 0.04 7.48057805031 7.48057805031 7.48057805031 7.48057805031 7.48057805031 7.48057805031 7.48057805031 7.48057805031 7.48057805031 7.48057805031 

0 7.04 0.04 7.59202273972 7.59202273972 7.59202273972 7.59202273972 7.59202273972 7.59202273972 7.59202273972 7.59202273972 7.59202273972 7.59202273972 
1 7.04 0.04 7.59203229862 7.59203229862 7.59203229862 7.59203229862 7.59203229862 7.59203229862 7.59203229862 7.59203229862 7.59203229862 7.59203229862 

0 7.08 0.04 7.58685677593 7.58685677593 7.58685677593 7.58685677593 7.58685677593 7.58685677593 7.58685677593 7.58685677593 7.58685677593 7.58685677593 
1 7.08 0.04 7.58686689519 7.58686689519 7.58686689519 7.58686689519 7.58686689519 7.58686689519 7.58686689519 7.58686689519 7.58686689519 7.58686689519 

0 7.12 0.04 7.60171371189 7.60171371189 7.60171371189 7.60171371189 7.60171371189 7.60171371189 7.60171371189 7.60171371189 7.60171371189 7.60171371189 
1 7.12 0.04 7.60172406843 7.60172406843 7.60172406843 7.60172406843 7.60172406843 7.60172406843 7.60172406843 7.60172406843 7.60172406843 7.60172406843 

0 7.16 0.04 7.75367136592 7.75367136592 7.75367136592 7.75367136592 7.75367136592 7.75367136592 7.75367136592 7.75367136592 7.75367136592 7.75367136592 
1 7.16 0.04 7.7536770485 7.7536770485 7.7536770485 7.7536770485 7.7536770485 7.7536770485 7.7536770485 7.7536770485 7.7536770485 7.7536770485 

0 7.2 0.04 7.78652250501 7.78652250501 7.78652250501 7.78652250501 7.78652250501 7.78652250501 7.78652250501 7.78652250501 7.78652250501 7.78652250501 
1 7.2 0.04 7.7865295448 7.7865295448 7.7865295448 7.7865295448 7.7865295448 7.7865295448 7.7865295448 7.7865295448 7.7865295448 7.7865295448 

0 7.24 0.04 7.93779430366 7.93779430366 7.93779430366 7.93779430366 7.93779430366 7.93779430366 7.93779430366 7.93779430366 7.93779430366 7.93779430366 
1 7.24 0.04 7.93780134508 7.93780134508 7.93780134508 7.93780134508 7.93780134508 7.93780134508 7.93780134508 7.93780134508 7.93780134508 7.93780134508 

0 7.28 0.04 7.97792406857 7.97792406857 7.97792406857 7.97792406857 7.97792406857 7.97792406857 7.97792406857 7.97792406857 7.97792406857 7.97792406857 
1 7.28 0.04 7.97793292083 7.97793292083 7.97793292083 7.97793292083 7.97793292083 7.97793292083 7.97793292083 7.97793292083 7.97793292083 7.97793292083 

0 7.32 0.04 8.14705321525 8.14705321525 8.14705321525 8.14705321525 8.14705321525 8.14705321525 8.14705321525 8.14705321525 8.14705321525 8.14705321525 
1 7.32 0.04 8.14706312796 8.14706312796 8.14706312796 8.14706312796 8.14706312796 8.14706312796 8.14706312796 8.14706312796 8.14706312796 8.14706312796 

0 7.36 0.04 8.19562907203 8.19562907203 8.19562907203 8.19562907203 8.19562907203 8.19562907203 8.19562907203 8.19562907203 8.19562907203 8.19562907203 
1 7.36 0.04 8.19563810378 8.19563810378 8.19563810378 8.19563810378 8.19563810378 8.19563810378 8.19563810378 8.19563810378 8.19563810378 8.19563810378 

0 7.4 0.04 8.38777628116 8.38777628116 8.38777628116 8.38777628116 8.38777628116 8.38777628116 8.38777628116 8.38777628116 8.38777628116 8.38777628116 
1 7.4 0.04 8.38778913101 8.38778913101 8.38778913101 8.38778913101 8.38778913101 8.38778913101 8.38778913101 8.38778913101 8.38778913101 8.38778913101 

0 7.44 0.04 8.44202074262 8.44202074262 8.44202074262 8.44202074262 8.44202074262 8.44202074262 8.44202074262 8.44202074262 8.44202074262 8.44202074262 
1 7.44 0.04 8.44203026318 8.44203026318 8.44203026318 8.44203026318 8.44203026318 8.44203026318 8.44203026318 8.44203026318 8.44203026318 8.44203026318 

0 7.48 0.04 8.66569104414 8.66569104414 8.66569104414 8.66569104414 8.66569104414 8.66569104414 8.66569104414 8.66569104414 8.66569104414 8.66569104414 
1 7.48 0.04 8.66570096257 8.66570096257 8.66570096257 8.66570096257 8.66570096257 8.66570096257 8.66570096257 8.66570096257 8.66570096257 8.66570096257 

0 7.52 0.04 8.72992713665 8.72992713665 8.72992713665 8.72992713665 8.72992713665 8.72992713665 8.72992713665 8.72992713665 8.72992713665 8.72992713665 
1 7.52 0.04 8.7299373057 8.7299373057 8.7299373057 8.7299373057 8.7299373057 8.7299373057 8.7299373057 8.7299373057 8.7299373057 8.7299373057 

0 7.56 0.04 8.79889438384 8.79889438384 8.79889438384 8.79889438384 8.79889438384 8.79889438384 8.79889438384 8.79889438384 8.79889438384 8.79889438384 
1 7.56 0.04 8.79890340768 8.79890340768 8.79890340768 8.79890340768 8.79890340768 8.79890340768 8.79890340768 8.79890340768 8.79890340768 8.79890340768 

0 7.6 0.04 9.02577268652 9.02577268652 9.02577268652 9.02577268652 9.02577268652 9.02577268652 9.02577268652 9.02577268652 9.02577268652 9.02577268652 
1 7.6 0.04 9.0257857392 9.0257857392 9.0257857392 9.0257857392 9.0257857392 9.0257857392 9.0257857392 9.0257857392 9.0257857392 9.0257857392 

0 7.64 0.04 9.08527984037 9.08527984037 9.08527984037 9.08527984037 9.08527984037 9.08527984037 9.08527984037 9.08527984037 9.08527984037 9.08527984037 
1 7.64 0.04 9.085294557 9.085294557 9.085294557 9.085294557 9.085294557 9.085294557 9.085294557 9.085294557 9.085294557 9.085294557 

0 7.68 0.04 9.35003336437 9.35003336437 9.35003336437 9.35003336437 9.35003336437 9.35003336437 9.35003336437 9.35003336437 9.35003336437 9.35003336437 
1 7.68 0.04 9.35004694835 9.35004694835 9.35004694835 9.35004694835 9.35004694835 9.35004694835 9.35004694835 9.35004694835 9.35004694835 9.35004694835 

0 7.72 0.04 9.38589697313 9.38589697313 9.38589697313 9.38589697313 9.38589697313 9.38589697313 9.38589697313 9.38589697313 9.38589697313 9.38589697313 
1 7.72 0.04 9.38591093214 9.38591093214 9.38591093214 9.38591093214 9.38591093214 9.38591093214 9.38591093214 9.38591093214 9.38591093214 9.38591093214 

0 7.76 0.04 9.673917622 9.673917622 9.673917622 9.673917622 9.673917622 9.673917622 9.673917622 9.673917622 9.673917622 9.673917622 
1 7.76 0.04 9.67393226286 9.67393226286 9.67393226286 9.67393226286 9.67393226286 9.67393226286 9.67393226286 9.67393226286 9.67393226286 9.67393226286 

0 7.8 0.04 9.65027006065 9.65027006065 9.65027006065 9.65027006065 9.65027006065 9.65027006065 9.65027006065 9.65027006065 9.65027006065 9.65027006065 
1 7.8 0.04 9.65028567779 9.65028567779 9.65028567779 9.65028567779 9.65028567779 9.65028567779 9.65028567779 9.65028567779 9.65028567779 9.65028567779 

0 7.84 0.04 9.89339008465 9.89339008465 9.89339008465 9.89339008465 9.89339008465 9.89339008465 9.89339008465 9.89339008465 9.89339008465 9.89339008465 
1 7.84 0.04 9.89340938779 9.89340938779 9.89340938779 9.89340938779 9.89340938779 9.89340938779 9.89340938779 9.89340938779 9.89340938779 9.89340938779 

0 7.88 0.04 9.79103594558 9.79103594558 9.79103594558 9.79103594558 9.79103594558 9.79103594558 9.79103594558 9.79103594558 9.79103594558 9.79103594558 
1 7.88 0.04 9.79105578845 9.79105578845 9.79105578845 9.79105578845 9.79105578845 9.79105578845 9.79105578845 9.79105578845 9.79105578845 9.79105578845 

0 7.92 0.04 9.99004057553 9.99004057553 9.99004057553 9.99004057553 9.99004057553 9.99004057553 9.99004057553 9.99004057553 9.99004057553 9.99004057553 
1 7.92 0.04 9.99006065594 9.99006065594 9.99006065594 9.99006065594 9.99006065594 9.99006065594 9.99006065594 9.99006065594 9.99006065594 9.99006065594 

0 7.96 0.04 9.85152604992 9.85152604992 9.85152604992 9.85152604992 9.85152604992 9.85152604992 9.85152604992 9.85152604992 9.85152604992 9.85152604992 
1 7.96 0.04 9.85154485 9.85154485 9.85154485 9.85154485 9.85154485 9.85154485 9.85154485 9.85154485 9.85154485 9.85154485 

0 8 0.04 10.398744964 10.398744964 10.398744964 10.398744964 10.398744964 10.398744964 10.398744964 10.398744964 10.398744964 10.398744964 
1 8 0.04 10.3987607907 10.3987607907 10.3987607907 10.3987607907 10.3987607907 10.3987607907 10.3987607907 10.3987607907 10.3987607907 10.3987607907 

0 8.04 0.04 9.61263655262 9.61263655262 9.61263655262 9.61263655262 9.61263655262 9.61263655262 9.61263655262 9.61263655262 9.61263655262 9.61263655262 
1 8.04 0.04 9.61265276721 9.61265276721 9.61265276721 9.61265276721 9.61265276721 9.61265276721 9.61265276721 9.61265276721 9.61265276721 9.61265276721 

0 8.08 0.04 8.86065749646 8.86065749646 8.86065749646 8.86065749646 8.86065749646 8.86065749646 8.86065749646 8.86065749646 8.86065749646 8.86065749646 
1 8.08 0.04 8.86067330257 8.86067330257 8.86067330257 8.86067330257 8.86067330257 8.86067330257 8.86067330257 8.86067330257 8.86067330257 8.86067330257 

0 8.12 0.04 8.1844074204 8.1844074204 8.1844074204 8.1844074204 8.1844074204 8.1844074204 8.1844074204 8.1844074204 8.1844074204 8.1844074204 
1 8.12 0.04 8.18442172429 8.18442172429 8.18442172429 8.18442172429 8.18442172429 8.18442172429 8.18442172429 8.18442172429 8.18442172429 8.18442172429 

0 8.16 0.04 7.55896219481 7.55896219481 7.55896219481 7.55896219481 7.55896219481 7.55896219481 7.55896219481 7.55896219481 7.55896219481 7.55896219481 
1 8.16 0.04 7.55897400003 7.55897400003 7.55897400003 7.55897400003 7.55897400003 7.55897400003 7.55897400003 7.55897400003 7.55897400003 7.55897400003 

0 8.2 0.04 6.95301459356 6.95301459356 6.95301459356 6.95301459356 6.95301459356 6.95301459356 6.95301459356 6.95301459356 6.95301459356 6.95301459356 
1 8.2 0.04 6.95302221026 6.95302221026 6.95302221026 6.95302221026 6.95302221026 6.95302221026 6.95302221026 6.95302221026 6.95302221026 6.95302221026 

0 8.24 0.04 6.35098281013 6.35098281013 6.35098281013 6.35098281013 6.35098281013 6.35098281013 6.35098281013 6.35098281013 6.35098281013 6.35098281013 
1 8.24 0.04 6.35098466798 6.35098466798 6.35098466798 6.35098466798 6.35098466798 6.35098466798 6.35098466798 6.35098466798 6.35098466798 6.35098466798 

0 8.28 0.04 0 0 0 0 0 0 0 0 0 0 
1 8.28 0.04 0 0 0 0 0 0 0 0 0 0 

0 8.32 0.04 0 0 0 0 0 0 0 0 0 0 
1 8.32 0.04 0 0 0 0 0 0 0 0 0 0 

0 8.36 0.04 0 0 0 0 0 0 0 0 0 0 
1 8.36 0.04 0 0 0 0 0 0 0 0 0 0 

0 8.4 0.04 0 0 0 0 0 0 0 0 0 0 
1 8.4 0.04 0 0 0 0 0 0 0 0 0 0 

0 8.44 0.04 0 0 0 0 0 0 0 0 0 0 
1 8.44 0.04 0 0 0 0 0 0 0 0 0 0 

0 8.48 0.04 0 0 0 0 0 0 0 0 0 0 
1 8.48 0.04 0 0 0 0 0 0 0 0 0 0 

0 8.52 0.04 0 0 0 0 0 0 0 0 0 0 
1 8.52 0.04 0 0 0 0 0 0 0 0 0 0 

0 8.56 0.04 0 0 0 0 0 0 0 0 0 0 
1 8.56 0.04 0 0 0 0 0 0 0 0 0 0 

0 8.6 0.04 0 0 0 0 0 0 0 0 0 0 
1 8.6 0.04 0 0 0 0 0 0 0 0 0 0 

