#Turbine    Time(s)    dt(s)    nacelle axial force (N)
0 0 0.04 0
1 0 0.04 0

0 0.04 0.04 200.703999999
1 0.04 0.04 200.703999999

0 0.08 0.04 201.825187329
1 0.08 0.04 201.825185279

0 0.12 0.04 202.038248059
1 0.12 0.04 202.038245067

0 0.16 0.04 202.661297038
1 0.16 0.04 202.661301926

0 0.2 0.04 203.134826265
1 0.2 0.04 203.134818171

0 0.24 0.04 203.675398885
1 0.24 0.04 203.675386466

0 0.28 0.04 204.260640275
1 0.28 0.04 204.260629426

0 0.32 0.04 204.84574395
1 0.32 0.04 204.845744628

0 0.36 0.04 205.515794445
1 0.36 0.04 205.515797738

0 0.4 0.04 206.180842322
1 0.4 0.04 206.18084174

0 0.44 0.04 206.941914895
1 0.44 0.04 206.941889151

0 0.48 0.04 207.677273789
1 0.48 0.04 207.677277322

0 0.52 0.04 208.428110212
1 0.52 0.04 208.428116658

0 0.56 0.04 209.271890981
1 0.56 0.04 209.271886755

0 0.6 0.04 210.13442646
1 0.6 0.04 210.13442857

0 0.64 0.04 211.843696271
1 0.64 0.04 211.843714363

0 0.68 0.04 212.328652404
1 0.68 0.04 212.328666125

0 0.72 0.04 212.878287007
1 0.72 0.04 212.878299476

0 0.76 0.04 213.2942831
1 0.76 0.04 213.294298087

0 0.8 0.04 213.856207483
1 0.8 0.04 213.856238291

0 0.84 0.04 214.355511145
1 0.84 0.04 214.355517901

0 0.88 0.04 214.70561424
1 0.88 0.04 214.70562609

0 0.92 0.04 214.90377653
1 0.92 0.04 214.903794265

0 0.96 0.04 215.147276868
1 0.96 0.04 215.147267364

0 1 0.04 215.416231324
1 1 0.04 215.416216866

0 1.04 0.04 216.31365782
1 1.04 0.04 216.313527566

0 1.08 0.04 216.17400235
1 1.08 0.04 216.173841723

0 1.12 0.04 215.962750957
1 1.12 0.04 215.962633708

0 1.16 0.04 215.823206857
1 1.16 0.04 215.823063459

0 1.2 0.04 216.130392468
1 1.2 0.04 216.130162685

0 1.24 0.04 215.389831215
1 1.24 0.04 215.389615567

0 1.28 0.04 214.639901086
1 1.28 0.04 214.639661217

0 1.32 0.04 214.60802045
1 1.32 0.04 214.608319413

0 1.36 0.04 213.198292521
1 1.36 0.04 213.198604483

0 1.4 0.04 211.641705543
1 1.4 0.04 211.641997566

0 1.44 0.04 211.041496035
1 1.44 0.04 211.041515818

0 1.48 0.04 208.638885818
1 1.48 0.04 208.638806272

0 1.52 0.04 206.308864096
1 1.52 0.04 206.308703543

0 1.56 0.04 204.362535546
1 1.56 0.04 204.362255697

0 1.6 0.04 201.078001712
1 1.6 0.04 201.077689161

0 1.64 0.04 197.855379367
1 1.64 0.04 197.854995004

0 1.68 0.04 194.373270469
1 1.68 0.04 194.372914294

0 1.72 0.04 190.475264037
1 1.72 0.04 190.474822232

0 1.76 0.04 186.254987512
1 1.76 0.04 186.254642407

0 1.8 0.04 181.998331803
1 1.8 0.04 181.997671847

0 1.84 0.04 177.388552893
1 1.84 0.04 177.387370792

0 1.88 0.04 173.149239691
1 1.88 0.04 173.147736589

0 1.92 0.04 168.981113746
1 1.92 0.04 168.979272229

0 1.96 0.04 164.408786022
1 1.96 0.04 164.406662636

0 2 0.04 160.647352984
1 2 0.04 160.645332551

0 2.04 0.04 156.652487662
1 2.04 0.04 156.651285204

0 2.08 0.04 153.516649549
1 2.08 0.04 153.515581402

0 2.12 0.04 150.354753502
1 2.12 0.04 150.35313665

0 2.16 0.04 148.072771614
1 2.16 0.04 148.070858379

0 2.2 0.04 146.261626945
1 2.2 0.04 146.259729863

0 2.24 0.04 144.85323136
1 2.24 0.04 144.851063644

0 2.28 0.04 144.360955948
1 2.28 0.04 144.358759574

0 2.32 0.04 144.000186577
1 2.32 0.04 143.998171162

0 2.36 0.04 143.965576631
1 2.36 0.04 143.963420032

0 2.4 0.04 144.506106018
1 2.4 0.04 144.503606835

0 2.44 0.04 144.712381039
1 2.44 0.04 144.709497508

0 2.48 0.04 145.869351191
1 2.48 0.04 145.86567809

0 2.52 0.04 146.960443525
1 2.52 0.04 146.956654928

0 2.56 0.04 147.429993948
1 2.56 0.04 147.426227871

0 2.6 0.04 148.684250085
1 2.6 0.04 148.680252481

0 2.64 0.04 148.701474637
1 2.64 0.04 148.697540743

0 2.68 0.04 149.119453964
1 2.68 0.04 149.115934115

0 2.72 0.04 149.839570544
1 2.72 0.04 149.835683801

0 2.76 0.04 149.787910531
1 2.76 0.04 149.783799817

0 2.8 0.04 149.1803362
1 2.8 0.04 149.175867807

0 2.84 0.04 148.578781759
1 2.84 0.04 148.574123764

0 2.88 0.04 147.84126752
1 2.88 0.04 147.836362316

0 2.92 0.04 146.916506831
1 2.92 0.04 146.911310392

0 2.96 0.04 146.14076173
1 2.96 0.04 146.13541245

0 3 0.04 145.411402828
1 3 0.04 145.405301536

0 3.04 0.04 144.665978637
1 3.04 0.04 144.659357005

0 3.08 0.04 144.2932834
1 3.08 0.04 144.287220019

0 3.12 0.04 144.114322255
1 3.12 0.04 144.110277905

0 3.16 0.04 144.114613018
1 3.16 0.04 144.106025427

0 3.2 0.04 144.135346976
1 3.2 0.04 144.125633072

0 3.24 0.04 144.661266374
1 3.24 0.04 144.654461388

0 3.28 0.04 145.370623031
1 3.28 0.04 145.363310292

0 3.32 0.04 146.239153008
1 3.32 0.04 146.231646814

0 3.36 0.04 147.215278892
1 3.36 0.04 147.207651487

0 3.4 0.04 148.291933094
1 3.4 0.04 148.284261439

0 3.44 0.04 149.219146715
1 3.44 0.04 149.211223767

0 3.48 0.04 150.458306415
1 3.48 0.04 150.450221525

0 3.52 0.04 151.861978264
1 3.52 0.04 151.853259441

0 3.56 0.04 153.540230519
1 3.56 0.04 153.530993315

0 3.6 0.04 155.550109159
1 3.6 0.04 155.540990461

0 3.64 0.04 157.761387825
1 3.64 0.04 157.751721457

0 3.68 0.04 161.326742998
1 3.68 0.04 161.318085741

0 3.72 0.04 165.055971816
1 3.72 0.04 165.048307935

0 3.76 0.04 170.097771904
1 3.76 0.04 170.090066518

0 3.8 0.04 175.442321402
1 3.8 0.04 175.434311378

0 3.84 0.04 181.328452889
1 3.84 0.04 181.321355448

0 3.88 0.04 187.076353677
1 3.88 0.04 187.070716232

0 3.92 0.04 191.971882683
1 3.92 0.04 191.965450882

0 3.96 0.04 194.66686998
1 3.96 0.04 194.660729897

0 4 0.04 194.531684788
1 4 0.04 194.526527404

0 4.04 0.04 191.574333089
1 4.04 0.04 191.570228551

0 4.08 0.04 186.429971567
1 4.08 0.04 186.426164133

0 4.12 0.04 179.744970599
1 4.12 0.04 179.741528883

0 4.16 0.04 172.008002082
1 4.16 0.04 172.005313957

0 4.2 0.04 163.592629673
1 4.2 0.04 163.589873111

0 4.24 0.04 154.973753707
1 4.24 0.04 154.971065515

0 4.28 0.04 146.597743856
1 4.28 0.04 146.595331076

0 4.32 0.04 138.910569094
1 4.32 0.04 138.907215504

0 4.36 0.04 132.083478996
1 4.36 0.04 132.079716804

0 4.4 0.04 127.707402476
1 4.4 0.04 127.702854779

0 4.44 0.04 118.339152341
1 4.44 0.04 118.334061217

0 4.48 0.04 107.127916866
1 4.48 0.04 107.123508304

0 4.52 0.04 102.62253823
1 4.52 0.04 102.617850709

0 4.56 0.04 112.492535954
1 4.56 0.04 112.487229466

0 4.6 0.04 108.622537836
1 4.6 0.04 108.616757559

0 4.64 0.04 106.281195909
1 4.64 0.04 106.275355115

0 4.68 0.04 103.91521165
1 4.68 0.04 103.909270042

0 4.72 0.04 102.563003332
1 4.72 0.04 102.556911003

0 4.76 0.04 107.27676519
1 4.76 0.04 107.270798072

0 4.8 0.04 115.329474637
1 4.8 0.04 115.323647772

0 4.84 0.04 126.744801978
1 4.84 0.04 126.739246721

0 4.88 0.04 144.254365347
1 4.88 0.04 144.249569911

0 4.92 0.04 159.401185206
1 4.92 0.04 159.396804736

0 4.96 0.04 174.339139838
1 4.96 0.04 174.335917047

0 5 0.04 184.111179706
1 5 0.04 184.107819236

0 5.04 0.04 188.418842839
1 5.04 0.04 188.415756605

0 5.08 0.04 188.189986074
1 5.08 0.04 188.187355871

0 5.12 0.04 190.445112386
1 5.12 0.04 190.443088408

0 5.16 0.04 193.573260684
1 5.16 0.04 193.571592246

0 5.2 0.04 187.696064916
1 5.2 0.04 187.695988238

0 5.24 0.04 192.071645998
1 5.24 0.04 192.071919666

0 5.28 0.04 193.040024421
1 5.28 0.04 193.040450912

0 5.32 0.04 194.505041841
1 5.32 0.04 194.505580173

0 5.36 0.04 195.628614841
1 5.36 0.04 195.629245856

0 5.4 0.04 206.175564679
1 5.4 0.04 206.176125921

0 5.44 0.04 208.385757461
1 5.44 0.04 208.386286916

0 5.48 0.04 210.225401138
1 5.48 0.04 210.225868573

0 5.52 0.04 220.953678764
1 5.52 0.04 220.95414125

0 5.56 0.04 220.439678087
1 5.56 0.04 220.440054395

0 5.6 0.04 228.035660477
1 5.6 0.04 228.036141894

0 5.64 0.04 224.276166887
1 5.64 0.04 224.276664541

0 5.68 0.04 220.163664224
1 5.68 0.04 220.164170015

0 5.72 0.04 227.750627367
1 5.72 0.04 227.751201488

0 5.76 0.04 223.583004121
1 5.76 0.04 223.583624467

0 5.8 0.04 219.592425642
1 5.8 0.04 219.593121774

0 5.84 0.04 229.953306382
1 5.84 0.04 229.954213255

0 5.88 0.04 224.699582685
1 5.88 0.04 224.700385513

0 5.92 0.04 219.895551669
1 5.92 0.04 219.896230712

0 5.96 0.04 220.614426137
1 5.96 0.04 220.614932693

0 6 0.04 213.774687051
1 6 0.04 213.775164133

0 6.04 0.04 207.798158689
1 6.04 0.04 207.798565212

0 6.08 0.04 205.774993131
1 6.08 0.04 205.77481454

0 6.12 0.04 198.972774422
1 6.12 0.04 198.972383959

0 6.16 0.04 195.060635604
1 6.16 0.04 195.059723896

0 6.2 0.04 187.569745673
1 6.2 0.04 187.568600269

0 6.24 0.04 181.160880911
1 6.24 0.04 181.159444801

0 6.28 0.04 172.748413825
1 6.28 0.04 172.74627961

0 6.32 0.04 166.377799646
1 6.32 0.04 166.37555325

0 6.36 0.04 157.888131112
1 6.36 0.04 157.885497744

0 6.4 0.04 154.147488386
1 6.4 0.04 154.144681228

0 6.44 0.04 151.730698303
1 6.44 0.04 151.727722904

0 6.48 0.04 153.775129261
1 6.48 0.04 153.772446558

0 6.52 0.04 155.395196621
1 6.52 0.04 155.392484508

0 6.56 0.04 169.550692849
1 6.56 0.04 169.548560869

0 6.6 0.04 171.302964076
1 6.6 0.04 171.300947128

0 6.64 0.04 174.957012625
1 6.64 0.04 174.954978767

0 6.68 0.04 181.126239229
1 6.68 0.04 181.125129555

0 6.72 0.04 181.079156748
1 6.72 0.04 181.078252296

0 6.76 0.04 182.334496775
1 6.76 0.04 182.333979113

0 6.8 0.04 180.237769328
1 6.8 0.04 180.237448851

0 6.84 0.04 179.360972328
1 6.84 0.04 179.360670256

0 6.88 0.04 181.038613466
1 6.88 0.04 181.03852703

0 6.92 0.04 180.58989309
1 6.92 0.04 180.589958327

0 6.96 0.04 183.153745556
1 6.96 0.04 183.153839073

0 7 0.04 183.075926814
1 7 0.04 183.075847253

0 7.04 0.04 187.432066602
1 7.04 0.04 187.432225829

0 7.08 0.04 187.671272365
1 7.08 0.04 187.671465022

0 7.12 0.04 188.840741186
1 7.12 0.04 188.840958472

0 7.16 0.04 195.312912295
1 7.16 0.04 195.312956724

0 7.2 0.04 197.449676103
1 7.2 0.04 197.449797277

0 7.24 0.04 204.045245275
1 7.24 0.04 204.045395372

0 7.28 0.04 206.640963973
1 7.28 0.04 206.641205956

0 7.32 0.04 214.41803678
1 7.32 0.04 214.418369231

0 7.36 0.04 217.557106475
1 7.36 0.04 217.557397354

0 7.4 0.04 226.887083116
1 7.4 0.04 226.887595642

0 7.44 0.04 230.429119068
1 7.44 0.04 230.429471259

0 7.48 0.04 241.900457965
1 7.48 0.04 241.900862865

0 7.52 0.04 246.092868418
1 7.52 0.04 246.093295724

0 7.56 0.04 250.678753506
1 7.56 0.04 250.67913079

0 7.6 0.04 262.679261012
1 7.6 0.04 262.679892521

0 7.64 0.04 266.751110042
1 7.64 0.04 266.751844156

0 7.68 0.04 281.414785054
1 7.68 0.04 281.415494633

0 7.72 0.04 284.096199863
1 7.72 0.04 284.096943162

0 7.76 0.04 300.644161218
1 7.76 0.04 300.644990317

0 7.8 0.04 299.662544505
1 7.8 0.04 299.663450419

0 7.84 0.04 313.91524743
1 7.84 0.04 313.916429214

0 7.88 0.04 307.971309641
1 7.88 0.04 307.972534753

0 7.92 0.04 319.657499219
1 7.92 0.04 319.658776507

0 7.96 0.04 311.47300527
1 7.96 0.04 311.474209062

0 8 0.04 346.423060374
1 8 0.04 346.424161328

0 8.04 0.04 296.418566063
1 8.04 0.04 296.419642541

0 8.08 0.04 250.927322018
1 8.08 0.04 250.928309264

0 8.12 0.04 212.234969591
1 8.12 0.04 212.235791271

0 8.16 0.04 179.572004456
1 8.16 0.04 179.572602301

0 8.2 0.04 151.754169975
1 8.2 0.04 151.754466855

0 8.24 0.04 128.123997855
1 8.24 0.04 128.123952651

0 8.28 0.04 0
1 8.28 0.04 0

0 8.32 0.04 0
1 8.32 0.04 0

0 8.36 0.04 0
1 8.36 0.04 0

0 8.4 0.04 0
1 8.4 0.04 0

0 8.44 0.04 0
1 8.44 0.04 0

0 8.48 0.04 0
1 8.48 0.04 0

0 8.52 0.04 0
1 8.52 0.04 0

0 8.56 0.04 0
1 8.56 0.04 0

0 8.6 0.04 0
1 8.6 0.04 0

