#Turbine    Time(s)    dt(s)    rotor axial force (N)
0 0 0.04 0
1 0 0.04 0

0 0.04 0.04 390180.702108
1 0.04 0.04 390180.702108

0 0.08 0.04 300043.623643
1 0.08 0.04 300043.286815

0 0.12 0.04 322447.470815
1 0.12 0.04 322447.572256

0 0.16 0.04 294606.207883
1 0.16 0.04 294605.838174

0 0.2 0.04 288482.472828
1 0.2 0.04 288481.56376

0 0.24 0.04 281614.581475
1 0.24 0.04 281614.975651

0 0.28 0.04 274713.610087
1 0.28 0.04 274713.788764

0 0.32 0.04 276896.658106
1 0.32 0.04 276896.747007

0 0.36 0.04 276971.487824
1 0.36 0.04 276971.684023

0 0.4 0.04 288122.575209
1 0.4 0.04 288121.017823

0 0.44 0.04 294116.060473
1 0.44 0.04 294117.566255

0 0.48 0.04 306164.325404
1 0.48 0.04 306163.420411

0 0.52 0.04 324596.183872
1 0.52 0.04 324596.794301

0 0.56 0.04 339527.641682
1 0.56 0.04 339526.526981

0 0.6 0.04 351859.859804
1 0.6 0.04 351860.94891

0 0.64 0.04 372027.818826
1 0.64 0.04 372027.084024

0 0.68 0.04 387412.925246
1 0.68 0.04 387413.894661

0 0.72 0.04 392711.664536
1 0.72 0.04 392710.973506

0 0.76 0.04 413057.99733
1 0.76 0.04 413058.63168

0 0.8 0.04 413550.226808
1 0.8 0.04 413549.776424

0 0.84 0.04 425059.178519
1 0.84 0.04 425059.936557

0 0.88 0.04 425287.897208
1 0.88 0.04 425287.601637

0 0.92 0.04 428723.935115
1 0.92 0.04 428723.788751

0 0.96 0.04 428024.61826
1 0.96 0.04 428025.80958

0 1 0.04 420166.101212
1 1 0.04 420165.596575

0 1.04 0.04 417460.098363
1 1.04 0.04 417459.571337

0 1.08 0.04 409712.376583
1 1.08 0.04 409713.839682

0 1.12 0.04 409403.519456
1 1.12 0.04 409403.929583

0 1.16 0.04 397005.433689
1 1.16 0.04 397006.887284

0 1.2 0.04 395072.36567
1 1.2 0.04 395071.259291

0 1.24 0.04 388045.234124
1 1.24 0.04 388045.326978

0 1.28 0.04 378417.258843
1 1.28 0.04 378417.145795

0 1.32 0.04 375114.142705
1 1.32 0.04 375115.323864

0 1.36 0.04 360031.06272
1 1.36 0.04 360031.261317

0 1.4 0.04 361125.45586
1 1.4 0.04 361124.942474

0 1.44 0.04 343854.867098
1 1.44 0.04 343855.981896

0 1.48 0.04 342173.599755
1 1.48 0.04 342172.922495

0 1.52 0.04 333677.738727
1 1.52 0.04 333677.956146

0 1.56 0.04 323285.001854
1 1.56 0.04 323284.838714

0 1.6 0.04 317961.458231
1 1.6 0.04 317960.756821

0 1.64 0.04 312436.627309
1 1.64 0.04 312437.445638

0 1.68 0.04 305032.25321
1 1.68 0.04 305030.296999

0 1.72 0.04 297028.300338
1 1.72 0.04 297028.820303

0 1.76 0.04 295610.052112
1 1.76 0.04 295607.866916

0 1.8 0.04 287107.948276
1 1.8 0.04 287107.723335

0 1.84 0.04 284028.534127
1 1.84 0.04 284027.25843

0 1.88 0.04 277713.063596
1 1.88 0.04 277712.541418

0 1.92 0.04 274916.397401
1 1.92 0.04 274914.135592

0 1.96 0.04 274449.532834
1 1.96 0.04 274449.601122

0 2 0.04 269838.698004
1 2 0.04 269837.79387

0 2.04 0.04 266600.638478
1 2.04 0.04 266598.603007

0 2.08 0.04 264336.256457
1 2.08 0.04 264336.162644

0 2.12 0.04 260433.536048
1 2.12 0.04 260432.852012

0 2.16 0.04 257228.726052
1 2.16 0.04 257229.019035

0 2.2 0.04 252940.76765
1 2.2 0.04 252938.987846

0 2.24 0.04 250191.704013
1 2.24 0.04 250192.161018

0 2.28 0.04 253106.930171
1 2.28 0.04 253107.784827

0 2.32 0.04 261688.340066
1 2.32 0.04 261690.909049

0 2.36 0.04 274789.925712
1 2.36 0.04 274797.827889

0 2.4 0.04 304170.567699
1 2.4 0.04 304181.670273

0 2.44 0.04 365806.450238
1 2.44 0.04 365830.239407

0 2.48 0.04 367124.520562
1 2.48 0.04 367147.570411

0 2.52 0.04 390894.52543
1 2.52 0.04 390916.841882

0 2.56 0.04 448253.421554
1 2.56 0.04 448271.039525

0 2.6 0.04 314938.273593
1 2.6 0.04 314945.104584

0 2.64 0.04 237930.998573
1 2.64 0.04 237932.553848

0 2.68 0.04 219625.005699
1 2.68 0.04 219625.797942

0 2.72 0.04 211261.556771
1 2.72 0.04 211260.943614

0 2.76 0.04 200434.112402
1 2.76 0.04 200435.236544

0 2.8 0.04 184940.942756
1 2.8 0.04 184939.826422

0 2.84 0.04 173549.882342
1 2.84 0.04 173549.254218

0 2.88 0.04 160714.445832
1 2.88 0.04 160709.965748

0 2.92 0.04 146698.028186
1 2.92 0.04 146695.721798

0 2.96 0.04 138445.750513
1 2.96 0.04 138444.498354

0 3 0.04 125493.37418
1 3 0.04 125489.157868

0 3.04 0.04 117050.427323
1 3.04 0.04 117048.487676

0 3.08 0.04 110458.749372
1 3.08 0.04 110454.764417

0 3.12 0.04 101226.405134
1 3.12 0.04 101224.829613

0 3.16 0.04 93968.3781453
1 3.16 0.04 93964.4699703

0 3.2 0.04 89368.8824118
1 3.2 0.04 89366.4843491

0 3.24 0.04 80123.1538484
1 3.24 0.04 80126.9563935

0 3.28 0.04 76197.9884375
1 3.28 0.04 76191.4515831

0 3.32 0.04 69956.8578687
1 3.32 0.04 69955.23513

0 3.36 0.04 69037.916744
1 3.36 0.04 69040.7152435

0 3.4 0.04 63788.9292796
1 3.4 0.04 63786.4085153

0 3.44 0.04 64183.4822207
1 3.44 0.04 64185.7103362

0 3.48 0.04 58413.0310357
1 3.48 0.04 58406.3597829

0 3.52 0.04 53618.4488778
1 3.52 0.04 53627.3937431

0 3.56 0.04 43434.8609474
1 3.56 0.04 43426.4032249

0 3.6 0.04 18199.5496486
1 3.6 0.04 18207.5738961

0 3.64 0.04 40737.329348
1 3.64 0.04 40728.721383

0 3.68 0.04 -17819.188075
1 3.68 0.04 -17811.806269

0 3.72 0.04 13719.5318547
1 3.72 0.04 13707.7535629

0 3.76 0.04 -65133.6819374
1 3.76 0.04 -65136.8871376

0 3.8 0.04 -87964.0498763
1 3.8 0.04 -87989.6308834

0 3.84 0.04 -192392.012955
1 3.84 0.04 -192415.900365

0 3.88 0.04 -141416.959378
1 3.88 0.04 -141432.318573

0 3.92 0.04 -62690.5307004
1 3.92 0.04 -62693.8617884

0 3.96 0.04 -27128.9097388
1 3.96 0.04 -27128.6277418

0 4 0.04 -30958.2351097
1 4 0.04 -30959.8074263

0 4.04 0.04 -27322.9847669
1 4.04 0.04 -27323.6896505

0 4.08 0.04 -23308.1576244
1 4.08 0.04 -23309.1885028

0 4.12 0.04 -20321.3159047
1 4.12 0.04 -20320.9640356

0 4.16 0.04 -7260.50957919
1 4.16 0.04 -7258.80407302

0 4.2 0.04 9458.81555718
1 4.2 0.04 9463.30716136

0 4.24 0.04 74062.0495142
1 4.24 0.04 74076.8082761

0 4.28 0.04 124334.049275
1 4.28 0.04 124356.538966

0 4.32 0.04 145807.612476
1 4.32 0.04 145827.331909

0 4.36 0.04 11436.9001731
1 4.36 0.04 11438.0392409

0 4.4 0.04 -15421.570057
1 4.4 0.04 -15421.8965753

0 4.44 0.04 -20465.053049
1 4.44 0.04 -20466.3242948

0 4.48 0.04 -25441.3772171
1 4.48 0.04 -25442.1426827

0 4.52 0.04 -21265.7144168
1 4.52 0.04 -21265.9465991

0 4.56 0.04 -15974.4875428
1 4.56 0.04 -15974.4006056

0 4.6 0.04 -15603.0205333
1 4.6 0.04 -15602.3705293

0 4.64 0.04 -19005.619664
1 4.64 0.04 -19004.7581271

0 4.68 0.04 -14286.0387252
1 4.68 0.04 -14285.1482244

0 4.72 0.04 -15498.8744414
1 4.72 0.04 -15498.3681452

0 4.76 0.04 -23723.8965781
1 4.76 0.04 -23727.4036169

0 4.8 0.04 -32151.8747383
1 4.8 0.04 -32154.2720951

0 4.84 0.04 -37389.1564188
1 4.84 0.04 -37393.1104185

0 4.88 0.04 -49244.3310504
1 4.88 0.04 -49249.9508292

0 4.92 0.04 -52559.4904117
1 4.92 0.04 -52565.3215633

0 4.96 0.04 -51490.2237031
1 4.96 0.04 -51491.8935666

0 5 0.04 -60087.6568897
1 5 0.04 -60089.1378905

0 5.04 0.04 -45651.15486
1 5.04 0.04 -45652.2928451

0 5.08 0.04 -38209.0734274
1 5.08 0.04 -38209.2095634

0 5.12 0.04 -18047.553863
1 5.12 0.04 -18047.1040199

0 5.16 0.04 -20579.8320518
1 5.16 0.04 -20579.452129

0 5.2 0.04 2739.39734822
1 5.2 0.04 2739.62615749

0 5.24 0.04 -25646.6702081
1 5.24 0.04 -25646.0780232

0 5.28 0.04 -3960.11029923
1 5.28 0.04 -3959.80381085

0 5.32 0.04 -29640.1968924
1 5.32 0.04 -29639.9355691

0 5.36 0.04 -32989.3412755
1 5.36 0.04 -32989.1094588

0 5.4 0.04 -32803.7497814
1 5.4 0.04 -32803.4975052

0 5.44 0.04 -39305.5146197
1 5.44 0.04 -39305.0735553

0 5.48 0.04 -48379.5521423
1 5.48 0.04 -48378.9001561

0 5.52 0.04 -64037.1957695
1 5.52 0.04 -64037.0651785

0 5.56 0.04 -72500.7665091
1 5.56 0.04 -72500.4927398

0 5.6 0.04 -128498.007471
1 5.6 0.04 -128498.695095

0 5.64 0.04 -94404.1561317
1 5.64 0.04 -94404.6496119

0 5.68 0.04 -67250.0196325
1 5.68 0.04 -67249.6621127

0 5.72 0.04 -129048.493195
1 5.72 0.04 -129049.445607

0 5.76 0.04 -70784.5064557
1 5.76 0.04 -70783.1782586

0 5.8 0.04 -105491.478209
1 5.8 0.04 -105490.656693

0 5.84 0.04 19985.5162353
1 5.84 0.04 19990.1592074

0 5.88 0.04 -5555.33192638
1 5.88 0.04 -5552.29067174

0 5.92 0.04 -69383.5474548
1 5.92 0.04 -69382.3756966

0 5.96 0.04 -114369.892148
1 5.96 0.04 -114369.993764

0 6 0.04 -114545.116042
1 6 0.04 -114544.549341

0 6.04 0.04 -101093.531871
1 6.04 0.04 -101092.674454

0 6.08 0.04 -111612.23282
1 6.08 0.04 -111611.681389

0 6.12 0.04 -117328.307238
1 6.12 0.04 -117328.10103

0 6.16 0.04 -127504.269815
1 6.16 0.04 -127503.817841

0 6.2 0.04 -147169.932109
1 6.2 0.04 -147169.991915

0 6.24 0.04 -161410.451008
1 6.24 0.04 -161411.088559

0 6.28 0.04 -210590.93179
1 6.28 0.04 -210592.353544

0 6.32 0.04 -226306.153797
1 6.32 0.04 -226307.98602

0 6.36 0.04 -227646.095201
1 6.36 0.04 -227647.718416

0 6.4 0.04 -229501.700979
1 6.4 0.04 -229503.43942

0 6.44 0.04 -223745.898306
1 6.44 0.04 -223747.580075

0 6.48 0.04 -221553.462918
1 6.48 0.04 -221555.065788

0 6.52 0.04 -214595.613732
1 6.52 0.04 -214597.40662

0 6.56 0.04 -208403.168457
1 6.56 0.04 -208404.908561

0 6.6 0.04 -203654.686769
1 6.6 0.04 -203656.345907

0 6.64 0.04 -203760.200734
1 6.64 0.04 -203761.589219

0 6.68 0.04 -196694.599094
1 6.68 0.04 -196695.461166

0 6.72 0.04 -191905.561609
1 6.72 0.04 -191906.020747

0 6.76 0.04 -193188.747176
1 6.76 0.04 -193189.598332

0 6.8 0.04 -194227.377007
1 6.8 0.04 -194228.149594

0 6.84 0.04 -191007.752686
1 6.84 0.04 -191008.065672

0 6.88 0.04 -185825.324996
1 6.88 0.04 -185825.339346

0 6.92 0.04 -167921.687986
1 6.92 0.04 -167921.578899

0 6.96 0.04 -157564.557885
1 6.96 0.04 -157564.034597

0 7 0.04 -149745.687514
1 7 0.04 -149744.922401

0 7.04 0.04 -134954.341601
1 7.04 0.04 -134953.359242

0 7.08 0.04 -127166.682743
1 7.08 0.04 -127165.695087

0 7.12 0.04 -134700.52644
1 7.12 0.04 -134699.607097

0 7.16 0.04 -142046.341195
1 7.16 0.04 -142045.768285

0 7.2 0.04 -139227.729381
1 7.2 0.04 -139227.043689

0 7.24 0.04 -133959.040839
1 7.24 0.04 -133958.291322

0 7.28 0.04 -133227.109729
1 7.28 0.04 -133226.438614

0 7.32 0.04 -134101.31498
1 7.32 0.04 -134100.798384

0 7.36 0.04 -137605.277637
1 7.36 0.04 -137604.575112

0 7.4 0.04 -141910.67775
1 7.4 0.04 -141909.748844

0 7.44 0.04 -148471.812121
1 7.44 0.04 -148470.847785

0 7.48 0.04 -157278.791104
1 7.48 0.04 -157278.070208

0 7.52 0.04 -180840.121769
1 7.52 0.04 -180839.272295

0 7.56 0.04 -192597.82211
1 7.56 0.04 -192597.124218

0 7.6 0.04 -209975.433995
1 7.6 0.04 -209974.795106

0 7.64 0.04 -231141.129983
1 7.64 0.04 -231140.712357

0 7.68 0.04 -256144.409104
1 7.68 0.04 -256144.235898

0 7.72 0.04 -272457.819924
1 7.72 0.04 -272457.66693

0 7.76 0.04 -249532.288605
1 7.76 0.04 -249531.983886

0 7.8 0.04 -281228.648585
1 7.8 0.04 -281229.004459

0 7.84 0.04 -302671.282609
1 7.84 0.04 -302671.380518

0 7.88 0.04 -306407.695874
1 7.88 0.04 -306406.511228

0 7.92 0.04 -308668.525842
1 7.92 0.04 -308667.328071

0 7.96 0.04 -333322.318565
1 7.96 0.04 -333322.891723

0 8 0.04 -348201.405032
1 8 0.04 -348201.548324

0 8.04 0.04 -338116.156738
1 8.04 0.04 -338113.95602

0 8.08 0.04 -290504.304914
1 8.08 0.04 -290502.545072

0 8.12 0.04 -315776.8017
1 8.12 0.04 -315778.935875

0 8.16 0.04 -406353.890813
1 8.16 0.04 -406355.401325

0 8.2 0.04 -393327.721715
1 8.2 0.04 -393324.328328

0 8.24 0.04 -326513.607013
1 8.24 0.04 -326511.625034

0 8.28 0.04 -408646.561816
1 8.28 0.04 -408650.580526

0 8.32 0.04 -574844.036773
1 8.32 0.04 -574846.281139

0 8.36 0.04 -525641.846374
1 8.36 0.04 -525636.65954

0 8.4 0.04 -375097.02956
1 8.4 0.04 -375094.927764

0 8.44 0.04 -552724.137425
1 8.44 0.04 -552730.66758

0 8.48 0.04 -724539.85739
1 8.48 0.04 -724540.465925

0 8.52 0.04 -606852.29361
1 8.52 0.04 -606844.130705

0 8.56 0.04 -443155.409818
1 8.56 0.04 -443154.137124

0 8.6 0.04 -688512.704637
1 8.6 0.04 -688520.368792

