#Turbine    Time(s)    dt(s)    rotor torque (N-m)
0 0 0.04 0
1 0 0.04 0

0 0.04 0.04 3445281.79471
1 0.04 0.04 3445281.81838

0 0.08 0.04 2641839.60689
1 0.08 0.04 2641838.24967

0 0.12 0.04 2229656.51487
1 0.12 0.04 2229656.07466

0 0.16 0.04 1751963.02585
1 0.16 0.04 1751960.4451

0 0.2 0.04 1467398.4279
1 0.2 0.04 1467393.79146

0 0.24 0.04 1281916.48205
1 0.24 0.04 1281917.48218

0 0.28 0.04 1161668.83194
1 0.28 0.04 1161668.97603

0 0.32 0.04 1113436.84125
1 0.32 0.04 1113436.63178

0 0.36 0.04 1088438.11796
1 0.36 0.04 1088437.95471

0 0.4 0.04 1122783.59619
1 0.4 0.04 1122777.72796

0 0.44 0.04 1159429.08355
1 0.44 0.04 1159433.31113

0 0.48 0.04 1235121.19365
1 0.48 0.04 1235117.92416

0 0.52 0.04 1356036.57275
1 0.52 0.04 1356037.79795

0 0.56 0.04 1491903.00049
1 0.56 0.04 1491898.65087

0 0.6 0.04 1642406.7283
1 0.6 0.04 1642409.92488

0 0.64 0.04 1840945.17206
1 0.64 0.04 1840942.62084

0 0.68 0.04 2036975.16331
1 0.68 0.04 2036977.7053

0 0.72 0.04 2201357.84346
1 0.72 0.04 2201355.19589

0 0.76 0.04 2410355.55339
1 0.76 0.04 2410357.51864

0 0.8 0.04 2539117.2037
1 0.8 0.04 2539115.18049

0 0.84 0.04 2683229.96813
1 0.84 0.04 2683231.74522

0 0.88 0.04 2761359.32405
1 0.88 0.04 2761358.11451

0 0.92 0.04 2820500.04048
1 0.92 0.04 2820499.2081

0 0.96 0.04 2838512.67096
1 0.96 0.04 2838516.34963

0 1 0.04 2804591.97737
1 1 0.04 2804590.0702

0 1.04 0.04 2767020.25086
1 1.04 0.04 2767018.34122

0 1.08 0.04 2702584.67501
1 1.08 0.04 2702590.52869

0 1.12 0.04 2663528.50675
1 1.12 0.04 2663529.48549

0 1.16 0.04 2594027.24916
1 1.16 0.04 2594032.37027

0 1.2 0.04 2559052.04789
1 1.2 0.04 2559047.80792

0 1.24 0.04 2502697.07806
1 1.24 0.04 2502696.5432

0 1.28 0.04 2432248.34034
1 1.28 0.04 2432248.08029

0 1.32 0.04 2377459.33035
1 1.32 0.04 2377464.11262

0 1.36 0.04 2280223.0708
1 1.36 0.04 2280224.43773

0 1.4 0.04 2232265.12719
1 1.4 0.04 2232264.86694

0 1.44 0.04 2128279.93814
1 1.44 0.04 2128285.09887

0 1.48 0.04 2077366.1975
1 1.48 0.04 2077365.5088

0 1.52 0.04 2007298.53444
1 1.52 0.04 2007301.61315

0 1.56 0.04 1938765.90109
1 1.56 0.04 1938766.97024

0 1.6 0.04 1889586.56639
1 1.6 0.04 1889586.24834

0 1.64 0.04 1843507.53711
1 1.64 0.04 1843512.12545

0 1.68 0.04 1795992.42824
1 1.68 0.04 1795988.56868

0 1.72 0.04 1752267.1951
1 1.72 0.04 1752271.83379

0 1.76 0.04 1730073.89225
1 1.76 0.04 1730069.37804

0 1.8 0.04 1687657.85484
1 1.8 0.04 1687659.41026

0 1.84 0.04 1659199.8785
1 1.84 0.04 1659198.15321

0 1.88 0.04 1620807.86579
1 1.88 0.04 1620809.30763

0 1.92 0.04 1594267.81733
1 1.92 0.04 1594262.55879

0 1.96 0.04 1575496.55494
1 1.96 0.04 1575499.79514

0 2 0.04 1533088.99783
1 2 0.04 1533089.4908

0 2.04 0.04 1493697.46314
1 2.04 0.04 1493692.95541

0 2.08 0.04 1452465.15411
1 2.08 0.04 1452468.02189

0 2.12 0.04 1398117.61284
1 2.12 0.04 1398118.04923

0 2.16 0.04 1341997.29593
1 2.16 0.04 1342001.16548

0 2.2 0.04 1273060.2024
1 2.2 0.04 1273055.53351

0 2.24 0.04 1216272.36057
1 2.24 0.04 1216274.71876

0 2.28 0.04 1181099.24962
1 2.28 0.04 1181103.51081

0 2.32 0.04 1162510.52741
1 2.32 0.04 1162519.59199

0 2.36 0.04 1138869.55651
1 2.36 0.04 1138895.43962

0 2.4 0.04 1190765.35778
1 2.4 0.04 1190799.05243

0 2.44 0.04 1334752.69704
1 2.44 0.04 1334826.85743

0 2.48 0.04 1227574.23936
1 2.48 0.04 1227629.9399

0 2.52 0.04 1230383.57937
1 2.52 0.04 1230438.26007

0 2.56 0.04 1337800.69194
1 2.56 0.04 1337838.43678

0 2.6 0.04 814215.177589
1 2.6 0.04 814227.191052

0 2.64 0.04 590771.732199
1 2.64 0.04 590765.286586

0 2.68 0.04 535694.58996
1 2.68 0.04 535700.113836

0 2.72 0.04 495272.39085
1 2.72 0.04 495270.574108

0 2.76 0.04 463167.742928
1 2.76 0.04 463164.212337

0 2.8 0.04 432332.278378
1 2.8 0.04 432324.417397

0 2.84 0.04 412540.617407
1 2.84 0.04 412538.486677

0 2.88 0.04 394318.787873
1 2.88 0.04 394308.764225

0 2.92 0.04 368574.908322
1 2.92 0.04 368576.048098

0 2.96 0.04 361197.898625
1 2.96 0.04 361201.387017

0 3 0.04 347996.712035
1 3 0.04 347991.743908

0 3.04 0.04 348745.054161
1 3.04 0.04 348749.073904

0 3.08 0.04 353424.838638
1 3.08 0.04 353422.768707

0 3.12 0.04 348574.482095
1 3.12 0.04 348582.042811

0 3.16 0.04 346722.255315
1 3.16 0.04 346723.181059

0 3.2 0.04 350977.408531
1 3.2 0.04 350983.691924

0 3.24 0.04 340875.776976
1 3.24 0.04 340904.066703

0 3.28 0.04 348624.513796
1 3.28 0.04 348613.89734

0 3.32 0.04 353606.881456
1 3.32 0.04 353615.873885

0 3.36 0.04 380404.461806
1 3.36 0.04 380426.948335

0 3.4 0.04 403819.177118
1 3.4 0.04 403825.108612

0 3.44 0.04 434063.001206
1 3.44 0.04 434080.396809

0 3.48 0.04 449510.990677
1 3.48 0.04 449504.004507

0 3.52 0.04 473027.454786
1 3.52 0.04 473067.313218

0 3.56 0.04 481438.421315
1 3.56 0.04 481421.366104

0 3.6 0.04 447102.993759
1 3.6 0.04 447137.969413

0 3.64 0.04 543933.764214
1 3.64 0.04 543910.711813

0 3.68 0.04 380634.306467
1 3.68 0.04 380662.606962

0 3.72 0.04 500867.356613
1 3.72 0.04 500824.100114

0 3.76 0.04 237633.551139
1 3.76 0.04 237621.370678

0 3.8 0.04 162420.780562
1 3.8 0.04 162324.748546

0 3.84 0.04 -199487.560025
1 3.84 0.04 -199573.096888

0 3.88 0.04 7971.77939146
1 3.88 0.04 7920.55329291

0 3.92 0.04 219090.975596
1 3.92 0.04 219078.64897

0 3.96 0.04 263764.780719
1 3.96 0.04 263765.531985

0 4 0.04 173490.740623
1 4 0.04 173486.481309

0 4.04 0.04 93656.3604163
1 4.04 0.04 93656.6042942

0 4.08 0.04 26688.9024521
1 4.08 0.04 26688.6235194

0 4.12 0.04 -37623.2939319
1 4.12 0.04 -37620.3044963

0 4.16 0.04 -60344.8768196
1 4.16 0.04 -60339.1826119

0 4.2 0.04 -63118.4199443
1 4.2 0.04 -63104.7272499

0 4.24 0.04 57382.8958562
1 4.24 0.04 57424.2799563

0 4.28 0.04 80261.3677651
1 4.28 0.04 80301.9167177

0 4.32 0.04 7998.5696863
1 4.32 0.04 8027.22185095

0 4.36 0.04 -240603.695225
1 4.36 0.04 -240598.786201

0 4.4 0.04 -226408.446248
1 4.4 0.04 -226403.351674

0 4.44 0.04 -243331.61845
1 4.44 0.04 -243331.467759

0 4.48 0.04 -255508.227601
1 4.48 0.04 -255504.784544

0 4.52 0.04 -236632.956349
1 4.52 0.04 -236628.274715

0 4.56 0.04 -216219.794034
1 4.56 0.04 -216214.767751

0 4.6 0.04 -206710.292174
1 4.6 0.04 -206704.942813

0 4.64 0.04 -211112.983592
1 4.64 0.04 -211107.328686

0 4.68 0.04 -187163.271799
1 4.68 0.04 -187158.180527

0 4.72 0.04 -191724.427155
1 4.72 0.04 -191721.216046

0 4.76 0.04 -222093.166798
1 4.76 0.04 -222096.456982

0 4.8 0.04 -262876.055409
1 4.8 0.04 -262881.135266

0 4.84 0.04 -286103.267983
1 4.84 0.04 -286112.052015

0 4.88 0.04 -333707.840639
1 4.88 0.04 -333719.927097

0 4.92 0.04 -351567.978263
1 4.92 0.04 -351578.350787

0 4.96 0.04 -358862.103608
1 4.96 0.04 -358866.776842

0 5 0.04 -383958.879224
1 5 0.04 -383961.656074

0 5.04 0.04 -338402.335235
1 5.04 0.04 -338403.678747

0 5.08 0.04 -327865.626514
1 5.08 0.04 -327865.066688

0 5.12 0.04 -285340.35326
1 5.12 0.04 -285341.662364

0 5.16 0.04 -325481.315401
1 5.16 0.04 -325482.194282

0 5.2 0.04 -264074.937754
1 5.2 0.04 -264075.307505

0 5.24 0.04 -365864.040606
1 5.24 0.04 -365863.10733

0 5.28 0.04 -280527.787074
1 5.28 0.04 -280528.176682

0 5.32 0.04 -359039.209457
1 5.32 0.04 -359040.630887

0 5.36 0.04 -360110.033576
1 5.36 0.04 -360110.529518

0 5.4 0.04 -349893.339742
1 5.4 0.04 -349894.788797

0 5.44 0.04 -368389.970481
1 5.44 0.04 -368390.889478

0 5.48 0.04 -379088.027378
1 5.48 0.04 -379087.959254

0 5.52 0.04 -409912.91521
1 5.52 0.04 -409915.138162

0 5.56 0.04 -406976.261386
1 5.56 0.04 -406978.051635

0 5.6 0.04 -582818.147808
1 5.6 0.04 -582826.787111

0 5.64 0.04 -415896.794038
1 5.64 0.04 -415904.772805

0 5.68 0.04 -329305.656276
1 5.68 0.04 -329307.206848

0 5.72 0.04 -512232.317155
1 5.72 0.04 -512237.293187

0 5.76 0.04 -268174.343635
1 5.76 0.04 -268167.573971

0 5.8 0.04 -391838.311542
1 5.8 0.04 -391831.420986

0 5.84 0.04 31845.5465901
1 5.84 0.04 31864.9570874

0 5.88 0.04 -149619.252385
1 5.88 0.04 -149606.619283

0 5.92 0.04 -391193.285614
1 5.92 0.04 -391187.678475

0 5.96 0.04 -539964.052685
1 5.96 0.04 -539963.500694

0 6 0.04 -535828.5196
1 6 0.04 -535829.087861

0 6.04 0.04 -502403.852266
1 6.04 0.04 -502402.289713

0 6.08 0.04 -521864.221074
1 6.08 0.04 -521861.195904

0 6.12 0.04 -574587.331575
1 6.12 0.04 -574585.596732

0 6.16 0.04 -582805.920444
1 6.16 0.04 -582805.252406

0 6.2 0.04 -588696.291465
1 6.2 0.04 -588695.271477

0 6.24 0.04 -552507.726782
1 6.24 0.04 -552506.287557

0 6.28 0.04 -562988.672624
1 6.28 0.04 -562984.750244

0 6.32 0.04 -539286.757493
1 6.32 0.04 -539283.213922

0 6.36 0.04 -568916.734253
1 6.36 0.04 -568912.142743

0 6.4 0.04 -561596.160439
1 6.4 0.04 -561594.218203

0 6.44 0.04 -571771.20951
1 6.44 0.04 -571769.185063

0 6.48 0.04 -579690.132072
1 6.48 0.04 -579689.085622

0 6.52 0.04 -592711.029871
1 6.52 0.04 -592710.079164

0 6.56 0.04 -581677.875624
1 6.56 0.04 -581679.200901

0 6.6 0.04 -562741.723387
1 6.6 0.04 -562747.762907

0 6.64 0.04 -543880.559965
1 6.64 0.04 -543881.886043

0 6.68 0.04 -522544.282051
1 6.68 0.04 -522537.798814

0 6.72 0.04 -502533.70145
1 6.72 0.04 -502521.634333

0 6.76 0.04 -482083.337439
1 6.76 0.04 -482086.04393

0 6.8 0.04 -458451.446113
1 6.8 0.04 -458455.988659

0 6.84 0.04 -446542.981648
1 6.84 0.04 -446546.165851

0 6.88 0.04 -433677.91187
1 6.88 0.04 -433679.721558

0 6.92 0.04 -409742.426946
1 6.92 0.04 -409743.5257

0 6.96 0.04 -402855.242591
1 6.96 0.04 -402855.664534

0 7 0.04 -372642.875546
1 7 0.04 -372641.71897

0 7.04 0.04 -360836.081879
1 7.04 0.04 -360834.625131

0 7.08 0.04 -339682.255234
1 7.08 0.04 -339681.401891

0 7.12 0.04 -338397.496144
1 7.12 0.04 -338397.494069

0 7.16 0.04 -318499.820181
1 7.16 0.04 -318501.118318

0 7.2 0.04 -286551.919221
1 7.2 0.04 -286553.536996

0 7.24 0.04 -258670.927823
1 7.24 0.04 -258671.856483

0 7.28 0.04 -234662.43373
1 7.28 0.04 -234663.240619

0 7.32 0.04 -209097.897495
1 7.32 0.04 -209099.316865

0 7.36 0.04 -215761.618655
1 7.36 0.04 -215762.449635

0 7.4 0.04 -231416.618388
1 7.4 0.04 -231419.340398

0 7.44 0.04 -272700.1402
1 7.44 0.04 -272702.510681

0 7.48 0.04 -314319.732158
1 7.48 0.04 -314321.893882

0 7.52 0.04 -402190.652468
1 7.52 0.04 -402192.866836

0 7.56 0.04 -475179.089033
1 7.56 0.04 -475180.751714

0 7.6 0.04 -530273.052398
1 7.6 0.04 -530272.142405

0 7.64 0.04 -582364.538811
1 7.64 0.04 -582365.448146

0 7.68 0.04 -627540.071069
1 7.68 0.04 -627538.85579

0 7.72 0.04 -669148.131118
1 7.72 0.04 -669146.445424

0 7.76 0.04 -684910.503502
1 7.76 0.04 -684908.161584

0 7.8 0.04 -798781.693143
1 7.8 0.04 -798778.777972

0 7.84 0.04 -886612.917127
1 7.84 0.04 -886609.193336

0 7.88 0.04 -923720.490827
1 7.88 0.04 -923717.374716

0 7.92 0.04 -944838.67355
1 7.92 0.04 -944836.501911

0 7.96 0.04 -979586.05036
1 7.96 0.04 -979583.489015

0 8 0.04 -977401.383129
1 8 0.04 -977397.689346

0 8.04 0.04 -956249.915817
1 8.04 0.04 -956247.13825

0 8.08 0.04 -848997.69798
1 8.08 0.04 -848990.893381

0 8.12 0.04 -926720.420056
1 8.12 0.04 -926721.716886

0 8.16 0.04 -875951.665058
1 8.16 0.04 -875946.751884

0 8.2 0.04 -1052381.67434
1 8.2 0.04 -1052379.51229

0 8.24 0.04 -695851.191596
1 8.24 0.04 -695838.840436

0 8.28 0.04 -994034.123148
1 8.28 0.04 -994050.085851

0 8.32 0.04 -1087867.50053
1 8.32 0.04 -1087860.4923

0 8.36 0.04 -986932.478126
1 8.36 0.04 -986912.973474

0 8.4 0.04 473718.514189
1 8.4 0.04 473754.86708

0 8.44 0.04 -612093.233715
1 8.44 0.04 -612125.019738

0 8.48 0.04 -807688.118622
1 8.48 0.04 -807680.85746

0 8.52 0.04 -368240.159565
1 8.52 0.04 -368191.227925

0 8.56 0.04 2360258.04052
1 8.56 0.04 2360260.73792

0 8.6 0.04 -82641.8176577
1 8.6 0.04 -82695.4609517

