#Turbine    Time(s)    dt(s)    rotor power (W)
0 0 0.04 0
1 0 0.04 0

0 0.04 0.04 3490256.84483
1 0.04 0.04 3490343.93482

0 0.08 0.04 2959072.26653
1 0.08 0.04 2959051.77969

0 0.12 0.04 2725438.76355
1 0.12 0.04 2725446.02972

0 0.16 0.04 2310788.05787
1 0.16 0.04 2310776.39174

0 0.2 0.04 2068156.1104
1 0.2 0.04 2068147.16799

0 0.24 0.04 1914658.71927
1 0.24 0.04 1914663.43974

0 0.28 0.04 1825231.86357
1 0.28 0.04 1825228.90454

0 0.32 0.04 1828387.45407
1 0.32 0.04 1828392.90019

0 0.36 0.04 1856830.66089
1 0.36 0.04 1856831.11895

0 0.4 0.04 1978883.83918
1 0.4 0.04 1978849.92618

0 0.44 0.04 2100119.30264
1 0.44 0.04 2100140.46576

0 0.48 0.04 2287299.91165
1 0.48 0.04 2287279.04793

0 0.52 0.04 2554799.95271
1 0.52 0.04 2554781.2136

0 0.56 0.04 2845708.89198
1 0.56 0.04 2845759.39445

0 0.6 0.04 3156330.43603
1 0.6 0.04 3156320.60957

0 0.64 0.04 3547196.99434
1 0.64 0.04 3547194.54003

0 0.68 0.04 3915266.99079
1 0.68 0.04 3915262.46931

0 0.72 0.04 4198896.60379
1 0.72 0.04 4198869.35874

0 0.76 0.04 4537046.29829
1 0.76 0.04 4537102.85672

0 0.8 0.04 4688570.6635
1 0.8 0.04 4688698.26435

0 0.84 0.04 4830810.48725
1 0.84 0.04 4830515.76842

0 0.88 0.04 4814350.03791
1 0.88 0.04 4814558.73636

0 0.92 0.04 4727370.79866
1 0.92 0.04 4727505.45558

0 0.96 0.04 4537483.05942
1 0.96 0.04 4537291.50092

0 1 0.04 4238071.05099
1 1 0.04 4237739.13933

0 1.04 0.04 3915327.22228
1 1.04 0.04 3915835.90877

0 1.08 0.04 3545869.82536
1 1.08 0.04 3545791.1314

0 1.12 0.04 3209717.4507
1 1.12 0.04 3209450.63896

0 1.16 0.04 2850963.06509
1 1.16 0.04 2851432.39699

0 1.2 0.04 2561349.62306
1 1.2 0.04 2560361.38511

0 1.24 0.04 2304954.97114
1 1.24 0.04 2305852.66766

0 1.28 0.04 2123094.03862
1 1.28 0.04 2122066.32504

0 1.32 0.04 2068801.5173
1 1.32 0.04 2069215.54413

0 1.36 0.04 2101314.4821
1 1.36 0.04 2101688.13559

0 1.4 0.04 2289635.7642
1 1.4 0.04 2289320.97736

0 1.44 0.04 2499815.59928
1 1.44 0.04 2500185.27976

0 1.48 0.04 2820865.48603
1 1.48 0.04 2820897.94304

0 1.52 0.04 3145500.99921
1 1.52 0.04 3145322.71998

0 1.56 0.04 3480756.15156
1 1.56 0.04 3480446.20173

0 1.6 0.04 3851209.89067
1 1.6 0.04 3851224.89233

0 1.64 0.04 4225076.3215
1 1.64 0.04 4225114.87057

0 1.68 0.04 4586437.68925
1 1.68 0.04 4586569.85329

0 1.72 0.04 4943975.0995
1 1.72 0.04 4943962.52009

0 1.76 0.04 5351535.46987
1 1.76 0.04 5351287.42629

0 1.8 0.04 5682443.1194
1 1.8 0.04 5682661.78229

0 1.84 0.04 6041489.51517
1 1.84 0.04 6041340.49064

0 1.88 0.04 6344051.2504
1 1.88 0.04 6344097.33921

0 1.92 0.04 6670727.25367
1 1.92 0.04 6670806.44161

0 1.96 0.04 7011024.4086
1 1.96 0.04 7011007.5724

0 2 0.04 7221060.07059
1 2 0.04 7220958.95973

0 2.04 0.04 7413586.83244
1 2.04 0.04 7413672.07226

0 2.08 0.04 7564508.50349
1 2.08 0.04 7564427.92705

0 2.12 0.04 7610647.11474
1 2.12 0.04 7610705.22951

0 2.16 0.04 7606865.85338
1 2.16 0.04 7606859.82737

0 2.2 0.04 7488031.94771
1 2.2 0.04 7488063.63363

0 2.24 0.04 7398869.16585
1 2.24 0.04 7398850.06811

0 2.28 0.04 7407322.45528
1 2.28 0.04 7407330.58745

0 2.32 0.04 7493852.33285
1 2.32 0.04 7493929.82586

0 2.36 0.04 7524132.59824
1 2.36 0.04 7524329.54345

0 2.4 0.04 8040512.85683
1 2.4 0.04 8040706.2932

0 2.44 0.04 9187064.6941
1 2.44 0.04 9187553.13486

0 2.48 0.04 8591090.57867
1 2.48 0.04 8591527.68352

0 2.52 0.04 8733805.08363
1 2.52 0.04 8734205.55326

0 2.56 0.04 9609522.68411
1 2.56 0.04 9609772.44128

0 2.6 0.04 5904823.87664
1 2.6 0.04 5904910.94511

0 2.64 0.04 4316367.89375
1 2.64 0.04 4316332.97206

0 2.68 0.04 3935424.16652
1 2.68 0.04 3935460.23334

0 2.72 0.04 3651117.41505
1 2.72 0.04 3651101.81357

0 2.76 0.04 3419508.96969
1 2.76 0.04 3419486.06776

0 2.8 0.04 3190229.3857
1 2.8 0.04 3190173.5145

0 2.84 0.04 3036660.31636
1 2.84 0.04 3036643.89305

0 2.88 0.04 2889761.37545
1 2.88 0.04 2889688.36743

0 2.92 0.04 2684176.0666
1 2.92 0.04 2684184.29152

0 2.96 0.04 2609220.27199
1 2.96 0.04 2609243.73249

0 3 0.04 2489110.62272
1 3 0.04 2489074.98919

0 3.04 0.04 2465573.72185
1 3.04 0.04 2465601.77264

0 3.08 0.04 2465341.39772
1 3.08 0.04 2465323.59025

0 3.12 0.04 2394731.64403
1 3.12 0.04 2394780.34343

0 3.16 0.04 2341615.91595
1 3.16 0.04 2341622.03818

0 3.2 0.04 2325667.66935
1 3.2 0.04 2325708.67952

0 3.24 0.04 2211718.17898
1 3.24 0.04 2211900.79032

0 3.28 0.04 2210328.1328
1 3.28 0.04 2210264.23037

0 3.32 0.04 2186048.29816
1 3.32 0.04 2186101.54948

0 3.36 0.04 2288090.45027
1 3.36 0.04 2288228.36696

0 3.4 0.04 2357877.15113
1 3.4 0.04 2357906.45205

0 3.44 0.04 2454480.42355
1 3.44 0.04 2454582.26622

0 3.48 0.04 2455385.46849
1 3.48 0.04 2455346.92196

0 3.52 0.04 2489107.0092
1 3.52 0.04 2489317.62012

0 3.56 0.04 2433146.75936
1 3.56 0.04 2433064.14764

0 3.6 0.04 2162838.22758
1 3.6 0.04 2163006.96434

0 3.64 0.04 2509426.00433
1 3.64 0.04 2509320.15714

0 3.68 0.04 1668568.42512
1 3.68 0.04 1668692.90269

0 3.72 0.04 2076096.94374
1 3.72 0.04 2075919.06959

0 3.76 0.04 927320.104323
1 3.76 0.04 927273.134289

0 3.8 0.04 593312.595939
1 3.8 0.04 592962.073469

0 3.84 0.04 -678112.252824
1 3.84 0.04 -678404.945937

0 3.88 0.04 25036.2868059
1 3.88 0.04 24875.3337391

0 3.92 0.04 630504.953371
1 3.92 0.04 630475.915919

0 3.96 0.04 688962.727489
1 3.96 0.04 688954.479482

0 4 0.04 406748.572463
1 4 0.04 406735.948972

0 4.04 0.04 194606.920398
1 4.04 0.04 194612.441059

0 4.08 0.04 48473.6070354
1 4.08 0.04 48472.9034326

0 4.12 0.04 -58918.0610914
1 4.12 0.04 -58912.6658409

0 4.16 0.04 -80727.6708264
1 4.16 0.04 -80722.2427433

0 4.2 0.04 -72521.0378755
1 4.2 0.04 -72495.3185548

0 4.24 0.04 58916.0180379
1 4.24 0.04 58952.6966843

0 4.28 0.04 80348.9499319
1 4.28 0.04 80395.9393155

0 4.32 0.04 8671.06763818
1 4.32 0.04 8702.77005451

0 4.36 0.04 -302889.264402
1 4.36 0.04 -302902.95575

0 4.4 0.04 -338800.185488
1 4.4 0.04 -338751.003595

0 4.44 0.04 -431310.945934
1 4.44 0.04 -431307.588541

0 4.48 0.04 -529648.287401
1 4.48 0.04 -529633.04468

0 4.52 0.04 -565447.589363
1 4.52 0.04 -565480.722135

0 4.56 0.04 -587672.597394
1 4.56 0.04 -587634.98407

0 4.6 0.04 -631580.94326
1 4.6 0.04 -631554.787266

0 4.64 0.04 -717855.747403
1 4.64 0.04 -717829.909966

0 4.68 0.04 -702130.399069
1 4.68 0.04 -702125.679622

0 4.72 0.04 -787569.765561
1 4.72 0.04 -787541.50847

0 4.76 0.04 -992356.905703
1 4.76 0.04 -992382.598225

0 4.8 0.04 -1270122.81268
1 4.8 0.04 -1270137.81281

0 4.84 0.04 -1487047.44052
1 4.84 0.04 -1487098.99866

0 4.88 0.04 -1857464.88412
1 4.88 0.04 -1857508.36762

0 4.92 0.04 -2087500.29806
1 4.92 0.04 -2087552.63201

0 4.96 0.04 -2265548.63428
1 4.96 0.04 -2265571.07237

0 5 0.04 -2569838.72344
1 5 0.04 -2569855.42945

0 5.04 0.04 -2395095.01241
1 5.04 0.04 -2395117.25059

0 5.08 0.04 -2448088.13788
1 5.08 0.04 -2448063.69424

0 5.12 0.04 -2242633.37809
1 5.12 0.04 -2242641.57516

0 5.16 0.04 -2686953.61156
1 5.16 0.04 -2686963.97625

0 5.2 0.04 -2285246.88817
1 5.2 0.04 -2285260.65372

0 5.24 0.04 -3312780.90631
1 5.24 0.04 -3312776.38122

0 5.28 0.04 -2653141.0685
1 5.28 0.04 -2653125.43316

0 5.32 0.04 -3540983.43702
1 5.32 0.04 -3541016.85425

0 5.36 0.04 -3698003.90511
1 5.36 0.04 -3698000.12911

0 5.4 0.04 -3735932.03047
1 5.4 0.04 -3735944.27458

0 5.44 0.04 -4084352.59679
1 5.44 0.04 -4084364.59609

0 5.48 0.04 -4358723.27493
1 5.48 0.04 -4358725.91976

0 5.52 0.04 -4881870.14649
1 5.52 0.04 -4881902.28781

0 5.56 0.04 -5014716.16091
1 5.56 0.04 -5014735.51983

0 5.6 0.04 -7421885.85437
1 5.6 0.04 -7421990.06939

0 5.64 0.04 -5468295.18881
1 5.64 0.04 -5468399.79379

0 5.68 0.04 -4466316.74486
1 5.68 0.04 -4466353.36922

0 5.72 0.04 -7159484.58871
1 5.72 0.04 -7159539.47284

0 5.76 0.04 -3860084.90978
1 5.76 0.04 -3859996.7241

0 5.8 0.04 -5803491.30556
1 5.8 0.04 -5803369.35749

0 5.84 0.04 485021.709147
1 5.84 0.04 485319.064448

0 5.88 0.04 -2341714.91958
1 5.88 0.04 -2341516.7371

0 5.92 0.04 -6287967.89734
1 5.92 0.04 -6287874.25942

0 5.96 0.04 -8908755.07575
1 5.96 0.04 -8908749.91122

0 6 0.04 -9069411.17363
1 6 0.04 -9069425.21911

0 6.04 0.04 -8719176.48496
1 6.04 0.04 -8719153.64322

0 6.08 0.04 -9281611.89473
1 6.08 0.04 -9281553.9766

0 6.12 0.04 -10467186.3857
1 6.12 0.04 -10467182.143

0 6.16 0.04 -10868888.1864
1 6.16 0.04 -10868891.3715

0 6.2 0.04 -11233662.6419
1 6.2 0.04 -11233631.6364

0 6.24 0.04 -10782773.8422
1 6.24 0.04 -10782733.5826

0 6.28 0.04 -11231911.1954
1 6.28 0.04 -11231862.0508

0 6.32 0.04 -10993736.5892
1 6.32 0.04 -10993680.9813

0 6.36 0.04 -11845724.3587
1 6.36 0.04 -11845630.1572

0 6.4 0.04 -11938241.4502
1 6.4 0.04 -11938188.1303

0 6.44 0.04 -12403819.2768
1 6.44 0.04 -12403781.5858

0 6.48 0.04 -12828285.2025
1 6.48 0.04 -12828272.1668

0 6.52 0.04 -13374420.9953
1 6.52 0.04 -13374411.6969

0 6.56 0.04 -13378509.3049
1 6.56 0.04 -13378551.9129

0 6.6 0.04 -13187484.9568
1 6.6 0.04 -13187614.7388

0 6.64 0.04 -12981533.3252
1 6.64 0.04 -12981558.1889

0 6.68 0.04 -12698408.4189
1 6.68 0.04 -12698241.5956

0 6.72 0.04 -12428595.8835
1 6.72 0.04 -12428298.9494

0 6.76 0.04 -12129162.9807
1 6.76 0.04 -12129239.1726

0 6.8 0.04 -11729370.45
1 6.8 0.04 -11729489.3803

0 6.84 0.04 -11612994.588
1 6.84 0.04 -11613076.6277

0 6.88 0.04 -11459921.4895
1 6.88 0.04 -11459971.4659

0 6.92 0.04 -10997775.264
1 6.92 0.04 -10997771.9496

0 6.96 0.04 -10979217.3205
1 6.96 0.04 -10979304.9399

0 7 0.04 -10308592.5724
1 7 0.04 -10308558.3996

0 7.04 0.04 -10128236.387
1 7.04 0.04 -10128194.1261

0 7.08 0.04 -9670479.02032
1 7.08 0.04 -9670451.72589

0 7.12 0.04 -9767233.26375
1 7.12 0.04 -9767244.67421

0 7.16 0.04 -9316183.09075
1 7.16 0.04 -9316221.98195

0 7.2 0.04 -8490123.04061
1 7.2 0.04 -8490184.40158

0 7.24 0.04 -7759305.56362
1 7.24 0.04 -7759332.38252

0 7.28 0.04 -7122877.44185
1 7.28 0.04 -7122888.30017

0 7.32 0.04 -6418614.97197
1 7.32 0.04 -6418657.56542

0 7.36 0.04 -6694071.42457
1 7.36 0.04 -6694086.97302

0 7.4 0.04 -7251908.31745
1 7.4 0.04 -7252008.06591

0 7.44 0.04 -8626707.09383
1 7.44 0.04 -8626832.85487

0 7.48 0.04 -10033513.501
1 7.48 0.04 -10033626.6649

0 7.52 0.04 -12954184.3611
1 7.52 0.04 -12954341.2667

0 7.56 0.04 -15448970.8468
1 7.56 0.04 -15449042.586

0 7.6 0.04 -17422052.154
1 7.6 0.04 -17422056.7594

0 7.64 0.04 -19365359.7368
1 7.64 0.04 -19365377.0397

0 7.68 0.04 -21146839.0479
1 7.68 0.04 -21146819.9902

0 7.72 0.04 -22850702.1894
1 7.72 0.04 -22850834.264

0 7.76 0.04 -23665411.9523
1 7.76 0.04 -23665293.0965

0 7.8 0.04 -27848949.6284
1 7.8 0.04 -27848794.6658

0 7.84 0.04 -31089246.0011
1 7.84 0.04 -31088846.1386

0 7.88 0.04 -32472649.8597
1 7.88 0.04 -32472597.6907

0 7.92 0.04 -33208379.729
1 7.92 0.04 -33208475.6842

0 7.96 0.04 -34340930.3579
1 7.96 0.04 -34341119.4673

0 8 0.04 -34109799.9004
1 8 0.04 -34109657.8346

0 8.04 0.04 -33166710.4577
1 8.04 0.04 -33166379.4343

0 8.08 0.04 -29228304.9938
1 8.08 0.04 -29227836.4363

0 8.12 0.04 -31631846.3486
1 8.12 0.04 -31631778.5143

0 8.16 0.04 -29617173.282
1 8.16 0.04 -29617069.4553

0 8.2 0.04 -35219919.0832
1 8.2 0.04 -35219958.3781

0 8.24 0.04 -23035487.0713
1 8.24 0.04 -23035143.854

0 8.28 0.04 -32532373.6829
1 8.28 0.04 -32532926.7675

0 8.32 0.04 -35182051.4678
1 8.32 0.04 -35181810.5397

0 8.36 0.04 -31525867.9082
1 8.36 0.04 -31525291.1789

0 8.4 0.04 14940334.4772
1 8.4 0.04 14941475.9091

0 8.44 0.04 -19051959.9817
1 8.44 0.04 -19052915.4158

0 8.48 0.04 -24800962.4349
1 8.48 0.04 -24800658.6506

0 8.52 0.04 -11150200.6557
1 8.52 0.04 -11148745.7628

0 8.56 0.04 70446540.6963
1 8.56 0.04 70446775.3956

0 8.6 0.04 -2430330.22612
1 8.6 0.04 -2431909.15451

