0 0 0.04 0
1 0 0.04 0

0 0.04 0.04 9.67395404987
1 0.04 0.04 9.67419537095

0 0.08 0.04 10.6959781424
1 0.08 0.04 10.6959095848

0 0.12 0.04 11.6726602977
1 0.12 0.04 11.6726937223

0 0.16 0.04 12.5952432701
1 0.16 0.04 12.5951982359

0 0.2 0.04 13.4588096237
1 0.2 0.04 13.4587939547

0 0.24 0.04 14.2627419386
1 0.24 0.04 14.262765975

0 0.28 0.04 15.0040010744
1 0.28 0.04 15.0039748892

0 0.32 0.04 15.6810098474
1 0.32 0.04 15.6810595057

0 0.36 0.04 16.2907072045
1 0.36 0.04 16.2907136666

0 0.4 0.04 16.8304460029
1 0.4 0.04 16.8302455355

0 0.44 0.04 17.2970148588
1 0.44 0.04 17.2971260927

0 0.48 0.04 17.6841797782
1 0.48 0.04 17.6840652826

0 0.52 0.04 17.9910652524
1 0.52 0.04 17.9909170354

0 0.56 0.04 18.2146682436
1 0.56 0.04 18.2150446029

0 0.6 0.04 18.3515659892
1 0.6 0.04 18.351473139

0 0.64 0.04 18.3999157934
1 0.64 0.04 18.3999285615

0 0.68 0.04 18.3546890408
1 0.68 0.04 18.3546449391

0 0.72 0.04 18.2144439264
1 0.72 0.04 18.2143476461

0 0.76 0.04 17.9747758225
1 0.76 0.04 17.9749852388

0 0.8 0.04 17.6331174326
1 0.8 0.04 17.6336113738

0 0.84 0.04 17.1922804378
1 0.84 0.04 17.1912201828

0 0.88 0.04 16.648922137
1 0.88 0.04 16.6496511482

0 0.92 0.04 16.0053413147
1 0.92 0.04 16.0058019429

0 0.96 0.04 15.2649561615
1 0.96 0.04 15.26429194

0 1 0.04 14.4301195122
1 1 0.04 14.4289992051

0 1.04 0.04 13.5122324686
1 1.04 0.04 13.5139973292

0 1.08 0.04 12.5289553105
1 1.08 0.04 12.5286501172

0 1.12 0.04 11.5074960958
1 1.12 0.04 11.5065352927

0 1.16 0.04 10.4951449032
1 1.16 0.04 10.4968519146

0 1.2 0.04 9.55787016131
1 1.2 0.04 9.55419830643

0 1.24 0.04 8.79479135873
1 1.24 0.04 8.79821849189

0 1.28 0.04 8.33551998677
1 1.28 0.04 8.33148595171

0 1.32 0.04 8.30954246535
1 1.32 0.04 8.31118872643

0 1.36 0.04 8.80004919959
1 1.36 0.04 8.80160873859

0 1.4 0.04 9.79471959617
1 1.4 0.04 9.79337412691

0 1.44 0.04 11.2163255119
1 1.44 0.04 11.2179570152

0 1.48 0.04 12.9670354636
1 1.48 0.04 12.9671889619

0 1.52 0.04 14.9640531471
1 1.52 0.04 14.9631820716

0 1.56 0.04 17.1442941174
1 1.56 0.04 17.1427580212

0 1.6 0.04 19.4626412536
1 1.6 0.04 19.4627203425

0 1.64 0.04 21.8857292841
1 1.64 0.04 21.8858744947

0 1.68 0.04 24.3861015654
1 1.68 0.04 24.3868566889

0 1.72 0.04 26.9430853173
1 1.72 0.04 26.942945439

0 1.76 0.04 29.5382755723
1 1.76 0.04 29.5369835433

0 1.8 0.04 32.1530424677
1 1.8 0.04 32.154250096

0 1.84 0.04 34.7709615618
1 1.84 0.04 34.7701400267

0 1.88 0.04 37.3771797525
1 1.88 0.04 37.377418043

0 1.92 0.04 39.9561179707
1 1.92 0.04 39.9567240819

0 1.96 0.04 42.494762198
1 1.96 0.04 42.4945727562

0 2 0.04 44.9785005133
1 2 0.04 44.9778562518

0 2.04 0.04 47.3955008777
1 2.04 0.04 47.3961888548

0 2.08 0.04 49.7331967097
1 2.08 0.04 49.7325687632

0 2.12 0.04 51.981554226
1 2.12 0.04 51.9819349315

0 2.16 0.04 54.1284385151
1 2.16 0.04 54.1282395609

0 2.2 0.04 56.1681511805
1 2.2 0.04 56.1685948543

0 2.24 0.04 58.0906040067
1 2.24 0.04 58.0903414356

0 2.28 0.04 59.888886605
1 2.28 0.04 59.8887362868

0 2.32 0.04 61.5573079186
1 2.32 0.04 61.5574644859

0 2.36 0.04 63.0890283426
1 2.36 0.04 63.0892458764

0 2.4 0.04 64.4805808869
1 2.4 0.04 64.4803075665

0 2.44 0.04 65.7275356767
1 2.44 0.04 65.7273782673

0 2.48 0.04 66.8300696595
1 2.48 0.04 66.8304375009

0 2.52 0.04 67.7851171471
1 2.52 0.04 67.7852127764

0 2.56 0.04 68.5933134198
1 2.56 0.04 68.5931609065

0 2.6 0.04 69.2530869422
1 2.6 0.04 69.2530862953

0 2.64 0.04 69.770225864
1 2.64 0.04 69.7704226161

0 2.68 0.04 70.1529066379
1 2.68 0.04 70.1528261764

0 2.72 0.04 70.3968234631
1 2.72 0.04 70.3967808798

0 2.76 0.04 70.501251063
1 2.76 0.04 70.5013162964

0 2.8 0.04 70.4653529322
1 2.8 0.04 70.46540011

0 2.84 0.04 70.2911877445
1 2.84 0.04 70.2911706322

0 2.88 0.04 69.9819265128
1 2.88 0.04 69.9819374154

0 2.92 0.04 69.5435114245
1 2.92 0.04 69.5435094661

0 2.96 0.04 68.9821793787
1 2.96 0.04 68.9821334055

0 3 0.04 68.3031038757
1 3 0.04 68.3031011839

0 3.04 0.04 67.512053411
1 3.04 0.04 67.51204333

0 3.08 0.04 66.6118326094
1 3.08 0.04 66.6117415941

0 3.12 0.04 65.6043511107
1 3.12 0.04 65.6042622627

0 3.16 0.04 64.4919226498
1 3.16 0.04 64.4919190734

0 3.2 0.04 63.2761248849
1 3.2 0.04 63.2761078742

0 3.24 0.04 61.9590897363
1 3.24 0.04 61.9590633482

0 3.28 0.04 60.5438747311
1 3.28 0.04 60.5439680667

0 3.32 0.04 59.0351168038
1 3.32 0.04 59.0350535816

0 3.36 0.04 57.4379549083
1 3.36 0.04 57.4380217467

0 3.4 0.04 55.7577983022
1 3.4 0.04 55.7576721986

0 3.44 0.04 53.9980635592
1 3.44 0.04 53.9981400357

0 3.48 0.04 52.1615812664
1 3.48 0.04 52.161573074

0 3.52 0.04 50.2491363311
1 3.52 0.04 50.2491539489

0 3.56 0.04 48.2612916056
1 3.56 0.04 48.2613626923

0 3.6 0.04 46.1942415729
1 3.6 0.04 46.19423183

0 3.64 0.04 44.0554618069
1 3.64 0.04 44.0554706648

0 3.68 0.04 41.8607952411
1 3.68 0.04 41.860805728

0 3.72 0.04 39.5818677226
1 3.72 0.04 39.581894878

0 3.76 0.04 37.2643284732
1 3.76 0.04 37.2643510549

0 3.8 0.04 34.8829621859
1 3.8 0.04 34.8829784383

0 3.84 0.04 32.4606457649
1 3.84 0.04 32.4607381198

0 3.88 0.04 29.9906603494
1 3.88 0.04 29.9905739856

0 3.92 0.04 27.4811811943
1 3.92 0.04 27.4814617465

0 3.96 0.04 24.9430928694
1 3.96 0.04 24.942723217

0 4 0.04 22.3883000339
1 4 0.04 22.3881548546

0 4.04 0.04 19.8423170858
1 4.04 0.04 19.8428283079

0 4.08 0.04 17.3438698344
1 4.08 0.04 17.3437993496

0 4.12 0.04 14.9541940858
1 4.12 0.04 14.9540129005

0 4.16 0.04 12.7747791032
1 4.16 0.04 12.7751256089

0 4.2 0.04 10.9718351628
1 4.2 0.04 10.9703239062

0 4.24 0.04 9.80442902867
1 4.24 0.04 9.80346267437

0 4.28 0.04 9.55971689244
1 4.28 0.04 9.56047751006

0 4.32 0.04 10.3521754311
1 4.32 0.04 10.3529382779

0 4.36 0.04 12.0213424638
1 4.36 0.04 12.0221311452

0 4.4 0.04 14.2896765031
1 4.4 0.04 14.2879236462

0 4.44 0.04 16.9263500138
1 4.44 0.04 16.9262287385

0 4.48 0.04 19.7949343154
1 4.48 0.04 19.7946313771

0 4.52 0.04 22.818574461
1 4.52 0.04 22.820363017

0 4.56 0.04 25.9544226872
1 4.56 0.04 25.95336482

0 4.6 0.04 29.176843018
1 4.6 0.04 29.1763897444

0 4.64 0.04 32.4708472256
1 4.64 0.04 32.4705482793

0 4.68 0.04 35.8235425036
1 4.68 0.04 35.8242762146

0 4.72 0.04 39.2268078967
1 4.72 0.04 39.2260574645

0 4.76 0.04 42.6681763688
1 4.76 0.04 42.6686489534

0 4.8 0.04 46.1387760078
1 4.8 0.04 46.13842932

0 4.84 0.04 49.6333269674
1 4.84 0.04 49.6335239646

0 4.88 0.04 53.1527309688
1 4.88 0.04 53.1520501839

0 4.92 0.04 56.7007256094
1 4.92 0.04 56.7004742367

0 4.96 0.04 60.2860976965
1 4.96 0.04 60.2859097071

0 5 0.04 63.9134904151
1 5 0.04 63.913443672

0 5.04 0.04 67.58662764
1 5.04 0.04 67.5869868426

0 5.08 0.04 71.3021366242
1 5.08 0.04 71.3015464338

0 5.12 0.04 75.0527256845
1 5.12 0.04 75.0526556787

0 5.16 0.04 78.8325342631
1 5.16 0.04 78.8326254849

0 5.2 0.04 82.6375289224
1 5.2 0.04 82.6379109949

0 5.24 0.04 86.4658011889
1 5.24 0.04 86.4659036453

0 5.28 0.04 90.314158218
1 5.28 0.04 90.3135005529

0 5.32 0.04 94.1788533227
1 5.32 0.04 94.1793692597

0 5.36 0.04 98.062627452
1 5.36 0.04 98.0623922701

0 5.4 0.04 101.961137667
1 5.4 0.04 101.96104957

0 5.44 0.04 105.873388072
1 5.44 0.04 105.873434999

0 5.48 0.04 109.797034674
1 5.48 0.04 109.797121029

0 5.52 0.04 113.727633824
1 5.52 0.04 113.727765841

0 5.56 0.04 117.665368859
1 5.56 0.04 117.665305498

0 5.6 0.04 121.605323228
1 5.6 0.04 121.605228165

0 5.64 0.04 125.556083441
1 5.64 0.04 125.556076519

0 5.68 0.04 129.515489421
1 5.68 0.04 129.515941624

0 5.72 0.04 133.470769897
1 5.72 0.04 133.470496489

0 5.76 0.04 137.451984217
1 5.76 0.04 137.452313834

0 5.8 0.04 141.433999882
1 5.8 0.04 141.433515083

0 5.84 0.04 145.439995447
1 5.84 0.04 145.440512357

0 5.88 0.04 149.457572667
1 5.88 0.04 149.457543321

0 5.92 0.04 153.49361193
1 5.92 0.04 153.493526252

0 5.96 0.04 157.551866653
1 5.96 0.04 157.551936379

0 6 0.04 161.63099571
1 6 0.04 161.631074609

0 6.04 0.04 165.727236885
1 6.04 0.04 165.727318164

0 6.08 0.04 169.8389374
1 6.08 0.04 169.83886212

0 6.12 0.04 173.958355363
1 6.12 0.04 173.958810083

0 6.16 0.04 178.087135368
1 6.16 0.04 178.087391687

0 6.2 0.04 182.222272953
1 6.2 0.04 182.22208573

0 6.24 0.04 186.364643322
1 6.24 0.04 186.364432952

0 6.28 0.04 190.51333791
1 6.28 0.04 190.513831652

0 6.32 0.04 194.669069498
1 6.32 0.04 194.669363976

0 6.36 0.04 198.831091372
1 6.36 0.04 198.831114886

0 6.4 0.04 202.996060778
1 6.4 0.04 202.99585618

0 6.44 0.04 207.159344677
1 6.44 0.04 207.159448671

0 6.48 0.04 211.321692926
1 6.48 0.04 211.321859665

0 6.52 0.04 215.478211654
1 6.52 0.04 215.478407472

0 6.56 0.04 219.632478006
1 6.56 0.04 219.63267709

0 6.6 0.04 223.781532159
1 6.6 0.04 223.781332769

0 6.64 0.04 227.92598409
1 6.64 0.04 227.925864914

0 6.68 0.04 232.058549526
1 6.68 0.04 232.058380057

0 6.72 0.04 236.171918202
1 6.72 0.04 236.171946863

0 6.76 0.04 240.259236612
1 6.76 0.04 240.259396998

0 6.8 0.04 244.31646609
1 6.8 0.04 244.316522546

0 6.84 0.04 248.343237099
1 6.84 0.04 248.343220633

0 6.88 0.04 252.33978064
1 6.88 0.04 252.339828103

0 6.92 0.04 256.3098446
1 6.92 0.04 256.309080045

0 6.96 0.04 260.251801109
1 6.96 0.04 260.253605457

0 7 0.04 264.166617191
1 7 0.04 264.166561379

0 7.04 0.04 268.037311135
1 7.04 0.04 268.037274833

0 7.08 0.04 271.86074888
1 7.08 0.04 271.86066453

0 7.12 0.04 275.623219198
1 7.12 0.04 275.623542881

0 7.16 0.04 279.318824507
1 7.16 0.04 279.318852103

0 7.2 0.04 282.931983784
1 7.2 0.04 282.932431288

0 7.24 0.04 286.448541969
1 7.24 0.04 286.448503651

0 7.28 0.04 289.856659856
1 7.28 0.04 289.856105048

0 7.32 0.04 293.131871577
1 7.32 0.04 293.131826981

0 7.36 0.04 296.269900996
1 7.36 0.04 296.269448103

0 7.4 0.04 299.246544249
1 7.4 0.04 299.247140463

0 7.44 0.04 302.08633019
1 7.44 0.04 302.088108096

0 7.48 0.04 304.82653939
1 7.48 0.04 304.827880959

0 7.52 0.04 307.573902398
1 7.52 0.04 307.5759344

0 7.56 0.04 310.465691698
1 7.56 0.04 310.466047043

0 7.6 0.04 313.740897061
1 7.6 0.04 313.741518403

0 7.64 0.04 317.542623714
1 7.64 0.04 317.542411609

0 7.68 0.04 321.792100974
1 7.68 0.04 321.792434148

0 7.72 0.04 326.098396223
1 7.72 0.04 326.10110254

0 7.76 0.04 329.952652785
1 7.76 0.04 329.952123857

0 7.8 0.04 332.929362151
1 7.8 0.04 332.928724631

0 7.84 0.04 334.847851807
1 7.84 0.04 334.844951429

0 7.88 0.04 335.697830141
1 7.88 0.04 335.698423282

0 7.92 0.04 335.630490193
1 7.92 0.04 335.632231418

0 7.96 0.04 334.765617467
1 7.96 0.04 334.768336287

0 8 0.04 333.255713921
1 8 0.04 333.25558536

0 8.04 0.04 331.209184637
1 8.04 0.04 331.206841011

0 8.08 0.04 328.752072875
1 8.08 0.04 328.749437549

0 8.12 0.04 325.94715277
1 8.12 0.04 325.945997656

0 8.16 0.04 322.875317184
1 8.16 0.04 322.875996303

0 8.2 0.04 319.585052878
1 8.2 0.04 319.58606601

0 8.24 0.04 316.120315223
1 8.24 0.04 316.121216249

0 8.28 0.04 312.525775217
1 8.28 0.04 312.526069782

0 8.32 0.04 308.827907616
1 8.32 0.04 308.827782272

0 8.36 0.04 305.035926412
1 8.36 0.04 305.036374537

0 8.4 0.04 301.169746878
1 8.4 0.04 301.169644464

0 8.44 0.04 297.230562894
1 8.44 0.04 297.230033503

0 8.48 0.04 293.22177761
1 8.48 0.04 293.22082204

0 8.52 0.04 289.149812381
1 8.52 0.04 289.150505962

0 8.56 0.04 285.017527315
1 8.56 0.04 285.018151147

0 8.6 0.04 280.825673827
1 8.6 0.04 280.825833948

