#Turbine    Time(s)    dt(s)    Vhorizontal (m/s)
0 0 0.04 0 0 0 0 0 0 0 0 0 0 0 0 
1 0 0.04 0 0 0 0 0 0 0 0 0 0 0 0 

0 0.04 0.04 -2.54811543604e-05 -2.54811543604e-05 -2.54811543604e-05 -2.54811543604e-05 -2.54811543604e-05 -2.54811543604e-05 -2.54811543604e-05 -2.54811543604e-05 -2.54811543604e-05 -2.54811543604e-05 -2.54811543604e-05 -2.54811543604e-05 
1 0.04 0.04 -2.54811543604e-05 -2.54811543604e-05 -2.54811543604e-05 -2.54811543604e-05 -2.54811543604e-05 -2.54811543604e-05 -2.54811543604e-05 -2.54811543604e-05 -2.54811543604e-05 -2.54811543604e-05 -2.54811543604e-05 -2.54811543604e-05 

0 0.08 0.04 -0.000336411086751 -0.000463345189053 -0.00073221501732 -0.00111893591647 -0.00173959127269 -0.00273904511744 -0.00438922247271 -0.00704941635384 -0.0113948934602 -0.0146385360906 -0.00296733260019 0.00115157335954 
1 0.08 0.04 -0.000336412628533 -0.00049173647895 -0.000731985149953 -0.00111893229055 -0.00173958706368 -0.00273904080665 -0.00438920479659 -0.00704956510824 -0.0113946884892 -0.0146385455583 -0.00296730011366 0.00115174275724 

0 0.12 0.04 -0.000558740243395 -0.00083293562154 -0.00136456895529 -0.00212357299072 -0.00333755310379 -0.00527761543484 -0.00841449472615 -0.0132560668439 -0.0205056075075 -0.0246453362946 -0.00388267598615 0.00222044420948 
1 0.12 0.04 -0.000558737488724 -0.000893694121212 -0.00136420585898 -0.00212356791264 -0.00333754392063 -0.00527753551736 -0.00841445728557 -0.0132562055406 -0.0205054058288 -0.0246449617354 -0.00388248637926 0.0022208319569 

0 0.16 0.04 -0.000750743383317 -0.00124912328206 -0.00194614044218 -0.00307932810247 -0.00490930292812 -0.00786289521682 -0.0126884640834 -0.0202493128631 -0.0318867801547 -0.0393440035743 -0.00486629788678 0.00359893662102 
1 0.16 0.04 -0.000750727264743 -0.0012489417365 -0.00194566456185 -0.00307932664209 -0.00490929142379 -0.00786271957633 -0.0126884179735 -0.0202494251664 -0.0318866466302 -0.0393435880879 -0.00486677983159 0.00359935230714 

0 0.2 0.04 -0.000977436085463 -0.00164193642873 -0.00256774199585 -0.00408638236026 -0.00656915070971 -0.0106183066535 -0.0172986587548 -0.0278662263048 -0.0442639709622 -0.0550217381982 -0.00740021904508 0.00412019616138 
1 0.2 0.04 -0.00104919501414 -0.00164176817761 -0.00256718931116 -0.00408639232549 -0.00656914667709 -0.010618025687 -0.0172986149056 -0.0278662898694 -0.0442640110698 -0.0550210746455 -0.00740078189062 0.00412065166802 

0 0.24 0.04 -0.00141890382502 -0.00215431794667 -0.00331200843676 -0.00523045866757 -0.00841444986114 -0.0136717000383 -0.022448099719 -0.0365054477426 -0.0586207281803 -0.0736705933682 -0.0109214554041 0.00412422427368 
1 0.24 0.04 -0.00141884573805 -0.00215416423859 -0.00331138013244 -0.00523046701866 -0.00841443799812 -0.0136713004503 -0.0224480592477 -0.0365054569877 -0.0586209279826 -0.0736694972856 -0.0109220059805 0.00412486544262 

0 0.28 0.04 -0.00195514346604 -0.00283388942203 -0.0042270241049 -0.00653252338668 -0.0104977248701 -0.0170804280924 -0.0281964548031 -0.0462196298407 -0.0749670972266 -0.0951130413234 -0.0155323160537 0.00349072701013 
1 0.28 0.04 -0.00195507255347 -0.00283380412997 -0.00422633482886 -0.00653263303443 -0.0104977202365 -0.0170799093846 -0.0281964521683 -0.0462195826924 -0.0749674334237 -0.0951116003063 -0.0155330060513 0.00349140518576 

0 0.32 0.04 -0.00273927902661 -0.0037629539113 -0.00540214776216 -0.00815197734471 -0.0129489333962 -0.0210297474306 -0.0348338910475 -0.0574933330783 -0.0928832907956 -0.120110523424 -0.021773382286 0.00160774606547 
1 0.32 0.04 -0.00273921374561 -0.00376294813799 -0.00540142376388 -0.00815210111643 -0.0129489667775 -0.0210291272954 -0.034833900679 -0.0574932535678 -0.0928839924989 -0.120108896467 -0.0217740826487 0.00160855957961 

0 0.36 0.04 -0.00379121067781 -0.00493773405584 -0.00686342671712 -0.0100998398449 -0.0158229606968 -0.0256006177173 -0.042456933481 -0.0704003607414 -0.114515891872 -0.147715620382 -0.0286471733682 -0.000556400091008 
1 0.36 0.04 -0.00379115450514 -0.00493804327234 -0.00686269520711 -0.0100999810722 -0.0158230101429 -0.0255999074047 -0.0424569862851 -0.0704002529227 -0.114516708733 -0.147715868665 -0.028648126957 -0.00055589606756 

0 0.4 0.04 -0.00512130497478 -0.00641831191724 -0.00863407804865 -0.0124188084077 -0.019202032841 -0.0309414441908 -0.0509302761388 -0.0852440573224 -0.139152356093 -0.179918656876 -0.037529115741 -0.00417024590586 
1 0.4 0.04 -0.00512125509522 -0.00641872189103 -0.00863338373856 -0.0124190116979 -0.0192021408075 -0.0309406737715 -0.050930254192 -0.0852440378764 -0.139153488221 -0.179919530986 -0.0375306221484 -0.00417005663679 

0 0.44 0.04 -0.00671151076067 -0.00816789333318 -0.0107155944622 -0.0151413629804 -0.0231787035809 -0.037251015452 -0.0613161656391 -0.102693723665 -0.168117007197 -0.216904704844 -0.047377126592 -0.00824396763881 
1 0.44 0.04 -0.00671149876303 -0.00816843850695 -0.0107149628001 -0.0151415869068 -0.0231788325661 -0.0372501456668 -0.0613163054867 -0.10269378366 -0.168118100757 -0.216905412849 -0.0473787495658 -0.00824408640798 

0 0.48 0.04 -0.00859556609482 -0.0102245943943 -0.0131619157975 -0.0183588808001 -0.0277769663164 -0.0447757227951 -0.073543198534 -0.122684115188 -0.199686827225 -0.257380698411 -0.0589670571175 -0.0140701799161 
1 0.48 0.04 -0.00859555973417 -0.0102252329412 -0.0131613075046 -0.0183591828865 -0.0277771746331 -0.0447748937812 -0.0735434512976 -0.12268436102 -0.199686081909 -0.257381714288 -0.0589682747701 -0.0140698598393 

0 0.52 0.04 -0.0107490143221 -0.0125765416674 -0.0159114832695 -0.0221474258505 -0.0334632636869 -0.0538994046121 -0.0882056548423 -0.146045598432 -0.235046919546 -0.296914217777 -0.0704261213469 -0.0195592993843 
1 0.52 0.04 -0.0107490286882 -0.0125772743976 -0.0159113752953 -0.022147709398 -0.0334635071074 -0.0538984978308 -0.0882060253239 -0.146045769455 -0.235046391698 -0.296915465188 -0.0704281283177 -0.019559323799 

0 0.56 0.04 -0.0131893843757 -0.0152503149186 -0.0191725584956 -0.0266517547373 -0.0404194118881 -0.0651501711506 -0.106001714282 -0.172109824759 -0.27633432621 -0.344514824285 -0.0840828160294 -0.0263314699957 
1 0.56 0.04 -0.0131894137052 -0.0152511494635 -0.0191725636705 -0.0266521364212 -0.0404196721649 -0.065149160753 -0.106002322762 -0.172109945293 -0.276334164546 -0.344516581537 -0.0840845099162 -0.026331777301 

0 0.6 0.04 -0.0158919683215 -0.018264391854 -0.0229401423765 -0.0320566750622 -0.0490609018918 -0.0786435899713 -0.127694930055 -0.204182178306 -0.321327013666 -0.393336810369 -0.0976096697234 -0.015989206557 
1 0.6 0.04 -0.0158920316344 -0.0182652880377 -0.0229402914447 -0.0320571943889 -0.0490612534696 -0.0786441605777 -0.127695878545 -0.204182631568 -0.321327272489 -0.39333860313 -0.0976120188996 -0.0159913831285 

0 0.64 0.04 -0.0189501541876 -0.0216736393498 -0.0273183116043 -0.0386415171207 -0.0600207307361 -0.0964636225542 -0.154524169102 -0.241209710193 -0.371705854758 -0.444606748885 -0.109282382852 -0.0259627043602 
1 0.64 0.04 -0.0189502037024 -0.0216745947953 -0.027318664223 -0.0386420939129 -0.0600213106763 -0.0964644409331 -0.154525695449 -0.241216158126 -0.371707298369 -0.444609345403 -0.109284775639 -0.02596413177 

0 0.68 0.04 -0.0223785865834 -0.0255337892767 -0.0324275229228 -0.04656671493 -0.0741801185351 -0.119429953876 -0.187822850523 -0.284861665495 -0.429830965912 -0.498606748592 -0.12756720364 -0.0377167429354 
1 0.68 0.04 -0.0223786885551 -0.0255347419121 -0.0324279722147 -0.0465675693091 -0.0741808085098 -0.119431104866 -0.187824638858 -0.284869203985 -0.42983156012 -0.49860942685 -0.127570185714 -0.037718918875 

0 0.72 0.04 -0.0261821392547 -0.0297318723563 -0.0383793328712 -0.0567274360676 -0.0927688083536 -0.149342960974 -0.227775612694 -0.335960828254 -0.491073882313 -0.559377696537 -0.147692121447 -0.0503824879693 
1 0.72 0.04 -0.0261822481408 -0.029733225251 -0.0383799831265 -0.0567284178127 -0.0927699472738 -0.149344922905 -0.227777837957 -0.335969497829 -0.49107524718 -0.559381064935 -0.147694643982 -0.0503849969682 

0 0.76 0.04 -0.030370658608 -0.0345367660461 -0.0453006101489 -0.0695888300107 -0.116573556683 -0.188707367691 -0.278469713833 -0.395572637005 -0.554264157716 -0.611173388887 -0.167689041203 -0.0637802709863 
1 0.76 0.04 -0.0303707823632 -0.0345380439798 -0.0453015372776 -0.0695900406104 -0.116575043867 -0.188710077131 -0.278473011874 -0.395582481207 -0.55426649052 -0.611177025159 -0.167691333118 -0.0637817403911 

0 0.8 0.04 -0.0349534931672 -0.0398287646862 -0.0530413130468 -0.0860398315018 -0.14989079738 -0.240723693279 -0.342071560272 -0.466539451066 -0.62233772271 -0.66674474155 -0.188725755147 -0.0781485619602 
1 0.8 0.04 -0.0349536975951 -0.0398298805441 -0.0530426736483 -0.0860412764368 -0.149892391027 -0.24072708759 -0.34207590893 -0.466546707281 -0.622341206005 -0.666748594546 -0.188728147333 -0.0781504281834 

0 0.84 0.04 -0.0396629047523 -0.0455005846153 -0.062181020934 -0.107181793261 -0.195469263908 -0.307184360824 -0.420066874969 -0.543812070971 -0.693681568856 -0.72302889912 -0.208835640035 -0.0706728368927 
1 0.84 0.04 -0.0396630407853 -0.0455013600511 -0.0621825791045 -0.107183386238 -0.195471504832 -0.307187943983 -0.420072156118 -0.543820078827 -0.693685967934 -0.72303248252 -0.208838650603 -0.0706781625347 

0 0.88 0.04 -0.0448604170456 -0.051494958766 -0.0724392116104 -0.132955749465 -0.258091176702 -0.395928445327 -0.514001974852 -0.628608948542 -0.763455034489 -0.778495754892 -0.230905273185 -0.0922023270121 
1 0.88 0.04 -0.0448606440127 -0.0514957068389 -0.0724409294206 -0.132957799854 -0.258093946996 -0.395932886692 -0.514008433059 -0.628617758887 -0.763460403777 -0.778499331729 -0.230906040541 -0.0922086735214 

0 0.92 0.04 -0.0503633328738 -0.0574899762829 -0.083577273808 -0.167827225198 -0.342716305337 -0.505026371612 -0.623325309134 -0.718296743011 -0.830848187222 -0.831905248884 -0.258279725868 -0.114317461412 
1 0.92 0.04 -0.0503635958782 -0.0574896795804 -0.0835789616776 -0.167829634349 -0.342719891984 -0.505031620903 -0.623335004579 -0.71830655164 -0.830854601259 -0.831908368307 -0.258282254429 -0.114321761692 

0 0.96 0.04 -0.0555367822497 -0.0638564940078 -0.0949787361883 -0.211087116849 -0.447652163494 -0.63761458057 -0.741235939218 -0.807701524172 -0.894333809085 -0.879167294158 -0.285228636311 -0.135527015308 
1 0.96 0.04 -0.0561556679037 -0.0638564776782 -0.094980873735 -0.211089687504 -0.447656585469 -0.637620687496 -0.741247007025 -0.807711568075 -0.894340674131 -0.879177075644 -0.285233169037 -0.135532388605 

0 1 0.04 -0.0616674820611 -0.0702265447155 -0.105585855945 -0.259972805335 -0.574951465302 -0.7821441664 -0.859583426909 -0.888768743687 -0.949649816749 -0.922448341566 -0.31245441625 -0.157172215286 
1 1 0.04 -0.06166773179 -0.0702264941435 -0.105587411296 -0.259975788209 -0.574956807848 -0.782152527524 -0.859596806836 -0.888777824981 -0.949658366841 -0.922457757608 -0.312458972777 -0.157178392567 

0 1.04 0.04 -0.06818969022 -0.076446899347 -0.115055466293 -0.305231216044 -0.700249560441 -0.917795240921 -0.965466043018 -0.959930758232 -0.995726548281 -0.962734274157 -0.338047228786 -0.16166151689 
1 1.04 0.04 -0.0681901629048 -0.076446963605 -0.115057198332 -0.305234636189 -0.700257355396 -0.917805498653 -0.965482576255 -0.959941372455 -0.995736599897 -0.962741508421 -0.33805300726 -0.161669780015 

0 1.08 0.04 -0.0751828883731 -0.0809571839477 -0.118881768906 -0.331403702621 -0.794430090433 -1.02010840285 -1.04376827078 -1.01287421667 -1.02841229884 -0.998205930937 -0.371158292389 -0.191708753865 
1 1.08 0.04 -0.0751834482986 -0.0809572750835 -0.118883052493 -0.331405926648 -0.794436907272 -1.02012021047 -1.04378813773 -1.01288550972 -1.02842235319 -0.998212487356 -0.371162356207 -0.191716192738 

0 1.12 0.04 -0.08355605701 -0.0869275366572 -0.120522736711 -0.33131669004 -0.83113336918 -1.06892493594 -1.08647269293 -1.04351417759 -1.0498698062 -1.02731889914 -0.403848190668 -0.220892084349 
1 1.12 0.04 -0.083556918738 -0.0869277705503 -0.120523820688 -0.331320587051 -0.831141636433 -1.06893861969 -1.08649302974 -1.04352694256 -1.04988436526 -1.02731735121 -0.403853980978 -0.220901947369 

0 1.16 0.04 -0.0915951962577 -0.0929217277906 -0.118098152245 -0.301408729908 -0.793859592869 -1.05622942288 -1.08770403768 -1.04978495499 -1.0576186141 -1.04787627706 -0.435408440066 -0.248468322859 
1 1.16 0.04 -0.0915960419171 -0.0929221370269 -0.118099837573 -0.301414774736 -0.793870302679 -1.05624510011 -1.0877241271 -1.04979761958 -1.05763763177 -1.04787590432 -0.435413187896 -0.248477912059 

0 1.2 0.04 -0.100210281997 -0.0991601508612 -0.114741809408 -0.246758683374 -0.703271094622 -0.990075770382 -1.0509752318 -1.03466103263 -1.05266931971 -1.06341811515 -0.46839776834 -0.264780762273 
1 1.2 0.04 -0.100211331294 -0.0991606775187 -0.11474379212 -0.246769186883 -0.703280303891 -0.990092958163 -1.0509940587 -1.03467592308 -1.05269377184 -1.06341812089 -0.468402934104 -0.264787556938 

0 1.24 0.04 -0.10944123538 -0.106203926714 -0.111474098473 -0.194254949404 -0.588030034887 -0.889332680695 -0.98666128369 -0.998333389784 -1.03482013529 -1.0734914719 -0.504087990112 -0.300009213556 
1 1.24 0.04 -0.10944220229 -0.106205026215 -0.111476476427 -0.194264724508 -0.588039978794 -0.889351208693 -0.986679643815 -0.998350186163 -1.03485340836 -1.07349358992 -0.50409544472 -0.300018983796 

0 1.28 0.04 -0.119335605093 -0.113728493625 -0.108754660307 -0.147661934789 -0.470957707176 -0.778450070481 -0.904201135577 -0.948552965055 -1.00661066645 -1.07473004233 -0.53776184309 -0.332057155302 
1 1.28 0.04 -0.119336472268 -0.113729682792 -0.108757389143 -0.147669601153 -0.470969377001 -0.778468832483 -0.904225978136 -0.94857560505 -1.00664605121 -1.07473215276 -0.537772309678 -0.332063475467 

0 1.32 0.04 -0.131066648709 -0.122225213614 -0.110150436603 -0.11173840448 -0.373159354178 -0.673306305605 -0.818138196097 -0.889462999382 -0.968995608345 -1.06798495517 -0.571806243327 -0.355331702436 
1 1.32 0.04 -0.131067132797 -0.12222646789 -0.110153620507 -0.111742947609 -0.373172101731 -0.673326304269 -0.818170685529 -0.889487902522 -0.96903122137 -1.06799240387 -0.571815635951 -0.355340566419 

0 1.36 0.04 -0.142402415281 -0.132279849426 -0.114550252155 -0.0873007867354 -0.29623182269 -0.584068448363 -0.736843851519 -0.828205819995 -0.925713719187 -1.05644928586 -0.605302769177 -0.39174431316 
1 1.36 0.04 -0.142403062536 -0.13228124438 -0.114553785976 -0.0873050279333 -0.296245803626 -0.584088522066 -0.736877556865 -0.828233312641 -0.925748625176 -1.05646467608 -0.605314845813 -0.391754065736 

0 1.4 0.04 -0.154507249089 -0.142908433341 -0.121287216965 -0.076613770442 -0.236755314086 -0.513778717797 -0.665938842295 -0.769467111176 -0.881098721798 -1.04083174952 -0.638450370844 -0.426352771451 
1 1.4 0.04 -0.154507907239 -0.142909880678 -0.121291205145 -0.0766187664288 -0.236768173571 -0.513799102498 -0.665971587074 -0.769496107844 -0.881134975188 -1.040865826 -0.638459916535 -0.426363765649 

0 1.44 0.04 -0.167338416963 -0.154575208178 -0.130790088405 -0.0736667190588 -0.19497101489 -0.458801902202 -0.607587599073 -0.714352198221 -0.83417211959 -1.01623282348 -0.670371824175 -0.456241046785 
1 1.44 0.04 -0.167339163858 -0.154576785294 -0.130793914779 -0.0736735396196 -0.194982522191 -0.458822447069 -0.60761798376 -0.71438138009 -0.834208365241 -1.01627095046 -0.67038059801 -0.456251850695 

0 1.48 0.04 -0.180881524576 -0.167866053879 -0.142407688867 -0.0767939154572 -0.164055298046 -0.418680759334 -0.55991158757 -0.667751983718 -0.787127054494 -0.990121716304 -0.698515139835 -0.490605434042 
1 1.48 0.04 -0.18088241727 -0.16786732551 -0.142411195692 -0.0768056987819 -0.164065152629 -0.418701102631 -0.55994291204 -0.667781172455 -0.78716777102 -0.990164513004 -0.698524937074 -0.490617312737 

0 1.52 0.04 -0.195039153106 -0.181343346226 -0.155823033695 -0.0866120512022 -0.14125871474 -0.389904792368 -0.524236163679 -0.626692698689 -0.745099308672 -0.958121256701 -0.72590652128 -0.52261958029 
1 1.52 0.04 -0.195040046984 -0.181344692095 -0.155825043252 -0.0866244951657 -0.141265194824 -0.389924397821 -0.524266381293 -0.626720562985 -0.745137681516 -0.958164890454 -0.725921264543 -0.522630537772 

0 1.56 0.04 -0.2109791231 -0.19548532881 -0.170040319423 -0.0993410611104 -0.126784749869 -0.367236033232 -0.497573133873 -0.595090371722 -0.703880301281 -0.925455848055 -0.750547870368 -0.556435545407 
1 1.56 0.04 -0.210979899662 -0.195486578798 -0.170041946789 -0.0993483199022 -0.126792480053 -0.367255840357 -0.497602475659 -0.595121028026 -0.703901921534 -0.925502095592 -0.750558086628 -0.556451053031 

0 1.6 0.04 -0.225921063109 -0.211106831479 -0.18526440896 -0.116021843971 -0.1149506673 -0.351662296245 -0.476804745245 -0.569367078316 -0.668565994278 -0.889581996016 -0.768064868909 -0.58335711732 
1 1.6 0.04 -0.225921782285 -0.211108114634 -0.185265723436 -0.116026515176 -0.114967272394 -0.351680812658 -0.476831518958 -0.569400896816 -0.668586863385 -0.889630425931 -0.768074265132 -0.583368392916 

0 1.64 0.04 -0.241070126844 -0.226408089677 -0.20152798216 -0.134745065967 -0.112390412556 -0.340369002884 -0.462767758371 -0.548370101643 -0.641453250024 -0.852350768337 -0.787855956014 -0.609984016577 
1 1.64 0.04 -0.241070867241 -0.226409357366 -0.201530300747 -0.134747169602 -0.112407984422 -0.340385011696 -0.462793149139 -0.548415786768 -0.641473080746 -0.852402276052 -0.787875675592 -0.610000023332 

0 1.68 0.04 -0.256246840936 -0.241858482289 -0.21737975097 -0.154308598274 -0.111774924092 -0.331265094619 -0.450916971497 -0.532793933907 -0.61139564444 -0.815761960125 -0.796050432273 -0.639203095075 
1 1.68 0.04 -0.256247632551 -0.241859589574 -0.21738165234 -0.154309653331 -0.111793160772 -0.331279631787 -0.450943069323 -0.532835732088 -0.611425023619 -0.815816738103 -0.796059899381 -0.639221906289 

0 1.72 0.04 -0.271374580554 -0.257359794649 -0.234536479866 -0.174942352822 -0.115350993016 -0.325446584895 -0.444458015256 -0.519915534377 -0.591680372927 -0.774561924508 -0.80376954725 -0.657522901187 
1 1.72 0.04 -0.271375354362 -0.257360744886 -0.23453736327 -0.17494326831 -0.115364961153 -0.325459443644 -0.444483242403 -0.519924835032 -0.591711183507 -0.774624269135 -0.803787594396 -0.657544366809 

0 1.76 0.04 -0.28758750287 -0.274509173076 -0.250380834282 -0.19647210947 -0.123657034954 -0.318603783551 -0.440903842792 -0.51159476825 -0.572656228125 -0.744662715467 -0.804270159662 -0.683500839855 
1 1.76 0.04 -0.287588252004 -0.274510235927 -0.250381513307 -0.196475830576 -0.123664715083 -0.318613428435 -0.440928234609 -0.511606657713 -0.572686632674 -0.744719217396 -0.804310715115 -0.683506207108 

0 1.8 0.04 -0.302440182822 -0.28904860623 -0.266231616936 -0.217191567547 -0.134421148528 -0.314234643014 -0.437573068204 -0.505562877355 -0.558999278162 -0.704057154097 -0.800013127384 -0.691398416281 
1 1.8 0.04 -0.302440887891 -0.289049789214 -0.266232066475 -0.217195770417 -0.134417988363 -0.314244140116 -0.437595677525 -0.505577078987 -0.559031786883 -0.704096598233 -0.800058170512 -0.691416207732 

0 1.84 0.04 -0.317182896167 -0.303425411968 -0.283069037131 -0.238220356593 -0.150501213752 -0.308802890288 -0.438522869029 -0.500169268065 -0.549241983778 -0.675722073717 -0.787802376139 -0.707532254855 
1 1.84 0.04 -0.317183428285 -0.303426675336 -0.283069631098 -0.238224824227 -0.150498957001 -0.308813063135 -0.438543893374 -0.50022668352 -0.549275662665 -0.675753621966 -0.787854713665 -0.707571292808 

0 1.88 0.04 -0.331793260338 -0.321426498421 -0.298391094712 -0.258910086301 -0.168515112404 -0.305123793218 -0.438565476516 -0.497993858548 -0.539131436266 -0.649279237988 -0.773808413374 -0.704650103982 
1 1.88 0.04 -0.331793589094 -0.321427337671 -0.298391942246 -0.258912435163 -0.168521060705 -0.3051330719 -0.438585566401 -0.498052606499 -0.539166693315 -0.649302286879 -0.77385894457 -0.704693661538 

0 1.92 0.04 -0.347335233347 -0.335788782772 -0.315186731677 -0.278810919695 -0.190046385955 -0.300236138375 -0.44273246318 -0.495696854364 -0.534450694711 -0.618916358736 -0.762362030462 -0.707804449751 
1 1.92 0.04 -0.347335213133 -0.335789491527 -0.315187767094 -0.278812406177 -0.190054824099 -0.300241315523 -0.442750897331 -0.495717264074 -0.534486229547 -0.618944052791 -0.762413287483 -0.707859822197 

0 1.96 0.04 -0.361645160124 -0.350028003986 -0.330004624457 -0.298778310753 -0.211504826292 -0.29797597161 -0.444988956092 -0.496219296858 -0.529203596829 -0.598295950411 -0.728326331421 -0.69481175229 
1 1.96 0.04 -0.361645117965 -0.350028549705 -0.330005527723 -0.298779344445 -0.211514372435 -0.297980039743 -0.445006173812 -0.496231536049 -0.529236083187 -0.598321863756 -0.728376181905 -0.694865672137 

0 2 0.04 -0.375831076208 -0.364126576325 -0.346174272855 -0.317263476993 -0.237568217924 -0.294495985027 -0.451509131292 -0.49558336215 -0.527953975426 -0.573488056346 -0.709203575598 -0.683813780001 
1 2 0.04 -0.37583096188 -0.364126830199 -0.346175025511 -0.317264033506 -0.237570099915 -0.294511089297 -0.45152435766 -0.495606702813 -0.527986200931 -0.573514487959 -0.709247523509 -0.683868962373 

0 2.04 0.04 -0.389946397663 -0.381036396499 -0.360585264361 -0.336264714256 -0.261730945509 -0.295509336085 -0.455030852656 -0.498536319584 -0.526167690227 -0.558633971626 -0.6682251652 -0.661064217504 
1 2.04 0.04 -0.389946190639 -0.381036226327 -0.360585878094 -0.336265010948 -0.261728709162 -0.295524430213 -0.455043666304 -0.498560997927 -0.526201016506 -0.558660907002 -0.668272795568 -0.661120985092 

0 2.08 0.04 -0.40494952803 -0.395069384133 -0.376196374292 -0.353713483249 -0.28964795522 -0.296369563273 -0.463594034017 -0.500656930043 -0.527707119884 -0.540962689289 -0.645898980176 -0.64367877965 
1 2.08 0.04 -0.404949593223 -0.395069010986 -0.376196291042 -0.353714438781 -0.289644366521 -0.29638347501 -0.463604351998 -0.500680139574 -0.527742395165 -0.540990864076 -0.645945799953 -0.643728674968 

0 2.12 0.04 -0.419150017042 -0.40919939129 -0.391578187342 -0.372113186626 -0.314500798759 -0.302624673671 -0.469131485506 -0.50624424006 -0.528055434593 -0.531281517852 -0.601906036657 -0.661828218667 
1 2.12 0.04 -0.419149908458 -0.409198813995 -0.391577708644 -0.372115873651 -0.314497231006 -0.302630120138 -0.469137747506 -0.506267450747 -0.528087803194 -0.53131418506 -0.601958448887 -0.661886858866 

0 2.16 0.04 -0.433659849018 -0.4235770783 -0.407267795722 -0.388909967874 -0.341471433132 -0.310874118669 -0.479161003791 -0.510002479658 -0.53138730623 -0.519489268874 -0.591051207789 -0.635622503485 
1 2.16 0.04 -0.433659620299 -0.423576307648 -0.407266845284 -0.388911859322 -0.341469726775 -0.310863672223 -0.47916581796 -0.51002401315 -0.531414390548 -0.519527551308 -0.591116835168 -0.635685688639 

0 2.2 0.04 -0.448680473283 -0.441000725452 -0.425861237012 -0.407423705894 -0.365865524051 -0.324013358303 -0.484680996803 -0.518949522869 -0.533391764732 -0.514549146324 -0.562509833948 -0.59541472619 
1 2.2 0.04 -0.448680093857 -0.440999727892 -0.42585996561 -0.407419502079 -0.365865721636 -0.324001502037 -0.484684720511 -0.518969377931 -0.53340819096 -0.514589849911 -0.562576254595 -0.59547717837 

0 2.24 0.04 -0.465152547329 -0.456563930416 -0.441120855457 -0.424689994653 -0.392308407559 -0.342588072545 -0.495301427265 -0.52588947971 -0.538565370145 -0.521052612843 -0.533784394174 -0.564283581178 
1 2.24 0.04 -0.465152280279 -0.456562665935 -0.44111956 -0.424685102917 -0.392309792379 -0.342580719714 -0.495305200901 -0.525907383847 -0.538586582821 -0.521082316843 -0.533821291887 -0.564359955285 

0 2.28 0.04 -0.481644816625 -0.472915819365 -0.457008766694 -0.443919698949 -0.41829386941 -0.362637639928 -0.500229348482 -0.539569031353 -0.542040390164 -0.51925722535 -0.502492924963 -0.529283831742 
1 2.28 0.04 -0.481644095311 -0.472914187882 -0.457007615166 -0.443917957208 -0.418291830481 -0.362633391637 -0.500232126088 -0.539584965116 -0.54208300114 -0.519290130162 -0.502521303307 -0.52935391236 

0 2.32 0.04 -0.499113252236 -0.490174379679 -0.479149944289 -0.464101327737 -0.441659298767 -0.390886617382 -0.511459863502 -0.55105743347 -0.549158224602 -0.515975119483 -0.479289460606 -0.499369739962 
1 2.32 0.04 -0.499112055333 -0.490172285089 -0.479148695743 -0.464098598025 -0.441656046434 -0.390887380552 -0.511460163823 -0.551070355693 -0.549192707416 -0.516007425006 -0.479316562939 -0.499407385802 

0 2.36 0.04 -0.517609377861 -0.51072754892 -0.497256103273 -0.483022195798 -0.46670485449 -0.415902366982 -0.516940160663 -0.570160077791 -0.564502741879 -0.516606675614 -0.454658871579 -0.471108847769 
1 2.36 0.04 -0.517607786996 -0.510725228939 -0.497254693979 -0.483019050577 -0.466703978477 -0.41589973195 -0.516940860529 -0.570170251403 -0.564510829692 -0.516633325753 -0.454683286881 -0.471135202567 

0 2.4 0.04 -0.537876083219 -0.530156841826 -0.516372630956 -0.504567063333 -0.490191358816 -0.448906026455 -0.529815433583 -0.58586478174 -0.572230267345 -0.515153186793 -0.438062298017 -0.446681220733 
1 2.4 0.04 -0.537873246785 -0.530154424308 -0.516371069216 -0.504565195181 -0.490191396946 -0.448890684601 -0.529815042586 -0.585871858012 -0.572252495846 -0.515177409183 -0.438084919846 -0.446703333378 

0 2.44 0.04 -0.558624220904 -0.550680729957 -0.540803567396 -0.525277700397 -0.516032387046 -0.477821951576 -0.539012562617 -0.603229030265 -0.578899216223 -0.517750872944 -0.420721535431 -0.426261163236 
1 2.44 0.04 -0.558621356715 -0.55067824677 -0.540801004298 -0.525275849316 -0.516032362034 -0.477805976359 -0.53901485963 -0.60323305229 -0.578920255228 -0.517779384709 -0.420739985916 -0.426282741927 

0 2.48 0.04 -0.58067785031 -0.574419588838 -0.562440239242 -0.548657468885 -0.542263911362 -0.515923001104 -0.553081820212 -0.633704084673 -0.58874694962 -0.517511103671 -0.411249252546 -0.408905571479 
1 2.48 0.04 -0.580674955454 -0.574417332196 -0.562437315683 -0.548654706904 -0.542264024592 -0.515913263293 -0.55306074206 -0.633704811589 -0.588762994022 -0.517540927312 -0.411263678011 -0.408924111772 

0 2.52 0.04 -0.604684720493 -0.597631798332 -0.585347805594 -0.573623800685 -0.567710558343 -0.551248780201 -0.570707935566 -0.660282163373 -0.598883133739 -0.521873897718 -0.40565107196 -0.395556494622 
1 2.52 0.04 -0.604682449948 -0.597629458483 -0.585344654301 -0.573620561883 -0.567708853468 -0.551242644067 -0.570675806179 -0.660276715232 -0.598894802596 -0.521897705567 -0.405677622453 -0.395571803114 

0 2.56 0.04 -0.629606153614 -0.622338706942 -0.613408047393 -0.602203301634 -0.595965691376 -0.582578653731 -0.596493586102 -0.681071496176 -0.612608116088 -0.52687855171 -0.401827837173 -0.390587072756 
1 2.56 0.04 -0.629603851904 -0.622336348248 -0.613405117487 -0.602200135946 -0.595959923138 -0.582573921018 -0.596451772646 -0.681064253202 -0.612617686637 -0.526883351015 -0.401856015385 -0.390601370338 

0 2.6 0.04 -0.656302994923 -0.650492622039 -0.639735543912 -0.627837935536 -0.624171449876 -0.619700601135 -0.627450429752 -0.708684966941 -0.62898559412 -0.531089248075 -0.404385670118 -0.387155348166 
1 2.6 0.04 -0.656300526676 -0.650490178836 -0.639732417025 -0.627834418785 -0.624165418742 -0.619696739498 -0.627459769832 -0.708679955476 -0.628991830868 -0.531092845891 -0.404410683546 -0.387180115158 

0 2.64 0.04 -0.685242468356 -0.678596480507 -0.667619488171 -0.654992327245 -0.655411788636 -0.65675126421 -0.657365065193 -0.737861933051 -0.64815682838 -0.540299851756 -0.412157360497 -0.389577942282 
1 2.64 0.04 -0.685239314553 -0.678593727132 -0.66761624078 -0.654989017876 -0.655408191119 -0.656741295579 -0.657365457399 -0.737853647578 -0.648160477569 -0.540320170407 -0.412180803172 -0.389601042694 

0 2.68 0.04 -0.714393493621 -0.707705688857 -0.696473806825 -0.690255837712 -0.688008338417 -0.691355775022 -0.693525101656 -0.763724608808 -0.670639044027 -0.547940729027 -0.421144670468 -0.399845966504 
1 2.68 0.04 -0.714390258974 -0.707702873008 -0.696470481357 -0.690252759491 -0.68800273259 -0.691345917365 -0.693519426684 -0.76371399349 -0.670638815472 -0.54794002827 -0.421165542926 -0.399868518532 

0 2.72 0.04 -0.744292966859 -0.739107351377 -0.729792990563 -0.720292363007 -0.719917645629 -0.72891983453 -0.731113779969 -0.793547789087 -0.695648343752 -0.55471684511 -0.434233472994 -0.410548046534 
1 2.72 0.04 -0.744289690234 -0.739103555954 -0.72978921058 -0.72028930663 -0.719912193533 -0.728916044776 -0.731097969312 -0.793536478476 -0.695643307636 -0.554708872559 -0.434246911622 -0.410569190074 

0 2.76 0.04 -0.774819009331 -0.769692229629 -0.760370169854 -0.750985456384 -0.754253722282 -0.767376985334 -0.777269646987 -0.825494000733 -0.722126198839 -0.564239524497 -0.449326086173 -0.424075594298 
1 2.76 0.04 -0.774815639938 -0.769688625146 -0.760366655758 -0.750982634163 -0.754250649392 -0.767376663623 -0.777249803292 -0.825489493024 -0.722116466071 -0.564233838782 -0.449343581902 -0.424089386946 

0 2.8 0.04 -0.806047458866 -0.801003084723 -0.794714991658 -0.788531005539 -0.788888707899 -0.805601786612 -0.821180916995 -0.860153625323 -0.754031583237 -0.574389069791 -0.463971548256 -0.441977798645 
1 2.8 0.04 -0.806043943232 -0.800999553028 -0.794712179095 -0.788526880287 -0.788885205698 -0.805601345208 -0.821162378479 -0.860143623043 -0.754019689152 -0.574386654715 -0.463987869486 -0.44198949327 

0 2.84 0.04 -0.838073978464 -0.834616284272 -0.827339132239 -0.821921730689 -0.828646973329 -0.8495377194 -0.865879926637 -0.894902341594 -0.789492678192 -0.587603559496 -0.481881639108 -0.46048644009 
1 2.84 0.04 -0.8380702575 -0.834613398288 -0.82733661729 -0.821917692022 -0.828643270938 -0.849536266584 -0.865866446454 -0.894873934167 -0.789476452064 -0.58759736916 -0.481883091958 -0.460501955402 

0 2.88 0.04 -0.872310157166 -0.867937650171 -0.860980719621 -0.856474519622 -0.869651178837 -0.894830323087 -0.916412337693 -0.934397528431 -0.826508445015 -0.604531115649 -0.501106996545 -0.480964444296 
1 2.88 0.04 -0.872307841062 -0.867934926161 -0.860978370172 -0.856470507135 -0.869647191449 -0.894827513994 -0.916403721955 -0.934349470343 -0.826490163968 -0.604522019388 -0.501103373051 -0.480970929808 

0 2.92 0.04 -0.906277605313 -0.902260257891 -0.898694323747 -0.899178000171 -0.909897936688 -0.943301648456 -0.968219709084 -0.977483099285 -0.869402066592 -0.626250609741 -0.521260885596 -0.504146870966 
1 2.92 0.04 -0.906275412021 -0.902257711065 -0.898692136855 -0.899175444884 -0.909894703271 -0.943296921402 -0.96822106563 -0.977468817525 -0.869377038966 -0.626234114356 -0.521255298599 -0.504144081498 

0 2.96 0.04 -0.940991280806 -0.939181042365 -0.934930566032 -0.93781532227 -0.963218165444 -0.998209026398 -1.02490822419 -1.03007688202 -0.915079222818 -0.651668411957 -0.543415622657 -0.527551775056 
1 2.96 0.04 -0.940989310654 -0.939177975424 -0.934928423009 -0.93781312671 -0.96321645688 -0.998203640294 -1.02489783005 -1.03007225802 -0.915055288652 -0.651645886186 -0.543401039571 -0.527546602194 

0 3 0.04 -0.978347571589 -0.974757696947 -0.971619486622 -0.984332513178 -1.01301103044 -1.0598356218 -1.08789972025 -1.08264845762 -0.968562905533 -0.689193499972 -0.567625349881 -0.551776797302 
1 3 0.04 -0.978344808031 -0.974754257719 -0.971617161304 -0.984329573431 -1.01300966595 -1.05983238072 -1.08788764535 -1.08262172952 -0.968548487094 -0.689167399587 -0.567610007939 -0.551763457838 

0 3.04 0.04 -1.01425259873 -1.01027010252 -1.01182694916 -1.02748147778 -1.06759711316 -1.12852542339 -1.15573664449 -1.13665448314 -1.02388294482 -0.731469715462 -0.592449071677 -0.576498758736 
1 3.04 0.04 -1.0142498719 -1.01026667022 -1.0118237621 -1.02747885002 -1.06759617104 -1.12852102085 -1.15573170139 -1.13662476497 -1.02386470582 -0.731440615887 -0.592421043487 -0.576487417013 

0 3.08 0.04 -1.04994215434 -1.0451144834 -1.04925064131 -1.07130945232 -1.14236421883 -1.20618387171 -1.23131380924 -1.19488249739 -1.08120405944 -0.781527883668 -0.620604539607 -0.604645564315 
1 3.08 0.04 -1.04993929639 -1.04511109584 -1.04924781737 -1.07130704459 -1.14236171771 -1.20617857011 -1.23131393915 -1.19486022837 -1.08118221213 -0.781498532731 -0.620574223639 -0.604627140178 

0 3.12 0.04 -1.08509851927 -1.07865212287 -1.08529933569 -1.126688425 -1.21464029038 -1.29886692209 -1.31383874743 -1.25706856555 -1.1408559377 -0.842932714105 -0.650742624355 -0.630997823281 
1 3.12 0.04 -1.08509543799 -1.07864876716 -1.08529690974 -1.12668929115 -1.21463422754 -1.29886234852 -1.31383469237 -1.25705054449 -1.14081354845 -0.842901597826 -0.650715260607 -0.630964576151 

0 3.16 0.04 -1.1195179348 -1.11471045368 -1.12469477048 -1.17602933895 -1.29762607931 -1.4148926437 -1.40009540981 -1.31716408293 -1.19996378418 -0.911396220109 -0.682642338276 -0.65847769895 
1 3.16 0.04 -1.11951504188 -1.11470829892 -1.1246934373 -1.17602956448 -1.29761915259 -1.4148899446 -1.40009146369 -1.317147722 -1.19990973634 -0.911364489831 -0.682611012874 -0.658446134832 

0 3.2 0.04 -1.15333446809 -1.14693022408 -1.1591427954 -1.22267988535 -1.39839146831 -1.49639225318 -1.48747587878 -1.38107401098 -1.25878590875 -0.985871297144 -0.717672058728 -0.686054517228 
1 3.2 0.04 -1.15333117938 -1.14692838332 -1.15913746044 -1.22267942112 -1.39838893838 -1.4963920622 -1.48747406533 -1.38107523577 -1.2587457308 -0.985840513273 -0.717637731161 -0.686020189031 

0 3.24 0.04 -1.18597792115 -1.17806207851 -1.19250495701 -1.27291482195 -1.47670396511 -1.58894107447 -1.57032640879 -1.4459868181 -1.3132257261 -1.06551778167 -0.759870784111 -0.722214074283 
1 3.24 0.04 -1.18597447194 -1.17806082214 -1.19250020515 -1.27291334232 -1.47670413128 -1.58894319 -1.5703236812 -1.44597746895 -1.31321294216 -1.06548572386 -0.7598335416 -0.722176715256 

0 3.28 0.04 -1.21786300269 -1.2126861776 -1.22059311 -1.30244524776 -1.53612830349 -1.67358656327 -1.64248528384 -1.50721676482 -1.36604755648 -1.1485115219 -0.806871541391 -0.757224339488 
1 3.28 0.04 -1.21785910789 -1.21268287066 -1.22058869725 -1.30244260625 -1.53613739922 -1.67358994875 -1.64248448133 -1.50720600437 -1.36601531414 -1.14849002474 -0.806827208847 -0.757183375952 

0 3.32 0.04 -1.24893089304 -1.24264870961 -1.24532188694 -1.3098631508 -1.54554187177 -1.71119879459 -1.69668775786 -1.56515080124 -1.41457224261 -1.2320549514 -0.859355386816 -0.795981039752 
1 3.32 0.04 -1.248926781 -1.24264529978 -1.24532214705 -1.30986690427 -1.54555122832 -1.71120301794 -1.69668742953 -1.56514810487 -1.41454289432 -1.23203314995 -0.859310977429 -0.795935751585 

0 3.36 0.04 -1.27906849097 -1.27134624276 -1.26914923411 -1.30952658082 -1.51243191002 -1.72293427266 -1.72903247421 -1.61640434323 -1.46132832285 -1.30894079899 -0.918963681894 -0.839115503756 
1 3.36 0.04 -1.27906386257 -1.27134233135 -1.26915160671 -1.30953012687 -1.51244177015 -1.7229319412 -1.72903237218 -1.61640804035 -1.46130694095 -1.30890890798 -0.91892059363 -0.839067649484 

0 3.4 0.04 -1.30719101731 -1.29880696038 -1.2877958776 -1.29164571635 -1.43909109541 -1.67840830452 -1.74775646859 -1.65769833512 -1.50409951063 -1.37715226708 -0.983997104413 -0.888785123805 
1 3.4 0.04 -1.30718589921 -1.29880288231 -1.28779179728 -1.29163942016 -1.43909616639 -1.67840708136 -1.74775843433 -1.65769503015 -1.50408257449 -1.37710224906 -0.983952284919 -0.888737339457 

0 3.44 0.04 -1.33396419951 -1.32511261839 -1.30961283678 -1.28687047021 -1.36123848 -1.62014924001 -1.73445421498 -1.68719297428 -1.54291434419 -1.43370023333 -1.05459918179 -0.944340306216 
1 3.44 0.04 -1.33395859353 -1.32510814826 -1.30960867295 -1.2868626577 -1.36124070855 -1.62014775004 -1.73445701017 -1.68719328951 -1.54290224042 -1.43365720765 -1.05455644772 -0.944289382798 

0 3.48 0.04 -1.35914869604 -1.34883277733 -1.33139343758 -1.28850696769 -1.27226513091 -1.53138074981 -1.69979132052 -1.70469717456 -1.57933324837 -1.4762915555 -1.1318271986 -1.01335968494 
1 3.48 0.04 -1.3591426511 -1.34882735583 -1.33138916504 -1.28849727562 -1.27226036661 -1.53138177448 -1.69979557411 -1.70469640533 -1.57933126388 -1.47626952039 -1.13178504526 -1.0133098234 

0 3.52 0.04 -1.38274742237 -1.3713870529 -1.3511366974 -1.2972152337 -1.22515333514 -1.44284354688 -1.66918976674 -1.70659695888 -1.61158845992 -1.50728796951 -1.21038893232 -1.08351012766 
1 3.52 0.04 -1.38274068324 -1.37138093378 -1.35113145549 -1.29721163649 -1.22514775754 -1.44284582051 -1.66919534772 -1.70659693341 -1.61157928903 -1.50725570079 -1.21034801066 -1.08346564718 

0 3.56 0.04 -1.40483405205 -1.39264428563 -1.37085249653 -1.31343126295 -1.19063968481 -1.35628123226 -1.61423523915 -1.7034554619 -1.6392808139 -1.52807762359 -1.28827717498 -1.15864556693 
1 3.56 0.04 -1.40482658125 -1.39263748153 -1.37084664148 -1.31342774962 -1.19064055161 -1.35628856416 -1.61423983554 -1.70345607003 -1.63927234116 -1.52803630599 -1.2882396023 -1.15859765623 

0 3.6 0.04 -1.42438050351 -1.41289531322 -1.3902406542 -1.33587359728 -1.1956498668 -1.28468426835 -1.56795433523 -1.69368433095 -1.66566316021 -1.54842740887 -1.3622543778 -1.23988603104 
1 3.6 0.04 -1.42437233704 -1.41288779599 -1.39023386453 -1.3358704066 -1.1956488814 -1.28469008313 -1.56795612423 -1.69368628563 -1.66566953381 -1.54840233966 -1.3622108649 -1.23984453578 

0 3.64 0.04 -1.44310041861 -1.43200171097 -1.40946042838 -1.36299313636 -1.211719545 -1.21316488359 -1.50958532196 -1.68467714178 -1.69942243233 -1.58897943039 -1.43756705814 -1.33019229363 
1 3.64 0.04 -1.44309146354 -1.43199322107 -1.40945307559 -1.36298916753 -1.21171634242 -1.21316463376 -1.50958522623 -1.68467828601 -1.69941397402 -1.58895246821 -1.43750635889 -1.33014828029 

0 3.68 0.04 -1.46026184009 -1.4488813921 -1.42802701935 -1.38649093099 -1.24502744406 -1.18107058624 -1.45628869105 -1.66741911145 -1.71188506111 -1.6029794235 -1.48275961546 -1.403580511 
1 3.68 0.04 -1.46025220805 -1.44887246167 -1.42801928444 -1.38648294273 -1.24501451209 -1.18106591079 -1.45628702732 -1.66742389095 -1.71188818602 -1.602965794 -1.48271330873 -1.40351261616 

0 3.72 0.04 -1.47651342735 -1.46502443656 -1.44492939151 -1.40645981835 -1.27864349915 -1.14720260848 -1.40433661507 -1.65814854853 -1.75761876226 -1.67455642744 -1.52301052653 -1.4679814203 
1 3.72 0.04 -1.47650316641 -1.46501494478 -1.44492097611 -1.40645158577 -1.27862917295 -1.14719103341 -1.40433359006 -1.65815291517 -1.75761790901 -1.67454608574 -1.52298260098 -1.46792475477 

0 3.76 0.04 -1.4905535326 -1.47967492402 -1.46023120033 -1.42609880232 -1.32023799238 -1.15538196916 -1.35609585165 -1.63480782609 -1.76212220831 -1.70792679437 -1.53794557976 -1.50178004692 
1 3.76 0.04 -1.49054133045 -1.47966455413 -1.46022192966 -1.42609020012 -1.32022896604 -1.15536907453 -1.35609293862 -1.63481720961 -1.76212974532 -1.70791424272 -1.53790707833 -1.50175227651 

0 3.8 0.04 -1.50319381796 -1.49323940499 -1.47475648896 -1.44382486059 -1.35213268252 -1.17164433831 -1.30534327614 -1.62490343636 -1.80863805525 -1.76770465122 -1.54908781211 -1.51676950105 
1 3.8 0.04 -1.50318062397 -1.49322841564 -1.47474669686 -1.44381545032 -1.35212496694 -1.17163782491 -1.30534592169 -1.62491321034 -1.80864898455 -1.76770141123 -1.54905579668 -1.5167314654 

0 3.84 0.04 -1.51445556458 -1.50527129105 -1.48823275855 -1.45975546888 -1.38500422717 -1.21060149398 -1.27907032392 -1.60996086864 -1.83899608651 -1.81577106205 -1.55155213231 -1.51599926199 
1 3.84 0.04 -1.51444139823 -1.50525870814 -1.48822295993 -1.45974569007 -1.38499837396 -1.21059414172 -1.27907402809 -1.60997495561 -1.83901790475 -1.81578287585 -1.55152710901 -1.51596550072 

0 3.88 0.04 -1.52469067181 -1.51586860409 -1.5012295518 -1.47595879891 -1.42901642221 -1.25624161835 -1.25125238999 -1.61342582985 -1.86835315301 -1.85764248533 -1.56656333615 -1.51460868903 
1 3.88 0.04 -1.52467616207 -1.51585492525 -1.50122038162 -1.47594853182 -1.42900605012 -1.2562334511 -1.25125065987 -1.61344274813 -1.86838060287 -1.85765295345 -1.56654131405 -1.51458229447 

0 3.92 0.04 -1.53393830613 -1.52551196584 -1.51217977376 -1.49130308495 -1.45046375107 -1.3146146083 -1.25167966752 -1.57498650937 -1.85764823187 -1.88062950388 -1.58402612414 -1.51589148534 
1 3.92 0.04 -1.53392347933 -1.52549737553 -1.51217033161 -1.4912926092 -1.45045390887 -1.3145983796 -1.25167554768 -1.57499951476 -1.8576780678 -1.88064981104 -1.58401551413 -1.51586737583 

0 3.96 0.04 -1.54158807863 -1.53411778299 -1.52181537837 -1.50405777734 -1.46848536131 -1.35564119156 -1.2322983822 -1.53175598972 -1.86017956974 -1.88678881498 -1.60280878343 -1.52131552469 
1 3.96 0.04 -1.54157230864 -1.53410356483 -1.52180443206 -1.5040456736 -1.46847607561 -1.3556242991 -1.23228719557 -1.53176707091 -1.86021789186 -1.88681659648 -1.60280624503 -1.52130157165 

0 4 0.04 -1.54888657069 -1.54231750088 -1.53051958789 -1.51418953278 -1.4870419599 -1.398352817 -1.24443966106 -1.44692522135 -1.79859067008 -1.87993379921 -1.62077783485 -1.53200467339 
1 4 0.04 -1.54887138147 -1.54230297115 -1.53050788755 -1.51417734636 -1.48703191232 -1.39834302733 -1.24442645423 -1.44693663531 -1.79862604374 -1.87996595085 -1.62077344238 -1.53199878077 

0 4.04 0.04 -1.55599345084 -1.54950407671 -1.53939768061 -1.52377037542 -1.49914771524 -1.4250338361 -1.26554037672 -1.40059203372 -1.75562303173 -1.86162789632 -1.63482796959 -1.54584550032 
1 4.04 0.04 -1.55597880455 -1.54948955982 -1.53938608951 -1.52375826543 -1.49913737608 -1.42502638277 -1.26553182971 -1.40060048198 -1.75565458604 -1.86166143116 -1.63483650629 -1.54583860481 

0 4.08 0.04 -1.56309115546 -1.55665238664 -1.54706255581 -1.5330574099 -1.51080347575 -1.44976171161 -1.29731174065 -1.31813892333 -1.67860906487 -1.8437792817 -1.64279075174 -1.55806371629 
1 4.08 0.04 -1.56307690254 -1.55663755951 -1.54704956017 -1.53304388951 -1.51079381516 -1.44976099607 -1.29730233885 -1.318139363 -1.67863462856 -1.84381035582 -1.64280730718 -1.55806626932 

0 4.12 0.04 -1.56989165234 -1.56392529321 -1.55477837354 -1.54292750523 -1.52234596781 -1.48288243324 -1.34498856747 -1.2965088972 -1.62694514498 -1.79723599048 -1.64289662883 -1.56548420789 
1 4.12 0.04 -1.5698801121 -1.56391023187 -1.55476445672 -1.54291554696 -1.52233618879 -1.48286970252 -1.34496775128 -1.29650348945 -1.62696447195 -1.7972635582 -1.64291311384 -1.56550091616 

0 4.16 0.04 -1.57707982476 -1.57190574405 -1.56272248523 -1.55150355272 -1.53512887073 -1.49701587803 -1.37981691876 -1.25362604453 -1.54171716138 -1.76776472551 -1.63416508385 -1.56424368134 
1 4.16 0.04 -1.57706807079 -1.57188889306 -1.56270745029 -1.55148921461 -1.53511608984 -1.49700450394 -1.37979396659 -1.25360890934 -1.54172854091 -1.76780236804 -1.63419028396 -1.56425598856 

0 4.2 0.04 -1.5849601577 -1.57979771777 -1.57194001413 -1.56054434466 -1.54526098885 -1.51089795348 -1.42813126051 -1.26485822832 -1.48951966932 -1.69612252905 -1.61090576421 -1.55594157 
1 4.2 0.04 -1.58494814976 -1.57978129609 -1.57192408535 -1.56052845789 -1.54524849825 -1.5108877883 -1.42811437107 -1.26483922785 -1.48952622481 -1.69615766934 -1.61093005973 -1.55595987165 

0 4.24 0.04 -1.59393443205 -1.58877597128 -1.58122839219 -1.5704828232 -1.55620883516 -1.53134417654 -1.45259113403 -1.28551608181 -1.39630175809 -1.64355863761 -1.58200178215 -1.53955481901 
1 4.24 0.04 -1.59392063697 -1.58876011457 -1.58121246464 -1.57046594344 -1.55619649593 -1.53133287551 -1.45257721789 -1.28550074612 -1.39630502805 -1.64358899988 -1.58203055129 -1.53957717887 

0 4.28 0.04 -1.60404324431 -1.59914435386 -1.59179331841 -1.58273726773 -1.56806397506 -1.54495133592 -1.47584131876 -1.31847908597 -1.35583160655 -1.56143955281 -1.54575706783 -1.51228158665 
1 4.28 0.04 -1.60402884241 -1.5991290014 -1.59177738376 -1.58272236576 -1.56805148265 -1.54494031472 -1.4758272589 -1.31846034265 -1.35582987946 -1.5614627334 -1.54578912558 -1.51230638129 

0 4.32 0.04 -1.61622277895 -1.61188894599 -1.60423411545 -1.59530725524 -1.58342792339 -1.56010045546 -1.51842475067 -1.37662403113 -1.2886450059 -1.50705327415 -1.50710998069 -1.50303692518 
1 4.32 0.04 -1.61620774229 -1.61187582825 -1.60421808154 -1.59529166165 -1.58341268215 -1.56008969971 -1.51840861697 -1.3765939343 -1.28863141122 -1.50706910624 -1.5071365372 -1.50306785129 

0 4.36 0.04 -1.63090600559 -1.62646994261 -1.61986661804 -1.61024182468 -1.59855278877 -1.58089704354 -1.5362655301 -1.41471870475 -1.27878073108 -1.42185668433 -1.45447059672 -1.45279196324 
1 4.36 0.04 -1.63089042161 -1.62645672024 -1.61984899574 -1.61022552087 -1.59853647813 -1.58088276469 -1.53625083142 -1.4146881525 -1.27875788772 -1.42186463619 -1.45449416165 -1.45281808378 

0 4.4 0.04 -1.64826521897 -1.64382726141 -1.63743143178 -1.6296204407 -1.6168096849 -1.59994977446 -1.55704998939 -1.4785477112 -1.26942969991 -1.37240266658 -1.40955051469 -1.40530026124 
1 4.4 0.04 -1.64824927229 -1.64381397311 -1.63741423296 -1.62960328816 -1.61679256257 -1.59993499847 -1.55703825672 -1.47851746767 -1.26939738831 -1.37240449115 -1.40957156647 -1.40532269393 

0 4.44 0.04 -1.66738868518 -1.66320336342 -1.65703584159 -1.64949072277 -1.63726980786 -1.62135458987 -1.59252116364 -1.50857152348 -1.30761260551 -1.32329910888 -1.35448999873 -1.35915700737 
1 4.44 0.04 -1.66737269795 -1.66319012088 -1.65701924381 -1.64947357163 -1.63725167068 -1.62133966312 -1.59250708605 -1.50854256864 -1.30758272307 -1.32328696456 -1.3545065937 -1.35917543857 

0 4.48 0.04 -1.68790890542 -1.68429465396 -1.67797693828 -1.6707057905 -1.66135509673 -1.64423049774 -1.61682031958 -1.53836189976 -1.3466443384 -1.28554879991 -1.3039550146 -1.31352737795 
1 4.48 0.04 -1.68789280207 -1.68427950777 -1.6779608834 -1.67068877533 -1.66133818992 -1.64421544035 -1.61680625738 -1.53833569365 -1.34661327076 -1.28553094362 -1.30396511815 -1.31354150346 

0 4.52 0.04 -1.70933312905 -1.70575057371 -1.70053195398 -1.69274710692 -1.68368857132 -1.67073172772 -1.64216854136 -1.59042582901 -1.42377357206 -1.24817947613 -1.25320106597 -1.26622562415 
1 4.52 0.04 -1.7093169149 -1.70573495912 -1.70051774722 -1.6927301312 -1.68367110501 -1.67071439407 -1.64215431584 -1.59040431501 -1.42373538196 -1.24814972021 -1.25320450277 -1.26623366129 

0 4.56 0.04 -1.73131641869 -1.72782316209 -1.72284461466 -1.71678303237 -1.70658969396 -1.693849837 -1.67226404731 -1.61399510762 -1.46071945552 -1.22585527352 -1.21062928647 -1.21913862081 
1 4.56 0.04 -1.73130009392 -1.72780698184 -1.72283029941 -1.71676485049 -1.70657195333 -1.69383151724 -1.67224785275 -1.61397569091 -1.46068383716 -1.22581624139 -1.21062205189 -1.21913707014 

0 4.6 0.04 -1.75365000172 -1.7508355587 -1.74560698252 -1.73977919707 -1.73225517819 -1.71748076169 -1.69578879111 -1.63936230916 -1.53552919797 -1.24965423434 -1.16485684466 -1.18215672918 
1 4.6 0.04 -1.7536331482 -1.75081858114 -1.74559223809 -1.7397612035 -1.73223667155 -1.71746157883 -1.69577214133 -1.63934664251 -1.53548391487 -1.24961428496 -1.16484130248 -1.18214752862 

0 4.64 0.04 -1.77648721212 -1.77372314934 -1.76956967503 -1.76318026904 -1.75579944469 -1.74188475084 -1.72014005575 -1.67408103331 -1.54862305709 -1.2745405504 -1.12570410819 -1.12661079829 
1 4.64 0.04 -1.77647003187 -1.77370586278 -1.76955371374 -1.76316268599 -1.75578074775 -1.74186440828 -1.72012321958 -1.67406113168 -1.54857745972 -1.27449881022 -1.1256829335 -1.12659603288 

0 4.68 0.04 -1.79984667103 -1.79703337825 -1.79310837067 -1.786929288 -1.77966689355 -1.76858573763 -1.74589389455 -1.69762064561 -1.60072466264 -1.3177337453 -1.08350598841 -1.10196696752 
1 4.68 0.04 -1.79982928106 -1.79701586427 -1.79309184217 -1.78691208539 -1.77964828643 -1.76856688059 -1.74587672633 -1.6976012432 -1.60069296072 -1.31769021623 -1.0834675404 -1.10194355497 

0 4.72 0.04 -1.8232735657 -1.82067131278 -1.81696010952 -1.81237601705 -1.80403016101 -1.79287172394 -1.77195763858 -1.72625763464 -1.61357685333 -1.36205745786 -1.07965687811 -1.05589659782 
1 4.72 0.04 -1.82325598083 -1.8206536188 -1.81694311923 -1.81236041704 -1.80401146609 -1.79285236117 -1.77193741331 -1.72623890626 -1.61354802017 -1.36201614583 -1.07960981661 -1.05585477403 

0 4.76 0.04 -1.84673525563 -1.84473680055 -1.84078416877 -1.83641218751 -1.83045573234 -1.81767210286 -1.7958625569 -1.74875854886 -1.62831072401 -1.41464125645 -1.08107018915 -1.06134883545 
1 4.76 0.04 -1.84671757814 -1.84471897326 -1.84076674076 -1.83639637497 -1.83043614486 -1.81765247263 -1.79584096424 -1.74873923699 -1.62828566889 -1.41460043263 -1.08102413521 -1.06129793432 

0 4.8 0.04 -1.86974335381 -1.8678305384 -1.86493096235 -1.85995662934 -1.85415651644 -1.84427709031 -1.82087686488 -1.77038125908 -1.66173817814 -1.45594700679 -1.11063592327 -1.05472253906 
1 4.8 0.04 -1.86972585052 -1.86781315587 -1.86491314197 -1.8599411647 -1.85413781037 -1.84425731909 -1.82085478352 -1.77036279132 -1.66171308714 -1.45589626405 -1.11058878625 -1.0546737917 

0 4.84 0.04 -1.89186269348 -1.88994226389 -1.88728594403 -1.88398356398 -1.87693177351 -1.8666403906 -1.84447187756 -1.79208008905 -1.67307505573 -1.51491476349 -1.16001502982 -1.07618894448 
1 4.84 0.04 -1.89184556043 -1.88992488053 -1.88726795772 -1.88396704483 -1.87691364828 -1.86662093204 -1.84445190246 -1.79206087664 -1.67304988615 -1.51486067186 -1.15995706259 -1.07612830551 

0 4.88 0.04 -1.91246577294 -1.91120596455 -1.90828595212 -1.9052861764 -1.90087721304 -1.88853683034 -1.86452219541 -1.81006293315 -1.68275790731 -1.51282130303 -1.21116081825 -1.13716509795 
1 4.88 0.04 -1.91244841729 -1.91118823454 -1.90826783796 -1.90526927161 -1.90086057918 -1.88851783798 -1.86450255968 -1.81004069293 -1.68273441072 -1.51278377894 -1.21109954118 -1.13710225284 

0 4.92 0.04 -1.93157373557 -1.93046655905 -1.92873347782 -1.92509630879 -1.92097664947 -1.91198600122 -1.88524868745 -1.82418273734 -1.68693107154 -1.52884056189 -1.26788203706 -1.18290424216 
1 4.92 0.04 -1.93155599735 -1.93044860671 -1.92871603187 -1.92507890696 -1.92096006843 -1.91196651658 -1.88522925401 -1.82416009011 -1.68690876301 -1.52880791757 -1.26783413155 -1.18285515383 

0 4.96 0.04 -1.94948064454 -1.94834300595 -1.94696124509 -1.94536738196 -1.93978172166 -1.93037965539 -1.90474327036 -1.83744053127 -1.71117487966 -1.54579877853 -1.30973210078 -1.24695453899 
1 4.96 0.04 -1.94946126513 -1.9483249691 -1.9469437979 -1.9453490966 -1.93976522045 -1.93036081263 -1.90472387888 -1.83741814264 -1.71115316626 -1.54577272427 -1.30967207715 -1.24690195615 

0 5 0.04 -1.96614209139 -1.96575272128 -1.96411355488 -1.96313387558 -1.96131337353 -1.94908024938 -1.92040481156 -1.84848266954 -1.71529176666 -1.57195139696 -1.38121974651 -1.2832832849 
1 5 0.04 -1.96612254527 -1.96573534988 -1.96409614741 -1.96311568416 -1.96129667286 -1.94906211553 -1.92038585689 -1.84845992948 -1.71527040071 -1.57192273935 -1.38115491597 -1.28321806206 

0 5.04 0.04 -1.98223856705 -1.98209920701 -1.98192196604 -1.9803728292 -1.97945456581 -1.97001398649 -1.93754184212 -1.85908230913 -1.71659522828 -1.5850850539 -1.36589344954 -1.31663389468 
1 5.04 0.04 -1.98221875325 -1.9820814362 -1.9819037328 -1.98035437594 -1.97943736748 -1.96999619376 -1.9375230993 -1.85906279108 -1.71657372109 -1.58505744426 -1.36584967748 -1.31657814195 

0 5.08 0.04 -1.99838435763 -1.99826152123 -1.99875037336 -1.99732217088 -1.99820975143 -1.99066023334 -1.95803042751 -1.86794125865 -1.73774930702 -1.59742808068 -1.37009453962 -1.33244294219 
1 5.08 0.04 -1.99836513531 -1.99824386707 -1.99873228377 -1.9973038931 -1.99819237331 -1.99064358198 -1.95801226157 -1.86792179021 -1.73772516427 -1.59740315799 -1.37005863785 -1.33239534509 

0 5.12 0.04 -2.0143845768 -2.01509371983 -2.01557235693 -2.01888033098 -2.01870916201 -2.01239843223 -1.9732162928 -1.8731147558 -1.74058426242 -1.62094820812 -1.36569654203 -1.34724521512 
1 5.12 0.04 -2.01436598854 -2.01507492911 -2.01555453803 -2.01886326959 -2.01869188911 -2.01238215842 -1.97319818785 -1.87309623131 -1.7405598787 -1.62092318757 -1.36566765484 -1.34720750954 

0 5.16 0.04 -2.03049218645 -2.03160613474 -2.0320607337 -2.03740017799 -2.04600566677 -2.04007343847 -1.99418490652 -1.89215502612 -1.74337830511 -1.63141449439 -1.45332659386 -1.41887581286 
1 5.16 0.04 -2.03047412437 -2.03158746982 -2.03204301879 -2.0373827314 -2.0459880988 -2.04005766143 -1.99416763067 -1.89213639236 -1.74335505792 -1.63139075474 -1.45329487907 -1.41884012661 

0 5.2 0.04 -2.04703741683 -2.04827379184 -2.05191161601 -2.05558562942 -2.07106171258 -2.07049248613 -2.01948729418 -1.9039666051 -1.75933577017 -1.62843705628 -1.4548830704 -1.44071446728 
1 5.2 0.04 -2.04702060473 -2.04825546266 -2.05189509291 -2.05556865764 -2.071044185 -2.07047724734 -2.01947122302 -1.90394913228 -1.75931566159 -1.6284141669 -1.45485249996 -1.44068225646 

0 5.24 0.04 -2.06363138968 -2.06485881748 -2.06983746997 -2.08297588361 -2.10137336596 -2.10216048856 -2.04723353781 -1.91894859672 -1.77449514534 -1.64468123443 -1.4329691387 -1.44490329313 
1 5.24 0.04 -2.06361486702 -2.0648412824 -2.06982080941 -2.08295892148 -2.10135628496 -2.10214541695 -2.04721845586 -1.9189321119 -1.77447656757 -1.64465561941 -1.43294256643 -1.44487118866 

0 5.28 0.04 -2.08028516202 -2.0828363178 -2.08659919484 -2.10536500058 -2.13964197189 -2.14134375178 -2.07552961379 -1.95186349097 -1.77259791356 -1.64986284473 -1.53530508868 -1.51740638054 
1 5.28 0.04 -2.08026917108 -2.08281922851 -2.08658265354 -2.10534917995 -2.13962698877 -2.14132904118 -2.07551545526 -1.95184719202 -1.77258047025 -1.64983843053 -1.53527902266 -1.51737699302 

0 5.32 0.04 -2.09669094065 -2.09969530296 -2.10771367208 -2.12839437139 -2.1769785866 -2.18882243614 -2.10753238541 -1.97490119748 -1.81723852326 -1.66441245224 -1.53675181686 -1.53583289538 
1 5.32 0.04 -2.09667496051 -2.09967829413 -2.10769731635 -2.12838048879 -2.17696350955 -2.18880633737 -2.10751873364 -1.97488563514 -1.817220151 -1.66438984418 -1.5367258753 -1.53580572708 

0 5.36 0.04 -2.11321440868 -2.11566771118 -2.12519431403 -2.15626430373 -2.21919442747 -2.22937433515 -2.15402946042 -1.99717396245 -1.83597238109 -1.69964260504 -1.51721703778 -1.53910706507 
1 5.36 0.04 -2.11319906804 -2.11565048434 -2.12517861229 -2.15625022277 -2.21918027175 -2.22935904528 -2.15401613832 -1.9971589352 -1.83595418363 -1.6996219658 -1.51719132689 -1.53908075928 

0 5.4 0.04 -2.12891294246 -2.13207253299 -2.13972966837 -2.17832912796 -2.25524840762 -2.27066161937 -2.18737401673 -2.04660762489 -1.86441227985 -1.72584752126 -1.60264781145 -1.5887643095 
1 5.4 0.04 -2.12889900501 -2.1320546246 -2.13971537376 -2.17831365049 -2.25523730949 -2.27064691003 -2.1873606571 -2.04659308833 -1.86439518841 -1.72582773268 -1.60262129155 -1.58873713548 

0 5.44 0.04 -2.14378879783 -2.14682977463 -2.15587146937 -2.1947440423 -2.28365940041 -2.32488875534 -2.22359205187 -2.08181478713 -1.92253617126 -1.75177115696 -1.60633223038 -1.608610812 
1 5.44 0.04 -2.14377417823 -2.14681310666 -2.15585605441 -2.19472791912 -2.28364804442 -2.32487545076 -2.22357896943 -2.08180046806 -1.92251851728 -1.75175131686 -1.60630703001 -1.60858349102 

0 5.48 0.04 -2.15771833649 -2.16042503481 -2.16868629183 -2.19817784538 -2.29955828866 -2.34787416325 -2.28833486816 -2.12097784144 -1.96256058119 -1.80449629547 -1.58553939559 -1.60779280031 
1 5.48 0.04 -2.15770277592 -2.16040838602 -2.16867050625 -2.19816504861 -2.29954667695 -2.34786201917 -2.28832122791 -2.12096412516 -1.9625439171 -1.80447633559 -1.58551522585 -1.60776635909 

0 5.52 0.04 -2.17063598003 -2.17238722645 -2.1794646264 -2.20306124063 -2.28105875711 -2.36209631515 -2.31691138629 -2.19299901881 -2.00733169133 -1.83997007305 -1.68271393663 -1.66277607841 
1 5.52 0.04 -2.17061795611 -2.17237368089 -2.17944896411 -2.20304810282 -2.28104550667 -2.36208481178 -2.3168987292 -2.19298625433 -2.00731581755 -1.83995077563 -1.68268920109 -1.66274983244 

0 5.56 0.04 -2.18227352176 -2.18354955356 -2.18634754649 -2.20225415886 -2.26602171968 -2.3785795894 -2.34354603303 -2.2314559183 -2.07762944237 -1.87246069013 -1.68436353222 -1.67850799677 
1 5.56 0.04 -2.18225546073 -2.18353715923 -2.18633274387 -2.20224103002 -2.26600888977 -2.3785685036 -2.34353381886 -2.23144371324 -2.07761404339 -1.87244173055 -1.68434011154 -1.67848411022 

0 5.6 0.04 -2.19188599285 -2.193318931 -2.19447242974 -2.19484678874 -2.23878622177 -2.35766331882 -2.40424599352 -2.27065263235 -2.12152048671 -1.94421246152 -1.65789056145 -1.66794140215 
1 5.6 0.04 -2.19187008151 -2.19330716313 -2.19445842978 -2.19483118023 -2.23877297298 -2.35765161589 -2.40423581729 -2.27064077497 -2.12150579956 -1.94419400356 -1.65786895892 -1.66791843138 

0 5.64 0.04 -2.20008149794 -2.20013655399 -2.20231605862 -2.19592886646 -2.20072011256 -2.326564571 -2.40618661032 -2.36057717146 -2.16755977588 -1.98374722928 -1.76671673906 -1.73410420299 
1 5.64 0.04 -2.20006642201 -2.20012200055 -2.20230196841 -2.19591286835 -2.20070664295 -2.32655178882 -2.40617713675 -2.36056529062 -2.16754581276 -1.98372937885 -1.7666934516 -1.73407905114 

0 5.68 0.04 -2.20588224612 -2.20594313002 -2.20346507415 -2.19717774557 -2.18195469196 -2.26482321734 -2.39139098995 -2.37594045069 -2.24778434469 -2.00171479679 -1.76393803861 -1.74422671276 
1 5.68 0.04 -2.20586738772 -2.20592821701 -2.20345220282 -2.19716133225 -2.18194073622 -2.26480950792 -2.39138092687 -2.37592894105 -2.24777166734 -2.00169738307 -1.7639151041 -1.74420161636 

0 5.72 0.04 -2.20896078387 -2.20838818832 -2.20628072289 -2.19442904985 -2.16387021122 -2.22648076095 -2.38981941305 -2.38729653848 -2.27758770448 -2.07913324771 -1.83328540514 -1.78444920618 
1 5.72 0.04 -2.2089456183 -2.20837529247 -2.20626762519 -2.19441437774 -2.16385746673 -2.2264650216 -2.38980694251 -2.38728544632 -2.27757573943 -2.07911671228 -1.83326289872 -1.78442502141 

0 5.76 0.04 -2.20963213167 -2.20896860073 -2.20596377786 -2.19552200996 -2.16154455281 -2.18137577183 -2.3411494762 -2.42574942679 -2.3053487258 -2.11046458504 -1.83681664781 -1.79253928369 
1 5.76 0.04 -2.20961905821 -2.20895378019 -2.20594943902 -2.19550739467 -2.16152779427 -2.18135972931 -2.34113614697 -2.42573997027 -2.30533657024 -2.11044838149 -1.83679580424 -1.79251639561 

0 5.8 0.04 -2.20725635184 -2.20685025698 -2.20366250076 -2.19348275163 -2.1602893208 -2.13215375175 -2.28268895035 -2.37803519828 -2.32967425772 -2.11256216342 -1.81688876583 -1.78183474999 
1 5.8 0.04 -2.20724263463 -2.20683515709 -2.20364779169 -2.19346815 -2.16027155108 -2.13213870667 -2.28267399818 -2.37802407458 -2.3296609064 -2.11254637041 -1.8168679009 -1.78181329612 

0 5.84 0.04 -2.20280517353 -2.20215749072 -2.19961393119 -2.18942733957 -2.16149362707 -2.10950635788 -2.18424542502 -2.32633263512 -2.30413115403 -2.16363938745 -1.91113704916 -1.85990856785 
1 5.84 0.04 -2.20279049947 -2.20214538654 -2.19959916488 -2.18941267891 -2.16147698829 -2.10948978995 -2.18422787621 -2.32632018704 -2.30411729632 -2.16362379607 -1.91111752602 -1.85988753175 

0 5.88 0.04 -2.19612524601 -2.19532061465 -2.19228186809 -2.18218906446 -2.15184401139 -2.0863297942 -2.08055353232 -2.21168808499 -2.28121709519 -2.13951323572 -1.88896058397 -1.84264819632 
1 5.88 0.04 -2.19610974133 -2.19530869001 -2.19226598473 -2.18217444127 -2.15182729205 -2.08630942951 -2.08053304327 -2.21167075282 -2.28120325589 -2.13949690887 -1.88894101335 -1.84262790461 

0 5.92 0.04 -2.1875182914 -2.1868592434 -2.18302022651 -2.17223304256 -2.1398516263 -2.06247689818 -1.97849602947 -2.09186905655 -2.19392356945 -2.16340410106 -1.85405837344 -1.81318672892 
1 5.92 0.04 -2.18750415863 -2.1868469317 -2.18300502031 -2.17221768742 -2.13983555112 -2.06245625793 -1.97847517984 -2.09184711154 -2.19390693895 -2.1633870522 -1.85403900051 -1.8131669306 

0 5.96 0.04 -2.17801771458 -2.17707794301 -2.17366366421 -2.16202063203 -2.13415214641 -2.05065756908 -1.94258855514 -1.97644046539 -2.13367688635 -2.11926910584 -1.9301222119 -1.88989511451 
1 5.96 0.04 -2.17800389498 -2.17706355032 -2.17364936989 -2.16200572906 -2.13413665297 -2.05063635236 -1.94256576991 -1.97641636417 -2.13365808397 -2.11925144685 -1.93010395628 -1.88987637753 

0 6 0.04 -2.16782476222 -2.16702930002 -2.16370128456 -2.15330208902 -2.12634725357 -2.06639559847 -1.92437629811 -1.92374487481 -2.07641408943 -2.07914138445 -1.89020068233 -1.84969348337 
1 6 0.04 -2.16781170038 -2.16701474991 -2.16368832018 -2.15328751954 -2.12633182167 -2.06637620778 -1.92435193853 -1.92371861542 -2.07639063658 -2.07912200578 -1.89018172364 -1.8496740499 

0 6.04 0.04 -2.15679851891 -2.1566373281 -2.15345636918 -2.14449167474 -2.12033743693 -2.0649529174 -1.95984959889 -1.87926143033 -2.01368744847 -2.07030049823 -1.84181025907 -1.803689488 
1 6.04 0.04 -2.15678500293 -2.15662306855 -2.15344343866 -2.14447657012 -2.12032262156 -2.06493411304 -1.95982385041 -1.87923273136 -2.01366083507 -2.07028175068 -1.84179015457 -1.80366961016 

0 6.08 0.04 -2.14550538925 -2.14521591602 -2.14314404841 -2.13445738373 -2.11493770187 -2.0640726025 -1.96420946655 -1.85329822608 -1.95555899945 -2.00891157596 -1.87955034669 -1.84736118767 
1 6.08 0.04 -2.14549178514 -2.14520351627 -2.14313135381 -2.13444277944 -2.11492204862 -2.0640544257 -1.96418336326 -1.85326848524 -1.95552924919 -2.00889026548 -1.87953000222 -1.84734111152 

0 6.12 0.04 -2.13388365184 -2.13414902164 -2.13226787153 -2.12506632636 -2.10663433778 -2.06921155497 -1.97090791882 -1.84673202192 -1.85626238149 -1.95068733886 -1.82242147003 -1.78819098393 
1 6.12 0.04 -2.13387053943 -2.13413627912 -2.13225364833 -2.12505182069 -2.106618329 -2.06919433972 -1.97088188363 -1.84670007716 -1.85622835699 -1.95066267415 -1.82239950811 -1.78816984824 

0 6.16 0.04 -2.12255758234 -2.12289305243 -2.12183086436 -2.11567952107 -2.10179295624 -2.06542325492 -1.99861239505 -1.84328592675 -1.81360611913 -1.8962111949 -1.81845336309 -1.79679236347 
1 6.16 0.04 -2.12254500825 -2.12287990706 -2.12181690945 -2.11566601768 -2.10177695332 -2.06540652274 -1.99858824848 -1.8432519753 -1.81356919388 -1.89618137983 -1.81843174154 -1.7967720972 

0 6.2 0.04 -2.11149057372 -2.11225864769 -2.11183156265 -2.10657532416 -2.09367722729 -2.06814230323 -2.00300233058 -1.89332228152 -1.77771281713 -1.82259034631 -1.73919642502 -1.71049511857 
1 6.2 0.04 -2.11147816444 -2.11224512878 -2.11181955797 -2.1065622306 -2.09366149802 -2.06812483819 -2.00297870118 -1.893288097 -1.77767294689 -1.82255708376 -1.73917153442 -1.71047189397 

0 6.24 0.04 -2.10072682941 -2.10227601529 -2.10231332664 -2.09883697566 -2.08727775811 -2.06395022689 -2.0197025871 -1.90465205335 -1.76635505751 -1.72587887427 -1.66317716317 -1.63437217558 
1 6.24 0.04 -2.10071461493 -2.10226240511 -2.1023015535 -2.0988231469 -2.08726290471 -2.06393270786 -2.01968135159 -1.90461677184 -1.76630900336 -1.7258404604 -1.66314878107 -1.63434600439 

0 6.28 0.04 -2.09058792626 -2.09227890588 -2.09356203253 -2.09081618902 -2.08259877721 -2.06108355972 -2.02030093312 -1.94227621264 -1.76282164308 -1.6663925851 -1.60336844083 -1.5767930625 
1 6.28 0.04 -2.09057561095 -2.09226606579 -2.09355001362 -2.09080235674 -2.08258480973 -2.06106613734 -2.02028006223 -1.94224483462 -1.76277163528 -1.66634973964 -1.60333338034 -1.57676005644 

0 6.32 0.04 -2.08095165531 -2.08341463329 -2.08526396854 -2.08415315465 -2.07717311607 -2.06167810388 -2.02312664114 -1.94944323221 -1.81246675332 -1.61393098876 -1.51600301537 -1.48450185413 
1 6.32 0.04 -2.08093971664 -2.08340234557 -2.08525076728 -2.08413946151 -2.07715948367 -2.0616613172 -2.02310655418 -1.94941367674 -1.81242046071 -1.61388527964 -1.51596404355 -1.48446653815 

0 6.36 0.04 -2.07175496969 -2.07451188594 -2.07774424733 -2.07772927361 -2.07285875096 -2.05899607321 -2.03051020619 -1.95905632158 -1.82060288317 -1.59829678505 -1.42713319904 -1.4023872306 
1 6.36 0.04 -2.07174288761 -2.07449994397 -2.07773107695 -2.07771786456 -2.07284554058 -2.05898007222 -2.0304901582 -1.95902848301 -1.8205582501 -1.59824003355 -1.42709041684 -1.40234569578 

0 6.4 0.04 -2.0631802841 -2.06674583954 -2.07048980912 -2.07181159757 -2.06868963849 -2.05899812955 -2.03092619115 -1.97678147726 -1.83499239824 -1.57493395496 -1.32722293609 -1.27061244474 
1 6.4 0.04 -2.06316843643 -2.06673416785 -2.0704776088 -2.07180068229 -2.06867532976 -2.05898411165 -2.03090671475 -1.97675581568 -1.83494953839 -1.5748765474 -1.32717283717 -1.27056458553 

0 6.44 0.04 -2.05498860711 -2.05957057001 -2.06395401258 -2.06625504467 -2.0647199606 -2.05617194122 -2.0362213958 -1.98066782658 -1.86856034287 -1.56265988211 -1.26161222209 -1.20665640584 
1 6.44 0.04 -2.05497740236 -2.05955942602 -2.06394252394 -2.06624287262 -2.06470638028 -2.05615868019 -2.03620259737 -1.98064308912 -1.86852380283 -1.56260236425 -1.26155850168 -1.20660323899 

0 6.48 0.04 -2.04783179339 -2.05240523645 -2.05829445038 -2.06135582316 -2.06127949534 -2.05457467058 -2.03548647358 -1.99350852807 -1.87527116985 -1.62079687033 -1.21580598973 -1.12142844352 
1 6.48 0.04 -2.04782070903 -2.05239391372 -2.05828324539 -2.06134346862 -2.06126842243 -2.05456172477 -2.03546856699 -1.99348543321 -1.87523593778 -1.62074356281 -1.2157406611 -1.1213612696 

0 6.52 0.04 -2.04128701863 -2.04676785009 -2.05279595958 -2.05750330092 -2.05826697662 -2.05375155979 -2.03659331149 -1.99394673943 -1.8982148006 -1.61509143048 -1.18047222784 -1.08187881584 
1 6.52 0.04 -2.04127655169 -2.04675692615 -2.0527851102 -2.05749119347 -2.05825647676 -2.05373724669 -2.03657693818 -1.9939252604 -1.89818338059 -1.61504139695 -1.18040765753 -1.08181037203 

0 6.56 0.04 -2.03559890242 -2.04112535591 -2.04875485065 -2.05372918322 -2.05649253215 -2.05275762391 -2.03866071615 -1.99840821168 -1.89653338879 -1.66376356053 -1.14109073969 -1.05275292188 
1 6.56 0.04 -2.03558845117 -2.04111481712 -2.0487441858 -2.0537178974 -2.05648267042 -2.05274417215 -2.03864683858 -1.99838848164 -1.89650436705 -1.66371775647 -1.14102278833 -1.05268332775 

0 6.6 0.04 -2.03078730576 -2.03730761815 -2.04498215042 -2.05145000484 -2.05437899559 -2.05276922226 -2.03946584232 -2.00232533857 -1.90060167289 -1.64603528522 -1.19056788093 -1.06934849629 
1 6.6 0.04 -2.03077733491 -2.03729777576 -2.04497176695 -2.0514395116 -2.05436698979 -2.05275896721 -2.03945324016 -2.00230689024 -1.90057581154 -1.64599438039 -1.19050580213 -1.0692827911 

0 6.64 0.04 -2.02639381859 -2.03404525271 -2.04235510494 -2.0491246138 -2.05384541135 -2.05261618648 -2.04177047191 -2.0039896031 -1.90694689587 -1.68875032914 -1.16922639214 -1.05210680191 
1 6.64 0.04 -2.02638405742 -2.03403582845 -2.04234515693 -2.04911462562 -2.05383348727 -2.05260619115 -2.04175648869 -2.00397284825 -1.9069237612 -1.68871505523 -1.16916915905 -1.05204345619 

0 6.68 0.04 -2.02265154276 -2.03014172859 -2.04018955411 -2.04765128128 -2.05261662458 -2.05360427785 -2.04200927894 -2.00705036174 -1.90192572765 -1.65618809393 -1.21158393159 -1.08914868662 
1 6.68 0.04 -2.02264233932 -2.03013281093 -2.04018019864 -2.04764182849 -2.05260641485 -2.05359495028 -2.04199632582 -2.00703633839 -1.9019045496 -1.65615635139 -1.2115330933 -1.08909202986 

0 6.72 0.04 -2.01822656431 -2.02711230725 -2.03708953894 -2.04651019412 -2.05203752574 -2.05283782253 -2.04440588476 -2.0056791507 -1.90737700115 -1.64194989213 -1.18398104672 -1.05981457535 
1 6.72 0.04 -2.0182179441 -2.02710367412 -2.03708057054 -2.04650098519 -2.05202784353 -2.05282662453 -2.04439379751 -2.00566591348 -1.90735682925 -1.64192056797 -1.18393296034 -1.05976383612 

0 6.76 0.04 -2.01389702183 -2.02235730274 -2.03432953468 -2.04359869856 -2.05032233728 -2.05272563141 -2.04239066715 -2.00988967929 -1.89483005382 -1.65586522499 -1.22281585463 -1.10634591531 
1 6.76 0.04 -2.01388901225 -2.02234902167 -2.03432109099 -2.04358968026 -2.05031323215 -2.05271474915 -2.04238122892 -2.00987754102 -1.89481148639 -1.65583921779 -1.2227758764 -1.10630080761 

0 6.8 0.04 -2.00788552566 -2.01795199723 -2.02975076151 -2.0409748882 -2.0483175417 -2.05060636637 -2.04210281203 -2.00155981398 -1.89827016963 -1.62905667615 -1.18224096534 -1.05849615866 
1 6.8 0.04 -2.00787816757 -2.01794416495 -2.02974276335 -2.04096636515 -2.04830891077 -2.05059674892 -2.04209399309 -2.00154692798 -1.89825471662 -1.62903375595 -1.18220508642 -1.05845713587 

0 6.84 0.04 -1.99945210412 -2.0121621342 -2.02477832894 -2.0359772381 -2.04575438729 -2.04806124904 -2.03784292197 -1.9999989279 -1.87661179061 -1.64373960417 -1.14054361631 -1.029949754 
1 6.84 0.04 -1.99944538519 -2.01215483623 -2.02477087163 -2.03596958041 -2.04574645159 -2.04805248961 -2.03783270788 -1.99998674534 -1.8765977186 -1.64371763406 -1.140514479 -1.02991410569 

0 6.88 0.04 -1.98803057761 -2.00453755509 -2.01859258958 -2.03063512424 -2.03993197263 -2.04585286605 -2.03389375999 -1.98899438265 -1.84780249217 -1.60489995874 -1.1810714235 -1.06244048421 
1 6.88 0.04 -1.9880243893 -2.00453098035 -2.01858543341 -2.03062795456 -2.03992405844 -2.04584471204 -2.03388373143 -1.98898498862 -1.84778948604 -1.60488130699 -1.18104303075 -1.06241023113 

0 6.92 0.04 -1.97304666169 -1.99405502626 -2.00975452633 -2.02285879262 -2.03439215359 -2.038154571 -2.02729922404 -1.9807656121 -1.84515862524 -1.59191393788 -1.13185717453 -1.02254153846 
1 6.92 0.04 -1.97304089895 -1.9940488428 -2.00974775584 -2.02285188818 -2.03438464134 -2.03814675815 -2.02728988228 -1.98075634622 -1.84514471319 -1.59189578311 -1.13183110635 -1.02251316572 

0 6.96 0.04 -1.95407276523 -1.9799800859 -2.00093659034 -2.0147757378 -2.02619008038 -2.03300299108 -2.01941936988 -1.96788455999 -1.80741360203 -1.57464077828 -1.17794574024 -1.06730912286 
1 6.96 0.04 -1.95406751743 -1.97997439429 -2.00093032645 -2.01476921273 -2.0261833478 -2.03299574195 -2.01941065118 -1.96787412764 -1.80740020689 -1.57462584929 -1.17792275481 -1.06728397144 

0 7 0.04 -1.9306955566 -1.9619675058 -1.99324289042 -2.00606942028 -2.01833527284 -2.02389395693 -2.01615155209 -1.95458207842 -1.80690934636 -1.55527768321 -1.12553544741 -1.02020120094 
1 7 0.04 -1.9306906919 -1.96196213917 -1.99323702386 -2.00606299207 -2.01832868281 -2.02388645789 -2.01614342853 -1.95457139172 -1.80689798518 -1.55526252796 -1.12551429755 -1.02017780346 

0 7.04 0.04 -1.90248375697 -1.93964149601 -1.97680329672 -1.99523995167 -2.0089578848 -2.01672322191 -2.00163100431 -1.94070430744 -1.76519098999 -1.54699597229 -1.179318842 -1.07885827239 
1 7.04 0.04 -1.90247943923 -1.93963661626 -1.97679783835 -1.9952339559 -2.00895144723 -2.01671586194 -2.00162337673 -1.94069430209 -1.7651807182 -1.54697921367 -1.17929956266 -1.0788358498 

0 7.08 0.04 -1.86909045275 -1.91272628855 -1.95636681021 -1.98554980889 -2.00003396398 -2.00775087276 -1.99555716156 -1.92198625493 -1.76484300482 -1.52399073413 -1.12772759594 -1.02937006325 
1 7.08 0.04 -1.8690866835 -1.91272189698 -1.95636173686 -1.98554411237 -2.00002781667 -2.00774410929 -1.99554988188 -1.92197749341 -1.76483136179 -1.52397483579 -1.12771032758 -1.02935214261 

0 7.12 0.04 -1.82977210696 -1.88068002265 -1.9315932066 -1.98250183271 -1.99178326016 -1.99970943987 -1.98193890549 -1.9018950854 -1.72395886856 -1.52589231151 -1.06442303141 -0.996142801974 
1 7.12 0.04 -1.82976886627 -1.88067610817 -1.93158856225 -1.98249646388 -1.99177712911 -1.99970304371 -1.98193138755 -1.90188701672 -1.72394791187 -1.52587886838 -1.06440887239 -0.996124166625 

0 7.16 0.04 -1.78348462072 -1.84265814751 -1.90183761694 -1.96101116728 -1.98268287901 -1.99653931113 -1.9740487012 -1.88624227248 -1.68350262841 -1.5016732102 -1.14610134374 -1.05880130461 
1 7.16 0.04 -1.78348117647 -1.84265400628 -1.90183293925 -1.96100591705 -1.98267704007 -1.99653301442 -1.97404079128 -1.88623442428 -1.68349240488 -1.50166258437 -1.14608552739 -1.05878339696 

0 7.2 0.04 -1.72893336171 -1.79763438509 -1.86634187117 -1.93504198151 -1.97549558967 -1.98522163229 -1.96224647513 -1.86084839581 -1.68872231036 -1.51157539207 -1.09101159353 -1.03182175657 
1 7.2 0.04 -1.72893056504 -1.79763089403 -1.86633772353 -1.93503712047 -1.97549007482 -1.98521554354 -1.96223964377 -1.86084093164 -1.68871190841 -1.51156132021 -1.09099628306 -1.0318048347 

0 7.24 0.04 -1.66612495611 -1.74551684372 -1.82491454973 -1.90430281839 -1.9836902406 -1.98474355474 -1.95259383749 -1.84711412002 -1.65119110967 -1.4870513487 -1.17760849459 -1.10280082691 
1 7.24 0.04 -1.66612285166 -1.74551375746 -1.82491075281 -1.90429822521 -1.98368491417 -1.98473756288 -1.9525871563 -1.84710664941 -1.65118226558 -1.48703888957 -1.17759601473 -1.10278512074 

0 7.28 0.04 -1.60152394264 -1.69099722267 -1.7804756467 -1.86994131932 -1.95940411034 -1.97922377105 -1.94811570901 -1.81796309281 -1.65374662491 -1.47397461265 -1.1353560058 -1.08682635103 
1 7.28 0.04 -1.60152256542 -1.69099483697 -1.78047222631 -1.86993695855 -1.95939888805 -1.97921788376 -1.94810929558 -1.81795574705 -1.65373737708 -1.47396260796 -1.13534440798 -1.08681384959 

0 7.32 0.04 -1.54676884883 -1.64323846454 -1.73971074156 -1.83616639408 -1.93261736249 -1.98245510889 -1.93585426134 -1.81024002076 -1.62066118438 -1.47568063112 -1.2203968618 -1.16030915464 
1 7.32 0.04 -1.54676806971 -1.64323653424 -1.73970801836 -1.83616241833 -1.93261246898 -1.98244912706 -1.93584773356 -1.81023264281 -1.62065273947 -1.47567020087 -1.2203828887 -1.16029478974 

0 7.36 0.04 -1.51496130511 -1.61266881791 -1.71037523366 -1.80806215548 -1.90574105405 -2.00343637496 -1.93065807423 -1.78134488105 -1.62260207098 -1.4609544758 -1.19136349269 -1.15632858757 
1 7.36 0.04 -1.51496107449 -1.61266731459 -1.71037267495 -1.8080586697 -1.90573639488 -2.00343060188 -1.93065158591 -1.78133779653 -1.6225927414 -1.46094296506 -1.19134940124 -1.15631403763 

0 7.4 0.04 -1.51486143623 -1.6061056722 -1.69734451918 -1.78856008056 -1.87976423759 -1.97098060635 -1.92635576241 -1.7476459451 -1.59722163728 -1.46617002069 -1.26748769202 -1.22272882316 
1 7.4 0.04 -1.51486189692 -1.60610505049 -1.69734253733 -1.78855690292 -1.87975953079 -1.97097478625 -1.92634901222 -1.74763917595 -1.59721232743 -1.46615965528 -1.26747317945 -1.22271432564 

0 7.44 0.04 -1.5317239928 -1.61172122798 -1.6917081882 -1.77166977454 -1.85161648808 -1.93156903185 -1.91716703486 -1.76023630665 -1.60250897964 -1.45424695179 -1.25063618586 -1.22980059451 
1 7.44 0.04 -1.53172614943 -1.61172204673 -1.69170734997 -1.771667593 -1.85161274043 -1.93156348114 -1.91716021655 -1.76022884309 -1.60250030065 -1.45423648393 -1.25062368529 -1.22978624285 

0 7.48 0.04 -1.54990401383 -1.61678501916 -1.68365109126 -1.75049062687 -1.81731335253 -1.88413702237 -1.95092425566 -1.73950742446 -1.5901979976 -1.46362155136 -1.18958306096 -1.2099611376 
1 7.48 0.04 -1.54990824586 -1.61678740722 -1.68365178009 -1.7504892789 -1.81731047133 -1.88413238025 -1.95091755897 -1.73949992463 -1.59018935693 -1.46361014457 -1.18957232211 -1.20994770584 

0 7.52 0.04 -1.50633864142 -1.56977194014 -1.63318888691 -1.69657910438 -1.75995212163 -1.82332590818 -1.88666540147 -1.76119461974 -1.610250859 -1.45897885633 -1.30406829826 -1.29557767424 
1 7.52 0.04 -1.50634442571 -1.56977569886 -1.63319043198 -1.69657877367 -1.75994960232 -1.82332157516 -1.88665879747 -1.76118717865 -1.61024169675 -1.45896737135 -1.30405695226 -1.29556484517 

0 7.56 0.04 -1.41550420489 -1.48317368503 -1.55082840289 -1.61845815003 -1.68607321531 -1.75369253125 -1.82127981185 -1.76267296718 -1.61157453476 -1.47476486808 -1.24655750692 -1.27535260179 
1 7.56 0.04 -1.41551173357 -1.48317899879 -1.55083145038 -1.61845914442 -1.68607201448 -1.75368885876 -1.82127414967 -1.76266569245 -1.61156620552 -1.47475321045 -1.24654607923 -1.27533890721 

0 7.6 0.04 -1.32794185926 -1.40071669131 -1.47347976442 -1.54621995847 -1.61894868325 -1.6916864816 -1.76439363241 -1.83711670744 -1.62282280312 -1.47831541626 -1.34287551555 -1.3388028371 
1 7.6 0.04 -1.32795051423 -1.40072290947 -1.47348382064 -1.54622183879 -1.61894822244 -1.6916837564 -1.76438866601 -1.83710945484 -1.62281450336 -1.47830524993 -1.34286181938 -1.338788544 

0 7.64 0.04 -1.26311832634 -1.33855841592 -1.41398911502 -1.48939901304 -1.5647992118 -1.64021055873 -1.71559202804 -1.79099082848 -1.66384221877 -1.5072364604 -1.28660049518 -1.31539339121 
1 7.64 0.04 -1.26312781539 -1.33856550062 -1.41399403597 -1.48940152304 -1.56479950648 -1.64020865739 -1.71558772613 -1.79098432886 -1.66383409343 -1.50722579411 -1.28658895133 -1.31538028451 

0 7.68 0.04 -1.21896234352 -1.29449439883 -1.37001875658 -1.44552275159 -1.52101668706 -1.59652052032 -1.67199225773 -1.74747758165 -1.6936790061 -1.51844247299 -1.36787617347 -1.36080778861 
1 7.68 0.04 -1.21897224637 -1.29450199727 -1.3700240807 -1.44552571697 -1.52101742317 -1.59651905461 -1.67198849294 -1.74747164199 -1.6936711476 -1.51843220722 -1.36786328058 -1.36079482135 

0 7.72 0.04 -1.19177276465 -1.26504934574 -1.33831979177 -1.41156918567 -1.48480691381 -1.55805051893 -1.63125794306 -1.70447137342 -1.77766482743 -1.55637636266 -1.30852170106 -1.32949875482 
1 7.72 0.04 -1.19178452311 -1.26505883087 -1.33832664609 -1.41157371954 -1.48480903545 -1.55805009507 -1.63125503877 -1.70446621344 -1.77765713681 -1.55636699361 -1.30851061898 -1.32948596054 

0 7.76 0.04 -1.18638291699 -1.25425020482 -1.3221122114 -1.38995304466 -1.45778004166 -1.52560831009 -1.59339571669 -1.66117937677 -1.72893309759 -1.57738103199 -1.38178445631 -1.36305988851 
1 7.76 0.04 -1.18639579497 -1.25426030426 -1.32212013273 -1.38995834058 -1.45778274213 -1.52560875237 -1.59339359095 -1.66117461399 -1.7289259941 -1.57737164058 -1.381772445 -1.36304615164 

0 7.8 0.04 -1.21935151705 -1.27672131773 -1.33408744968 -1.39143424262 -1.44876569817 -1.50609266085 -1.5633772028 -1.6206471302 -1.67787807333 -1.58159193886 -1.32259536602 -1.32694561424 
1 7.8 0.04 -1.21936515395 -1.2767324763 -1.33409596947 -1.39144041838 -1.44876937273 -1.50609379963 -1.56337571339 -1.62064314021 -1.67787194738 -1.58158299835 -1.32258426416 -1.32693248927 

0 7.84 0.04 -1.26895362841 -1.31307283122 -1.35719205334 -1.40129556101 -1.44538426836 -1.48946401607 -1.53350221998 -1.57751623215 -1.62148386729 -1.66541644311 -1.39649749071 -1.35889744641 
1 7.84 0.04 -1.26896812855 -1.31308502904 -1.35720181853 -1.40130252068 -1.44538844779 -1.48946584405 -1.5335014345 -1.57751304845 -1.62147798997 -1.66540802357 -1.39648587957 -1.358884958 

0 7.88 0.04 -1.16816232816 -1.2136068562 -1.259060895 -1.3045052697 -1.34993899091 -1.39536593725 -1.44075022084 -1.48610715013 -1.53141183244 -1.57667358771 -1.34641598943 -1.32734694971 
1 7.88 0.04 -1.16818007402 -1.21362170642 -1.25907272607 -1.30451432428 -1.34994525337 -1.39536920939 -1.44075088016 -1.48610492176 -1.53140695882 -1.57666560304 -1.3464048435 -1.32733449978 

0 7.92 0.04 -0.749853403388 -0.826735504629 -0.903647436409 -0.980560555917 -1.05747368288 -1.13439454228 -1.21126599336 -1.28811836838 -1.3649128303 -1.44166326808 -1.51839998284 -1.53937604304 
1 7.92 0.04 -0.749873836559 -0.826753032526 -0.903661785833 -0.980571812032 -1.05748179665 -1.13439959201 -1.21126815084 -1.28811756687 -1.36490869801 -1.44165604751 -1.51838982061 -1.5393650275 

0 7.96 0.04 -0.0642941310254 -0.195511629222 -0.32679581854 -0.458100747579 -0.589426640691 -0.720787742727 -0.852089510194 -0.983390721061 -1.11462792824 -1.24582311131 -1.37701027804 -1.41286885276 
1 7.96 0.04 -0.0643182782327 -0.195532405164 -0.326813225233 -0.45811479005 -0.589437319528 -0.720795056389 -0.85209347014 -0.983391320208 -1.11462517052 -1.24581699352 -1.3770008003 -1.41285845636 

0 8 0.04 0 0 0 0 0 0 0 0 0 0 0 0 
1 8 0.04 0 0 0 0 0 0 0 0 0 0 0 0 

0 8.04 0.04 0 0 0 0 0 0 0 0 0 0 0 0 
1 8.04 0.04 0 0 0 0 0 0 0 0 0 0 0 0 

0 8.08 0.04 0 0 0 0 0 0 0 0 0 0 0 0 
1 8.08 0.04 0 0 0 0 0 0 0 0 0 0 0 0 

0 8.12 0.04 0 0 0 0 0 0 0 0 0 0 0 0 
1 8.12 0.04 0 0 0 0 0 0 0 0 0 0 0 0 

0 8.16 0.04 0 0 0 0 0 0 0 0 0 0 0 0 
1 8.16 0.04 0 0 0 0 0 0 0 0 0 0 0 0 

0 8.2 0.04 0 0 0 0 0 0 0 0 0 0 0 0 
1 8.2 0.04 0 0 0 0 0 0 0 0 0 0 0 0 

0 8.24 0.04 0 0 0 0 0 0 0 0 0 0 0 0 
1 8.24 0.04 0 0 0 0 0 0 0 0 0 0 0 0 

0 8.28 0.04 0 0 0 0 0 0 0 0 0 0 0 0 
1 8.28 0.04 0 0 0 0 0 0 0 0 0 0 0 0 

0 8.32 0.04 0 0 0 0 0 0 0 0 0 0 0 0 
1 8.32 0.04 0 0 0 0 0 0 0 0 0 0 0 0 

0 8.36 0.04 0 0 0 0 0 0 0 0 0 0 0 0 
1 8.36 0.04 0 0 0 0 0 0 0 0 0 0 0 0 

0 8.4 0.04 0 0 0 0 0 0 0 0 0 0 0 0 
1 8.4 0.04 0 0 0 0 0 0 0 0 0 0 0 0 

0 8.44 0.04 0 0 0 0 0 0 0 0 0 0 0 0 
1 8.44 0.04 0 0 0 0 0 0 0 0 0 0 0 0 

0 8.48 0.04 0 0 0 0 0 0 0 0 0 0 0 0 
1 8.48 0.04 0 0 0 0 0 0 0 0 0 0 0 0 

0 8.52 0.04 0 0 0 0 0 0 0 0 0 0 0 0 
1 8.52 0.04 0 0 0 0 0 0 0 0 0 0 0 0 

0 8.56 0.04 0 0 0 0 0 0 0 0 0 0 0 0 
1 8.56 0.04 0 0 0 0 0 0 0 0 0 0 0 0 

0 8.6 0.04 0 0 0 0 0 0 0 0 0 0 0 0 
1 8.6 0.04 0 0 0 0 0 0 0 0 0 0 0 0 

