#Turbine    Time(s)    dt(s)    Vaxial (m/s)
0 0 0.04 8 8 8 8 8 8 8 8 8 8 8 8 
1 0 0.04 8 8 8 8 8 8 8 8 8 8 8 8 

0 0.04 0.04 7.99999999996 7.99999999996 7.99999999996 7.99999999996 7.99999999996 7.99999999996 7.99999999996 7.99999999996 7.99999999996 7.99999999996 7.99999999996 7.99999999996 
1 0.04 0.04 7.99999999996 7.99999999996 7.99999999996 7.99999999996 7.99999999996 7.99999999996 7.99999999996 7.99999999996 7.99999999996 7.99999999996 7.99999999996 7.99999999996 

0 0.08 0.04 7.99479392815 7.9882707605 7.98891086415 7.990523658 7.99221242363 7.99437331673 7.99733256412 8.00149721645 8.00718524535 8.01332133901 8.00781298154 8.01589298956 
1 0.08 0.04 7.99479390452 7.98827118826 7.98891159182 7.99052361259 7.99221241483 7.99437410674 7.99733257224 8.00149702608 8.00718458265 8.01332268891 8.0078128881 8.01589360375 

0 0.12 0.04 7.98939478075 7.9762781373 7.97743880456 7.98050447402 7.98362358124 7.98750751394 7.99264274852 7.9995118673 8.00827871352 8.01749433934 8.00563471006 8.02020509582 
1 0.12 0.04 7.98939474373 7.97627884535 7.97743979703 7.98050440195 7.98362356519 7.98750877921 7.9926427766 7.99951160344 8.00827793352 8.01749597114 8.00563464653 8.0202060855 

0 0.16 0.04 7.98407847639 7.96432520025 7.96598858984 7.97052637799 7.97512763734 7.98084555691 7.98839753817 7.99849316074 8.01142803405 8.02517789073 8.01638211248 8.02938523855 
1 0.16 0.04 7.9840784198 7.96432767033 7.96598966737 7.97052628299 7.97512761361 7.98084720347 7.98839759484 7.99849288642 8.01142706009 8.0251798618 8.01637978014 8.02938646415 

0 0.2 0.04 7.97883104076 7.9523799549 7.95449568959 7.9604920013 7.96656426921 7.97409706556 7.98401988802 7.99720454585 8.01395717926 8.03184253845 8.02058957669 8.03685136948 
1 0.2 0.04 7.97883064353 7.95238271705 7.95449678159 7.9604918887 7.96656423755 7.97409907065 7.98402001983 7.99720431803 8.01395633282 8.03184462557 8.02058709325 8.03685241256 

0 0.24 0.04 7.97370618899 7.94048514641 7.94300931268 7.95047953599 7.95805713694 7.96746517868 7.97985369112 7.99625407705 8.01697060238 8.03900574739 8.02589331251 8.04490586253 
1 0.24 0.04 7.97370606263 7.94048811914 7.94301035682 7.95047940231 7.95805710816 7.96746754294 7.97985390256 7.99625389315 8.01696973001 8.03900750102 8.02589071078 8.04490680104 

0 0.28 0.04 7.96873358164 7.92866003855 7.93154376136 7.94046303999 7.94964280579 7.96100435248 7.97597437699 7.99573542953 8.020537636 8.04646176278 8.03206932211 8.05321689968 
1 0.28 0.04 7.9687334193 7.92866315324 7.9315447088 7.94046286811 7.94964277893 7.9610070749 7.97597459585 7.99573525143 8.02053665134 8.04646332674 8.03206674978 8.05321780486 

0 0.32 0.04 7.96394739882 7.91692328806 7.92011520423 7.93056235327 7.94135681351 7.95476393775 7.97243841417 7.99567282682 8.02522147762 8.05370212481 8.03867544322 8.06111206483 
1 0.32 0.04 7.9639472128 7.91692645623 7.92011601134 7.93056217024 7.94135677754 7.95476698675 7.97243880184 7.99567275115 8.02522134345 8.05370401901 8.03867318083 8.06111300672 

0 0.36 0.04 7.95940216517 7.90529452855 7.90876963214 7.92080047492 7.9332941 7.94887665849 7.96942723133 7.99632657708 8.03019128457 8.06322594059 8.04681173786 8.06964211579 
1 0.36 0.04 7.95940193816 7.90529476927 7.90877024928 7.92080027759 7.93329406963 7.94888001315 7.96942772984 7.99632660378 8.03019136705 8.06322618665 8.04680943917 8.06964271191 

0 0.4 0.04 7.95514026802 7.89411338632 7.8975402437 7.91122639975 7.92552326064 7.94342563022 7.96701395134 7.99769884542 8.03571949348 8.07067280925 8.05469675145 8.07728506458 
1 0.4 0.04 7.95514000267 7.89411313736 7.8975406284 7.9112261919 7.92552322394 7.94342926858 7.96701498995 7.99769890611 8.03571968454 8.07067276595 8.05469410479 8.07728531425 

0 0.44 0.04 7.95122898967 7.88325896729 7.88650931906 7.90196041684 7.91821797947 7.93865571526 7.96554002687 8.00023695715 8.04220069204 8.07812575559 8.06407438771 8.08546679851 
1 0.44 0.04 7.95122870391 7.8832581587 7.88650939769 7.90196018572 7.91821795792 7.93865965737 7.9655411111 8.00023692627 8.04220109669 8.07812653074 8.0640715701 8.08546645679 

0 0.48 0.04 7.94771209114 7.87275320184 7.87570486294 7.8930435202 7.91131945751 7.93458578189 7.96491072133 8.00360042035 8.04833015386 8.08406492454 8.07319134419 8.09231957891 
1 0.48 0.04 7.94771176764 7.87275179281 7.87570459139 7.89304327468 7.9113194314 7.93458986066 7.96491207584 8.00360040009 8.04832921317 8.08406573563 8.07318890359 8.09231922889 

0 0.52 0.04 7.94465208472 7.86266154357 7.86509124049 7.88462128991 7.90525715474 7.93148351045 7.96543144907 8.00809583768 8.0556345766 8.08323682749 8.08278876167 8.09831793623 
1 0.52 0.04 7.94465171405 7.86265948548 7.86509286925 7.88462103591 7.90525712683 7.93148778279 7.96543294591 8.00809650666 8.05563241076 8.08323711615 8.08278582692 8.09831727016 

0 0.56 0.04 7.94211526867 7.85305791272 7.85508918962 7.87686517329 7.90016124964 7.92964820968 7.96743172416 8.01440414893 8.0633458955 8.08385907257 8.09222121238 8.10398013694 
1 0.56 0.04 7.94211486465 7.85305517105 7.85509005967 7.87686488653 7.90016127815 7.92965275748 7.96743333833 8.01440493798 8.06334425978 8.08385978979 8.09221851744 8.10397900296 

0 0.6 0.04 7.94045635093 7.84398451366 7.8456154833 7.86989560466 7.89618500623 7.92903912698 7.97085928016 8.02160460238 8.07102548053 8.08325319277 8.10026109689 8.12054457241 
1 0.6 0.04 7.94045606228 7.84398111181 7.84561557083 7.86989525939 7.89618506067 7.92904026149 7.97086094083 8.02160541457 8.07102353119 8.08325373994 8.10025780321 8.12054299667 

0 0.64 0.04 7.93911426761 7.83549690443 7.83677352353 7.8638902613 7.8935659387 7.93024650345 7.97583098038 8.02895129407 8.07771729159 8.07980350709 8.12233322949 8.13758475565 
1 0.64 0.04 7.93911392644 7.83549282841 7.83677280317 7.86388993796 7.89356593137 7.93024753598 7.97583241097 8.02895032069 8.07771371205 8.07980355051 8.12232739789 8.13758377676 

0 0.68 0.04 7.93846117953 7.82766579422 7.8286921385 7.85899746044 7.89256706218 7.93327897589 7.98236997592 8.037539269 8.07629407759 8.07234690636 8.13262413065 8.1541291033 
1 0.68 0.04 7.93846079368 7.82766114219 7.82869074085 7.85899710627 7.89256715063 7.93327990605 7.98237196181 8.03753822417 8.07629175705 8.07234810904 8.13261768795 8.15412763159 

0 0.72 0.04 7.93853875924 7.82159275539 7.82150867682 7.85560085312 7.89339173117 7.93819458762 7.99047119411 8.04620451442 8.07543335809 8.05447693717 8.14120873419 8.16900699962 
1 0.72 0.04 7.93853831403 7.8215901375 7.82150657522 7.85560046494 7.89339154197 7.93819485476 7.99047183074 8.046203374 8.07542961419 8.05447645249 8.1412024273 8.16900555558 

0 0.76 0.04 7.93935479071 7.81630924091 7.8152863647 7.85369771265 7.89592530775 7.94456465087 7.99810607287 8.05294889534 8.0711838462 8.03033866118 8.14826785792 8.17991543216 
1 0.76 0.04 7.93935427644 7.81630678995 7.81528354473 7.85369722399 7.89592500869 7.94456461835 7.99810828429 8.05294804402 8.07118088131 8.03033912208 8.14826140795 8.17991438993 

0 0.8 0.04 7.94095633847 7.81196336309 7.8100547601 7.85344763391 7.90031905236 7.95176836667 8.00525403324 8.05353974357 8.05962144069 8.00652539705 8.15512146996 8.19002295169 
1 0.8 0.04 7.94095575074 7.81196126061 7.81004826063 7.85344710426 7.90031927127 7.95176890569 8.00525482771 8.05354268454 8.059617593 8.00652551677 8.15511466929 8.19002175322 

0 0.84 0.04 7.94398015781 7.80852449561 7.80627343004 7.8546661194 7.90534238278 7.9580466326 8.00826359721 8.04848532134 8.03806045196 7.97525187082 8.15853839417 8.22353731865 
1 0.84 0.04 7.94397901072 7.80852263678 7.80626757574 7.85466573983 7.90534211269 7.95804697659 8.00826491192 8.04848886188 8.03805826822 7.97525062043 8.15853083801 8.22352994007 

0 0.88 0.04 7.946931553 7.80598268236 7.80369031084 7.85707561502 7.90831647544 7.9572888053 8.00195927508 8.03233293651 7.99835625865 7.9366551137 8.17854267582 8.23714459802 
1 0.88 0.04 7.94693033693 7.80598105322 7.80368542477 7.85707482611 7.90831625405 7.95728881588 8.00196162821 8.03233507675 7.99835711032 7.93665198967 8.17853793254 8.23713706061 

0 0.92 0.04 7.9506159738 7.80563640708 7.80221659981 7.85888538711 7.90134507556 7.94180119589 7.97624358745 8.00047804755 7.95577015942 7.89293661726 8.17810848871 8.24700541967 
1 0.92 0.04 7.95061467088 7.80563523095 7.80221335612 7.85888444805 7.90134437556 7.9418009147 7.9762419079 8.00048007308 7.9557710568 7.89293197973 8.1781031597 8.24699815039 

0 0.96 0.04 7.95506556344 7.80625407269 7.80170584756 7.85581337832 7.87329683158 7.89789097355 7.92594033318 7.94985062543 7.8998563469 7.83392333615 8.17545196973 8.25335301786 
1 0.96 0.04 7.95498698857 7.8062526172 7.80170357894 7.85581309697 7.87329632638 7.89788956591 7.9259369854 7.94985025413 7.8998613405 7.83391583284 8.175446354 8.25334515048 

0 1 0.04 7.96004919113 7.8076601937 7.8020099028 7.84069178644 7.79919848044 7.80798166285 7.84116126803 7.874429802 7.83529602083 7.78034838084 8.17040910621 8.25611922924 
1 1 0.04 7.96004779756 7.80765886756 7.80201309588 7.84069155384 7.79919618723 7.80798133157 7.84115808145 7.87442792316 7.83530066586 7.78033675678 8.17040294081 8.2561106983 

0 1.04 0.04 7.96551739075 7.80965723885 7.80293791755 7.80625145206 7.66488506244 7.66032611432 7.71785225683 7.78061493587 7.75875624507 7.71707755904 8.17931963946 8.29200315279 
1 1.04 0.04 7.96551596052 7.80965568097 7.80294140645 7.80624898182 7.66488334467 7.66032421098 7.7178487943 7.780614315 7.75876304309 7.71706839009 8.17931656234 8.29199158829 

0 1.08 0.04 7.971347282 7.81358476766 7.80388389323 7.75554577317 7.46239913796 7.45769742878 7.56228770853 7.67060629766 7.67043256276 7.65365186284 8.16435010179 8.29088171123 
1 1.08 0.04 7.97134576961 7.81358331927 7.80387977735 7.75554086575 7.46239625744 7.45769358608 7.56228128402 7.67060416225 7.67044270274 7.65364416686 8.16434694762 8.29086978931 

0 1.12 0.04 7.98031816472 7.81775021177 7.80606145111 7.7011719714 7.20975659551 7.2196814352 7.38455892626 7.54867646624 7.58358661194 7.58184843491 8.14517390797 8.28433452202 
1 1.12 0.04 7.98031783266 7.81774837063 7.80605849423 7.70116884708 7.20975362862 7.21967546562 7.38455047163 7.54867296108 7.58359504676 7.58185353371 8.14517122586 8.28432280837 

0 1.16 0.04 7.98660661752 7.82205612433 7.80984039405 7.6638317336 6.98232993394 6.97851372785 7.20260355376 7.42371851814 7.49077143255 7.50734300286 8.12348135748 8.27432208392 
1 1.16 0.04 7.98660643239 7.82205444677 7.80983811367 7.66382845441 6.98232240331 6.97850467753 7.20259359439 7.42371420871 7.49077482646 7.50734919304 8.12347894916 8.27431051225 

0 1.2 0.04 7.99328645673 7.82618554855 7.81432741885 7.64813196678 6.80504975427 6.76760813978 7.03464150299 7.30464162258 7.41057542931 7.44140770619 8.11102544425 8.29713385829 
1 1.2 0.04 7.99328635625 7.8261839266 7.81432593193 7.6481236559 6.80504487998 6.76759586899 7.03463169686 7.30463608461 7.41057699409 7.44141686453 8.11102130713 8.29712694584 

0 1.24 0.04 8.00030309433 7.83287037537 7.8194608445 7.66449291645 6.69439741935 6.60267627211 6.89429809848 7.19651411872 7.31964543053 7.36617088662 8.07513861931 8.27613397999 
1 1.24 0.04 8.00030327624 7.83286916273 7.81945918295 7.66448303414 6.69438868095 6.60266034868 6.89430297597 7.19650742752 7.31962215718 7.36618324608 8.07513370643 8.27612724026 

0 1.28 0.04 8.00755762933 7.83809738946 7.82572731327 7.70532596895 6.64200470202 6.48578575595 6.78438057616 7.10641037635 7.24922646134 7.29378915051 8.03648766318 8.25052744387 
1 1.28 0.04 8.00755799648 7.83809607196 7.8257245565 7.70531526229 6.64198897101 6.48576959951 6.7843787573 7.10640053883 7.24919886571 7.29379885212 8.03648174084 8.25052084923 

0 1.32 0.04 8.01584999203 7.84266283914 7.82972896941 7.76226271311 6.65083752067 6.40889586793 6.70464012645 7.03318623155 7.18923153152 7.22988872325 8.00462699508 8.25474794554 
1 1.32 0.04 8.01585031475 7.84266163833 7.82972406063 7.76225231824 6.65081941457 6.40887379196 6.70462598093 7.03317611918 7.1891965768 7.22989291745 8.00462065381 8.25474293527 

0 1.36 0.04 8.02048635525 7.84873006454 7.83179104695 7.81003041479 6.68650380261 6.35882513054 6.64900238099 6.97877591667 7.13291946618 7.16426603252 7.95161431809 8.21488701381 
1 1.36 0.04 8.02048676184 7.84872814059 7.83178596955 7.81002810797 6.68647861995 6.35880411722 6.64895042693 6.97876333866 7.13288622209 7.16426887935 7.9516071209 8.21488095757 

0 1.4 0.04 8.02529576093 7.8537262627 7.83372095129 7.85972518018 6.73466185394 6.32163743184 6.6093920139 6.939020258 7.09827613601 7.10706085865 7.89427811513 8.16780356416 
1 1.4 0.04 8.02529619786 7.85372488663 7.83371515662 7.85972374545 6.73463215574 6.32161066471 6.60933705277 6.93900309612 7.09824162264 7.10705691196 7.89426895251 8.16779648595 

0 1.44 0.04 8.03030539158 7.85795962778 7.8335540422 7.9107875672 6.81410975781 6.29246094492 6.5792934758 6.90857778296 7.07571034479 7.06062206321 7.83901641412 8.14456474659 
1 1.44 0.04 8.03030591537 7.85795819674 7.83354954315 7.91078310543 6.81408032801 6.29243013184 6.57923649526 6.90855587724 7.07567213991 7.06061043065 7.83900333765 8.14455796405 

0 1.48 0.04 8.03546493998 7.86505837889 7.83089188744 7.94501290008 6.90309057407 6.26935331935 6.55561329361 6.88561812705 7.05390025784 7.02037095604 7.7702562717 8.08330778309 
1 1.48 0.04 8.03546553651 7.86505721296 7.83088660023 7.94500310152 6.90306579267 6.26931696353 6.55559196469 6.88559214866 7.05385900406 7.02035281592 7.77024377312 8.08329963212 

0 1.52 0.04 8.04081400467 7.86905800251 7.82908143507 7.9744981423 6.99584744573 6.2444666734 6.53115760536 6.86703608156 7.04740113903 6.98128095593 7.697964837 8.01677905533 
1 1.52 0.04 8.04081460756 7.8690567769 7.82907921864 7.97448362531 6.9958354039 6.24443063058 6.53114104213 6.86700940801 7.04735952841 6.98126589277 7.69795342265 8.01676860534 

0 1.56 0.04 8.04308568178 7.87223897873 7.82565668911 8.00066230996 7.11275778333 6.22350445681 6.50550003806 6.84843459039 7.04406130114 6.96199778814 7.62122496259 7.95857266925 
1 1.56 0.04 8.04308600352 7.8722378079 7.82565421068 8.00065121423 7.11274666301 6.22346158657 6.50548671124 6.84840194042 7.04403171386 6.96198136805 7.62121773928 7.95855760961 

0 1.6 0.04 8.04482232553 7.87527163582 7.82005415693 8.01072164084 7.2323852621 6.20856407016 6.48163005673 6.8302951808 7.04528543548 6.94442038539 7.54238158043 7.87999453784 
1 1.6 0.04 8.04482275781 7.87526863869 7.82005189427 8.01070689902 7.23236988389 6.20851936485 6.48159056012 6.83025643142 7.04525902236 6.94440026669 7.54237380762 7.87997898807 

0 1.64 0.04 8.04692105234 7.87896041514 7.81776797529 8.01714603693 7.36220429502 6.18158983225 6.45037278477 6.81103787095 7.04951208464 6.93341342834 7.46140178078 7.79654300574 
1 1.64 0.04 8.04692155704 7.87895760024 7.8177634531 8.01713414454 7.36218125923 6.18154602014 6.45032596434 6.81098196143 7.04948733693 6.9333818804 7.4613970341 7.79652884648 

0 1.68 0.04 8.04943161331 7.8819884982 7.81277917182 8.0192729437 7.50265851624 6.18726371212 6.42128455269 6.78925468317 7.05324359483 6.93756652662 7.37636364594 7.70829565957 
1 1.68 0.04 8.04943217603 7.88198533286 7.81277545398 8.01926240164 7.50263080701 6.18721477087 6.42123386178 6.78919774572 7.05321377642 6.93753091732 7.376352463 7.70828768387 

0 1.72 0.04 8.05234095783 7.88424013646 7.80913442479 8.0111248378 7.63367764616 6.19244221791 6.38311224426 6.76696986151 7.05451067975 6.93743448069 7.2995404525 7.6212071457 
1 1.72 0.04 8.05234160169 7.88423668384 7.80913221712 8.0111165646 7.63363536043 6.19238963558 6.38305676847 6.76695214654 7.0544776986 6.9373968844 7.29952878855 7.62119946492 

0 1.76 0.04 8.05266927816 7.898812386 7.80537654594 8.00196044466 7.76342084086 6.20496682817 6.34147706003 6.7395501553 7.05589332898 6.9546233841 7.21145757108 7.51008646513 
1 1.76 0.04 8.0526705289 7.89881225577 7.80537394737 8.00195298888 7.76338207268 6.2049123647 6.34141896036 6.73952134836 7.05586472945 6.95457943206 7.21144581013 7.51007936071 

0 1.8 0.04 8.0524237854 7.90401803827 7.80007461818 7.98507634299 7.89026582738 6.25233152276 6.30202714337 6.71036588535 7.05032302894 6.96806960764 7.14874983362 7.42765699166 
1 1.8 0.04 8.05242513367 7.90401842357 7.80007211035 7.98506792302 7.89025650366 6.25227476363 6.30196558909 6.71032150954 7.05029018168 6.96801995857 7.14873237269 7.4276497019 

0 1.84 0.04 8.05276334418 7.908795213 7.79937877324 7.96447623855 7.98774791436 6.29721384681 6.25323138377 6.68022667785 7.04314492065 6.99194237608 7.06789302934 7.30586192051 
1 1.84 0.04 8.05276486014 7.90879594167 7.79937596191 7.96446500369 7.98774633732 6.29715543114 6.25316380076 6.68010805033 7.04310797785 6.99189154161 7.06788259459 7.3058501584 

0 1.88 0.04 8.05372632433 7.91581839976 7.79556342173 7.94676235778 8.08960246693 6.40227709625 6.2060846296 6.64568850162 7.03149854127 7.01888105652 7.02564538235 7.23803501815 
1 1.88 0.04 8.05372790357 7.91581883489 7.79556012562 7.94675189981 8.08959681088 6.40222123915 6.20601430708 6.64555434787 7.03144869624 7.01882978901 7.02562783306 7.23801799689 

0 1.92 0.04 8.05432089505 7.92000289791 7.7952747318 7.92327968051 8.1441468615 6.50162247907 6.15373409112 6.61081704029 7.01385591123 7.04104569994 6.98198306055 7.12002531489 
1 1.92 0.04 8.05432282213 7.92000344392 7.79526974931 7.92326815136 8.1441338179 6.50158221605 6.15366039181 6.61073718328 7.01380023127 7.04099067376 6.98196038491 7.1200111819 

0 1.96 0.04 8.05262642252 7.9241535832 7.79311716854 7.90399457344 8.19855747045 6.66750692699 6.10008880246 6.57143193693 6.99256896382 7.06890187516 6.94487988332 7.07440971932 
1 1.96 0.04 8.05262839964 7.92415431763 7.79311251485 7.90398662434 8.19853420751 6.66747019026 6.10001108612 6.57137494916 6.99250924714 7.06884440158 6.94484187431 7.07438876404 

0 2 0.04 8.0516676793 7.92815829177 7.79326803357 7.88124733355 8.21752728216 6.83453081617 6.05450966032 6.53333086984 6.96547585984 7.09226272632 6.92907977752 7.02698848459 
1 2 0.04 8.05166966859 7.92815906111 7.79326539827 7.88124012766 8.21750175561 6.83448963836 6.05442891062 6.53328862724 6.96541080569 7.09220150638 6.92903432052 7.02696336813 

0 2.04 0.04 8.05145769856 7.9323324579 7.79214850709 7.86296339772 8.22768017569 7.04439502525 6.00778232929 6.48864572727 6.93529017851 7.11610327552 6.91610700376 6.95922483786 
1 2.04 0.04 8.05145981803 7.93233295663 7.79214672733 7.8629525037 8.22765528383 7.0443494127 6.00770013064 6.48859669775 6.93521892137 7.11604381712 6.91606002754 6.95918894352 

0 2.08 0.04 8.05176534462 7.93472159019 7.79340670551 7.84283675218 8.2132631022 7.26585936863 5.9818999068 6.44502970736 6.89983269214 7.13381630896 6.92505897543 6.9398919167 
1 2.08 0.04 8.05176668101 7.93472219717 7.79340449013 7.8428276575 8.21323954442 7.26580190359 5.98181555035 6.44494793735 6.89975509067 7.13377201128 6.92500394998 6.93984907616 

0 2.12 0.04 8.04944244711 7.93732118005 7.79276399307 7.82739094593 8.19109111307 7.48441591778 5.94682968304 6.39338302826 6.86218992002 7.14915309781 6.93669496082 6.94214697554 
1 2.12 0.04 8.04944391219 7.93732188976 7.79276315173 7.82738424746 8.1910711191 7.48435974112 5.94674222582 6.39329286334 6.86210307933 7.14910588831 6.93662665045 6.94209798632 

0 2.16 0.04 8.04792031255 7.93995869651 7.79078800726 7.81065712344 8.15696170704 7.71781912151 5.96137960179 6.34228126864 6.82152340072 7.15701060704 6.98480836829 6.93149412963 
1 2.16 0.04 8.04792178729 7.9399595663 7.79078757625 7.81065173416 8.15694991762 7.71775843285 5.96129228499 6.34218798632 6.82144037853 7.15695018201 6.98473784966 6.93142998177 

0 2.2 0.04 8.04720561475 7.94360541963 7.79953227634 7.79899762403 8.11725974205 7.90377604921 5.97647883783 6.28294888312 6.77936105253 7.1602508712 7.01867814217 6.94734092767 
1 2.2 0.04 8.04720707761 7.94360689846 7.79953185317 7.79899202293 8.11725045704 7.90372941729 5.9763910095 6.28285120275 6.77930731209 7.16018480953 7.01860526374 6.94727160274 

0 2.24 0.04 8.04645920495 7.94482897465 7.80312155419 7.78557167284 8.07508241469 8.08624929052 6.06035338953 6.22265699665 6.73482994405 7.14491635817 7.06014753634 6.9691612067 
1 2.24 0.04 8.04646177444 7.94483071153 7.80312131827 7.78556697479 8.07506860064 8.08625290657 6.06026833158 6.22255526873 6.73474338156 7.14486304398 7.06008202508 6.96908998688 

0 2.28 0.04 8.04390961085 7.94640457942 7.80573255461 7.77720758232 8.03082885221 8.20803414964 6.1656239627 6.15652954932 6.68827418113 7.13263307754 7.09241910051 6.99630782867 
1 2.28 0.04 8.04391219041 7.94640635243 7.80573348267 7.77720280327 8.0308137539 8.20803875971 6.16554762697 6.15642359964 6.68807716693 7.13256298834 7.09235002546 6.9962306007 

0 2.32 0.04 8.04219544289 7.94816209205 7.81382959968 7.76945458242 7.98991218444 8.30348579588 6.33568485599 6.08906738447 6.64094688088 7.10437380523 7.13993423547 7.04015429367 
1 2.32 0.04 8.0421980791 7.9481632291 7.81383000994 7.7694493169 7.98989683113 8.30345596008 6.33561542645 6.0889598717 6.64074800895 7.10429704705 7.13986351575 7.04008536677 

0 2.36 0.04 8.04133587602 7.94984775716 7.81859012838 7.76245728461 7.95030000642 8.35479964262 6.55072922069 6.02264609272 6.58111491095 7.07580749331 7.17267024879 7.07332196576 
1 2.36 0.04 8.04133859512 7.94984992606 7.81859060864 7.76245186148 7.95029062475 8.35476285867 6.55066821211 6.02253394821 6.58103596329 7.07572650364 7.17259791484 7.0732495774 

0 2.4 0.04 8.03908044963 7.95042412857 7.82269646308 7.75772708885 7.91473095656 8.36501485639 6.79958945301 5.96190985233 6.52966800461 7.03738084147 7.21546809379 7.12752162528 
1 2.4 0.04 8.0390818458 7.95042658206 7.82269673194 7.75772201836 7.91472110076 8.36498781278 6.79953027891 5.9617920683 6.52956162212 7.03729513236 7.21538884942 7.12745177763 

0 2.44 0.04 8.03681603041 7.9514101123 7.82575613939 7.75236919548 7.88332596843 8.35848688721 7.09471249552 5.90951026078 6.47933881173 6.99758748608 7.24347594482 7.16121278176 
1 2.44 0.04 8.03681763947 7.95141309541 7.82575651765 7.75236431019 7.88331491325 8.35846714565 7.09463751535 5.9093920725 6.47923009988 6.99749337017 7.24340241588 7.16114210389 

0 2.48 0.04 8.03553927554 7.95336092577 7.83032338211 7.74919572692 7.85450724196 8.31089810831 7.40675970492 5.87883785771 6.42548520843 6.95396619929 7.27362149414 7.21521871536 
1 2.48 0.04 8.03554111789 7.95336269392 7.83032379543 7.74919324133 7.85449863967 8.31087641116 7.4066911636 5.87872055418 6.42536915367 6.95386364223 7.27356473636 7.21513838371 

0 2.52 0.04 8.03447648599 7.95337667921 7.83436204508 7.74388211302 7.83279305433 8.25524405143 7.68367531626 5.8706865745 6.3700805599 6.90819545688 7.29887592009 7.26998304296 
1 2.52 0.04 8.03448081052 7.95337856063 7.8343627484 7.74388089556 7.8327848131 8.25523348312 7.68362470267 5.87056926893 6.36995931346 6.90808333011 7.29880636799 7.26991970251 

0 2.56 0.04 8.03164494366 7.95381150614 7.83912663274 7.74848996162 7.81291989918 8.1992236757 7.95213834498 5.90790604326 6.30741742941 6.8608569323 7.30067427935 7.28366594575 
1 2.56 0.04 8.03164938836 7.95381351086 7.83912734147 7.74848929128 7.81291407656 8.19921314191 7.95211035211 5.9077906814 6.30729230212 6.86078660917 7.3005999376 7.28360545361 

0 2.6 0.04 8.02969042603 7.95547165644 7.84346183245 7.75091142686 7.79649884274 8.13452014863 8.1837048511 6.00786400182 6.24186489408 6.8128084389 7.30227139269 7.31854746945 
1 2.6 0.04 8.02969497207 7.95547502628 7.84346295087 7.7509105519 7.79649308359 8.13450813237 8.18369301876 6.00775355752 6.24173559422 6.81271092479 7.30219621833 7.31847586978 

0 2.64 0.04 8.02817295398 7.95446814439 7.84690218965 7.75166801311 7.78270847681 8.07092168665 8.30329783997 6.15743106807 6.17312256769 6.7620700755 7.29191961271 7.34203703372 
1 2.64 0.04 8.02817456701 7.95447161396 7.84690383347 7.75166789297 7.78270213773 8.07091280034 8.30329443348 6.15733334229 6.17298876622 6.76186868003 7.29183365439 7.34196388313 

0 2.68 0.04 8.02363204433 7.95359497265 7.84949221181 7.76072160187 7.77047087103 8.02065769153 8.39405586767 6.36782750538 6.09788831433 6.70956698323 7.25778132104 7.3177194445 
1 2.68 0.04 8.0236336344 7.95359844362 7.84949431462 7.76072080139 7.77046430338 8.02064932438 8.39403705488 6.36773766758 6.09774910461 6.70945795882 7.25768824493 7.31763980753 

0 2.72 0.04 8.01962450816 7.95376551974 7.85250699758 7.76411376705 7.76052039386 7.9694933514 8.43460361375 6.6561791699 6.02216660496 6.6553150097 7.2203896548 7.30673175947 
1 2.72 0.04 8.01962605853 7.95376723268 7.85251090483 7.76411273604 7.76051471111 7.96948450293 8.43458089019 6.65609506209 6.02202212508 6.65523203192 7.22029212775 7.30664226441 

0 2.76 0.04 8.0161922156 7.95183576878 7.85475606539 7.76657346908 7.75396433822 7.92438315695 8.41590048929 6.98179264363 5.9654617261 6.60281124209 7.17625497507 7.28437094126 
1 2.76 0.04 8.0161938294 7.95183769326 7.85476004255 7.76657325833 7.75395834198 7.92437261035 8.41587669777 6.98170603646 5.96531406376 6.60269226878 7.17614664108 7.28427620899 

0 2.8 0.04 8.01321973508 7.95033296862 7.85720566579 7.77010200114 7.74708652262 7.89246689213 8.36831307269 7.31305388971 5.92866714107 6.55166319701 7.12440667299 7.23340355988 
1 2.8 0.04 8.01322138108 7.95033524775 7.85720676729 7.77010171095 7.74708123924 7.89245661112 8.36829151695 7.31297543542 5.92851736806 6.55152324893 7.12428875815 7.23330198336 

0 2.84 0.04 8.01048911248 7.95020740172 7.85913416332 7.77369141089 7.73803889304 7.87404787228 8.30325544885 7.64649303899 5.91366825264 6.49458976455 7.06985594815 7.18900373645 
1 2.84 0.04 8.01049085056 7.95021254983 7.85913510925 7.77369131433 7.73803422731 7.87403798795 8.30323843364 7.64644141324 5.91351953802 6.49444461676 7.06973455285 7.18889140688 

0 2.88 0.04 7.98879604333 7.94766498014 7.86087138787 7.77662830027 7.73774753996 7.84957957993 8.2310688483 7.93937430766 5.96130660098 6.43841743478 7.01412938163 7.13801862973 
1 2.88 0.04 7.98880519618 7.94767000873 7.86087217146 7.77662841421 7.7377432204 7.8495729703 8.23105650132 7.9393388238 5.96116022573 6.438266395 7.01403878969 7.13788999731 

0 2.92 0.04 7.98073501097 7.94549130047 7.86295608909 7.78362717543 7.73816725692 7.83061915318 8.15830695856 8.17741144733 6.07864878754 6.3802678861 6.9609205238 7.0791497215 
1 2.92 0.04 7.98074465191 7.94549613589 7.86295906585 7.78362721631 7.73816364522 7.83061235079 8.15829948055 8.17739231119 6.07850964476 6.38011504676 6.96079835394 7.07902538993 

0 2.96 0.04 7.97268396301 7.9454297886 7.86448618378 7.78818186329 7.74435153676 7.81533749153 8.09144166007 8.31340156705 6.26568386918 6.32532478115 6.90568645329 7.02214764807 
1 2.96 0.04 7.97269416702 7.94543047841 7.86448927368 7.78818237178 7.74434876256 7.81532914528 8.09142965257 8.31338252521 6.26556201555 6.32517086678 6.90549102989 7.02205036714 

0 3 0.04 7.98501665126 7.9409329647 7.86592777697 7.79413660165 7.74883419094 7.80184451936 8.03000002618 8.38514219315 6.52456933018 6.26484757558 6.85182076945 6.9663420026 
1 3 0.04 7.9850221263 7.94093380166 7.86593102309 7.79413925501 7.74883167618 7.80183705241 8.02998817879 8.38511755723 6.52445187414 6.26468615705 6.8517009142 6.96614724875 

0 3.04 0.04 7.97812174218 7.93645915245 7.86791277922 7.79944418143 7.75292139992 7.7883258304 7.97905616901 8.40050961375 6.85341114098 6.21372300001 6.80063905141 6.9118101386 
1 3.04 0.04 7.97812693252 7.93645993829 7.86791410624 7.79944694405 7.75291910566 7.78831646785 7.97904871169 8.40049571999 6.85330001928 6.21355728699 6.8005180555 6.91166465385 

0 3.08 0.04 7.97190313899 7.93170374348 7.86953809265 7.80499258041 7.75507015835 7.77208597326 7.93070052261 8.36847559948 7.22179177975 6.17904846436 6.75139976914 6.85753514 
1 3.08 0.04 7.97190809574 7.93170457385 7.86953966415 7.80499492865 7.75506778318 7.77207788432 7.93069458557 8.36846187907 7.2216917213 6.17887851144 6.75126389756 6.85740912691 

0 3.12 0.04 7.96647490565 7.92634952598 7.87130022701 7.80920624808 7.75583246826 7.7450662888 7.8808554916 8.29582220888 7.58198993544 6.17381733165 6.69730729166 6.80585976394 
1 3.12 0.04 7.96647961978 7.92635046001 7.87130181272 7.8092055036 7.75583030858 7.74505700255 7.88084361312 8.29581059789 7.58192992159 6.17364767359 6.69715339185 6.80573166629 

0 3.16 0.04 7.96182098338 7.88808799266 7.87363461617 7.81225344151 7.74564730677 7.72188006249 7.82186360584 8.21295774317 7.90982327837 6.20528716574 6.64057146065 6.75541860947 
1 3.16 0.04 7.96182537081 7.88809849535 7.87363915301 7.81225278394 7.74564546715 7.72187251217 7.82185161415 8.21294649804 7.90977464945 6.20511578964 6.64041563735 6.75526671715 

0 3.2 0.04 7.96478022206 7.8790215949 7.8756037486 7.81386710883 7.70583550552 7.68836300653 7.75559374663 8.1238388145 8.14912002045 6.29927759993 6.57935966105 6.70441792729 
1 3.2 0.04 7.96478624339 7.87903272112 7.87560842477 7.81386697808 7.70583373204 7.68835390499 7.75558487472 8.12383619067 8.14907649597 6.29911995606 6.57919951747 6.70426015303 

0 3.24 0.04 7.9580238946 7.87026546579 7.88106699658 7.79311625025 7.64225846902 7.62614674327 7.67391847668 8.03107306911 8.30196785253 6.46417094948 6.5191032674 6.64464872807 
1 3.24 0.04 7.95802981811 7.87027730231 7.88106589153 7.79311773324 7.64225708665 7.6261393453 7.67390940468 8.03106743849 8.30192536938 6.46401417688 6.51893900071 6.64448769502 

0 3.28 0.04 7.95192421741 7.89547566746 7.87908301794 7.78106849916 7.52582016383 7.51439913079 7.57578249321 7.93124961813 8.37480133612 6.70922564979 6.45108572248 6.58311800631 
1 3.28 0.04 7.95193009572 7.89548183159 7.8790807842 7.78106900148 7.52581758504 7.51439136137 7.57577121681 7.93124287962 8.37477510778 6.70906862669 6.45091110923 6.58295034692 

0 3.32 0.04 7.94654503463 7.89073906978 7.87630651724 7.76543426223 7.43001462198 7.39071440325 7.46754402332 7.83560508746 8.37817015686 6.99803628881 6.38575385384 6.51725653253 
1 3.32 0.04 7.94655086411 7.89074488874 7.87630324883 7.76543205885 7.43001300104 7.39070495619 7.46753094135 7.83559833804 8.37815821414 6.99789282685 6.3855745569 6.51708573264 

0 3.36 0.04 7.94181023291 7.88679126587 7.874983411 7.76869692752 7.35152623248 7.26711425967 7.35029172567 7.7358661874 8.32866659379 7.33572093996 6.33813084217 6.4447846133 
1 3.36 0.04 7.94181593897 7.88679638595 7.87498318986 7.76869546027 7.35152238943 7.26710241334 7.35027642937 7.73585891986 8.32866119179 7.33559719301 6.33794533377 6.44460717533 

0 3.4 0.04 7.94318926909 7.88343791489 7.81652051735 7.80120880317 7.30538462343 7.16374437786 7.24193388244 7.63360257449 8.2408948557 7.65113201531 6.31096631192 6.37721946919 
1 3.4 0.04 7.94319328883 7.88344252329 7.81653035876 7.80121119473 7.30537766866 7.16373198515 7.24191705482 7.63359227564 8.24088667171 7.6510343484 6.31077421783 6.37703341419 

0 3.44 0.04 7.93689532386 7.88039908995 7.81364278266 7.82478032662 7.33351368448 7.05807097017 7.27002172137 7.53174348979 8.13361138893 7.91520355957 6.34552435043 6.31397444426 
1 3.44 0.04 7.93689909035 7.88040337334 7.81365318289 7.82478325569 7.33350547786 7.05805770846 7.27000559396 7.53173994166 8.13360601026 7.91512728474 6.34532654139 6.31377766289 

0 3.48 0.04 7.93132159829 7.88969067275 7.81016077939 7.85963251933 7.40387774844 7.02654538492 7.23210742121 7.43365896278 8.02441885337 8.09715347523 6.44238599395 6.34505534875 
1 3.48 0.04 7.93132512516 7.88969713048 7.81017177474 7.85963525873 7.40387037291 7.02653285517 7.23208867544 7.43364848957 8.02441900312 8.09705162918 6.44218712858 6.34485557854 

0 3.52 0.04 7.92644916197 7.88518620717 7.82886176334 7.88981758692 7.50007557552 7.01147898438 7.14663593186 7.3426532124 7.91556422798 8.2026897221 6.6231496886 6.3875883061 
1 3.52 0.04 7.92645244467 7.88519259883 7.82886734251 7.88981527647 7.5000673995 7.01146112179 7.1466178367 7.34263498114 7.91556649819 8.20263142334 6.62294335807 6.38738887649 

0 3.56 0.04 7.9221781334 7.88113879759 7.82943238999 7.89589649941 7.63627467602 7.00179965109 7.08788771283 7.26006214132 7.80931762276 8.23345241652 6.88011068732 6.5090829468 
1 3.56 0.04 7.92218124467 7.88114515643 7.82943757841 7.89589434597 7.63626544163 7.0017773593 7.08786413963 7.26004188299 7.80930900227 8.23340528226 6.87989734627 6.50887081684 

0 3.6 0.04 7.9219204348 7.87725934923 7.8292875483 7.89625802116 7.72481285945 7.05838066125 7.02837751813 7.18817387877 7.70730787021 8.22784828908 7.19149149993 6.718623492 
1 3.6 0.04 7.92192394445 7.87726553098 7.82929220016 7.89625858148 7.72480326834 7.05835910954 7.02835033309 7.18814897187 7.70730219193 8.22784019595 7.19130161738 6.71839082433 

0 3.64 0.04 7.91630300386 7.88460210712 7.82809862281 7.89026345051 7.81993523598 7.10591159855 6.98803777555 7.10386204011 7.60472411175 8.25298782569 7.53347345202 7.00902340256 
1 3.64 0.04 7.91630650096 7.88460702542 7.82810314949 7.8902651009 7.81992688071 7.10588697524 6.98801024569 7.10383416867 7.60470713677 8.25296788325 7.53333998521 7.00880205162 

0 3.68 0.04 7.91139147999 7.87935171558 7.82607409042 7.80138884408 7.89350426859 7.22517821052 6.94582833306 7.0571757558 7.5001305654 8.15831459322 7.84600656281 7.35290386027 
1 3.68 0.04 7.91139484408 7.87935636694 7.82607846791 7.80139768829 7.89349843101 7.22515714117 6.94579680912 7.05714188943 7.5001322143 8.15829933409 7.84588281905 7.35274819034 

0 3.72 0.04 7.90684962534 7.87429309649 7.83117183378 7.79131822426 7.93654373532 7.35111010258 6.90578996243 7.14554232272 7.40949279588 8.09283303871 8.07602480801 7.6772712983 
1 3.72 0.04 7.90685286209 7.87429750183 7.83117858854 7.79132814471 7.93653886872 7.35108801794 6.90575318126 7.1455084212 7.40949119587 8.09282696269 8.07589666081 7.67713748013 

0 3.76 0.04 7.90671025906 7.86976223602 7.82869005224 7.77802114111 7.96499305518 7.49359750157 6.8980842801 7.06158742369 7.30480764451 7.98854792815 8.23200020077 7.95235086999 
1 3.76 0.04 7.90671326895 7.86976624482 7.82869656585 7.77803236342 7.96498580068 7.49357521882 6.89804682805 7.06154945533 7.30478076922 7.98854108851 8.23190277362 7.9522041045 

0 3.8 0.04 7.90109858785 7.865009565 7.82517128726 7.79827994024 7.94779523906 7.66291105686 6.87704629467 6.9726627424 7.2001180116 7.85847318538 8.29868589421 8.13996794833 
1 3.8 0.04 7.9011015225 7.86501320328 7.82517754102 7.79828374071 7.9477915879 7.66288850445 6.87700310467 6.97262180572 7.200086067 7.85845801306 8.29863465677 8.13984465788 

0 3.84 0.04 7.89585188957 7.86863750149 7.82072527736 7.79361488175 7.92305621448 7.76508708615 6.93171944544 6.8797765997 7.09517756203 7.71676593945 8.30739560494 8.24637878002 
1 3.84 0.04 7.89585455253 7.86864157023 7.82073106335 7.79361787283 7.92305455896 7.76506389395 6.93167106633 6.87972431651 7.09513704991 7.71674427707 8.30736719577 8.24630627232 

0 3.88 0.04 7.89055395332 7.8619309207 7.82197730467 7.78547935107 7.79378969287 7.86934575021 6.96889543106 6.78643302357 6.95451432403 7.56038886431 8.25183999031 8.24790618679 
1 3.88 0.04 7.89055626696 7.86193456509 7.82198089201 7.78548136804 7.79379210095 7.86932200033 6.96884719718 6.7863708167 6.95446200937 7.56035814274 8.25181037244 8.24785878956 

0 3.92 0.04 7.88591296532 7.8559105981 7.81646455014 7.77703306568 7.76939891148 7.92703016596 7.10741246888 6.67956471541 6.83911989786 7.40836085087 8.16014922759 8.23071158315 
1 3.92 0.04 7.88591506095 7.85591393833 7.81646743664 7.77703432407 7.76940233695 7.92700816006 7.10736510016 6.67949633274 6.83905569091 7.40835133785 8.16011718592 8.23067519222 

0 3.96 0.04 7.88434586777 7.85130961922 7.81249427602 7.77843658261 7.74557398255 7.96873713455 7.26285664225 6.66202032943 6.88646022994 7.26486471515 8.04530045397 8.16950643397 
1 3.96 0.04 7.88434826141 7.85131313126 7.81249660783 7.77844062344 7.74557962623 7.96871465035 7.26280615089 6.66194983443 6.88639116506 7.26483288409 8.04528115289 8.16946863669 

0 4 0.04 7.88016653849 7.85528620552 7.8096680852 7.77593408637 7.75887743952 7.96597005162 7.45418032624 6.59008857035 6.78535058904 7.12974959245 7.91580065101 8.07547357304 
1 4 0.04 7.88016870494 7.85528912621 7.80967001389 7.77593806804 7.75887698375 7.9659484903 7.45413300748 6.59002064335 6.78527790068 7.12970222412 7.91578154532 8.07544678824 

0 4.04 0.04 7.87669268618 7.85108778593 7.81393953399 7.77371399726 7.75536821257 7.93689411623 7.64995661037 6.67493721699 6.70198278715 7.02254526422 7.77725513749 7.95823677664 
1 4.04 0.04 7.87669462709 7.85109046714 7.81394307107 7.77371797155 7.75536754945 7.93687615828 7.64991383618 6.67486601767 6.70190311526 7.02248795331 7.77722351365 7.95821855558 

0 4.08 0.04 7.87379042515 7.84755712845 7.81167314305 7.77157868519 7.75158176721 7.90476425929 7.79657273222 6.70461932434 6.63575930891 6.88995721227 7.63199547701 7.82609621794 
1 4.08 0.04 7.87379220422 7.84755968692 7.81167677139 7.77158258575 7.75158121695 7.90474867002 7.79653497524 6.70455482421 6.63567645925 6.88989337473 7.63195900994 7.826067276 

0 4.12 0.04 7.87295372955 7.84452807815 7.80974061319 7.77604487464 7.74741136862 7.76275029638 7.92863754378 6.89804735497 6.57323470229 6.77846334257 7.48161023037 7.68364239707 
1 4.12 0.04 7.8729544651 7.84453042563 7.8097442912 7.77604634765 7.74741092764 7.76274904722 7.92860623985 6.89798524923 6.57314922138 6.77838859904 7.48157541888 7.6836096586 

0 4.16 0.04 7.86935774071 7.84794402153 7.80799909276 7.77512448381 7.74935092273 7.73571246921 7.98407574169 7.08959910981 6.51114951873 6.80240265471 7.33230657304 7.53049407248 
1 4.16 0.04 7.86935843675 7.8479469096 7.80800299358 7.77512620978 7.74935315612 7.73571551485 7.9840462658 7.08953230815 6.51106589604 6.80232116578 7.33229563293 7.53046038756 

0 4.2 0.04 7.86621028535 7.84433135268 7.81220155777 7.77430357585 7.74843173585 7.7059304732 8.01290076121 7.32579660208 6.50482018659 6.70711150413 7.18769231561 7.37881210706 
1 4.2 0.04 7.86621095681 7.84433398489 7.81220470263 7.77430531179 7.74843385817 7.70593699761 8.01286990235 7.32573431696 6.50473836692 6.70702697842 7.18764506049 7.37875509591 

0 4.24 0.04 7.86590657135 7.8411494777 7.81035240342 7.77353988214 7.74746124413 7.73977157448 7.97628780308 7.58811048878 6.50096903338 6.62810200362 7.05190339934 7.23093578334 
1 4.24 0.04 7.8659086818 7.84115194253 7.81035539521 7.773541712 7.74746354574 7.7397701512 7.97626177136 7.58805730336 6.5008880485 6.62801288596 7.05184224161 7.23088631814 

0 4.28 0.04 7.86205628666 7.83846236141 7.80898171171 7.7784059056 7.74699581342 7.7368467874 7.93840126578 7.76706883061 6.61356471215 6.54899794234 6.92817508618 7.10928433108 
1 4.28 0.04 7.86205864079 7.83846471012 7.80898459488 7.77840999249 7.74699841757 7.73684595199 7.93838189579 7.76702215217 6.61348501205 6.5489056219 6.92810347553 7.10922508196 

0 4.32 0.04 7.85845130588 7.84073775194 7.80782344445 7.77858260509 7.75182557639 7.73385079129 7.76954199748 7.94802270018 6.74901178821 6.49436164992 6.80015235609 6.90998710314 
1 4.32 0.04 7.85845389671 7.84073912245 7.80782629716 7.77858701525 7.75182739528 7.73385059172 7.76953863292 7.94798343541 6.7489401859 6.49426589152 6.800070743 6.90991204662 

0 4.36 0.04 7.85488158901 7.83708960704 7.81095715272 7.77854257848 7.75262778843 7.73507016793 7.73712347116 8.01597100233 6.99679057795 6.4127205331 6.77379432309 6.86460972657 
1 4.36 0.04 7.85488442863 7.83709113844 7.81096082494 7.77854740158 7.75263003293 7.73507268698 7.73712469134 8.01593654633 6.99672554829 6.41262404216 6.77370907464 6.8645263731 

0 4.4 0.04 7.85243177356 7.83274366508 7.80790305922 7.78119312876 7.75151355179 7.73321981276 7.69948495561 8.05677894087 7.25536085117 6.41538932618 6.68398236377 6.78506166744 
1 4.4 0.04 7.8524340469 7.83274515369 7.80790649042 7.78119706015 7.75151590685 7.73322262224 7.69949034657 8.05674342452 7.25529269917 6.41529269014 6.68389288447 6.78497453793 

0 4.44 0.04 7.84672976035 7.82802962206 7.80428178001 7.7786946798 7.74937228902 7.73000003244 7.73090134441 8.009965761 7.56232868911 6.38514691053 6.61114838733 6.70384508276 
1 4.44 0.04 7.8467320407 7.82803111413 7.80428508786 7.77869845109 7.7493748419 7.73000304189 7.73090002576 8.00993780134 7.56227081981 6.38505838405 6.61105795248 6.7037525086 

0 4.48 0.04 7.84102615251 7.82665567857 7.80041824129 7.77583391329 7.7505999667 7.72605656592 7.72250368728 7.96178653024 7.76906322427 6.46796331062 6.52425391627 6.62548940685 
1 4.48 0.04 7.84102851732 7.82665885322 7.80042136858 7.77583743183 7.75060500389 7.72605988658 7.72250333041 7.9617644456 7.76901332278 6.46787763032 6.52415572972 6.62539564819 

0 4.52 0.04 7.83542608521 7.82090237266 7.79981569183 7.772807848 7.74805615294 7.72544133595 7.71313516319 7.75702807203 7.95577155723 6.66507644746 6.47514388852 6.53570440011 
1 4.52 0.04 7.83542853812 7.82090567239 7.79981774197 7.77281117302 7.74806136046 7.72544340948 7.71313562532 7.75702297523 7.95573179676 6.66499757724 6.47504446196 6.53560359356 

0 4.56 0.04 7.83100079337 7.81535027352 7.79529434444 7.77294497432 7.74544716936 7.72238752962 7.7069062044 7.71224998175 8.02980742866 6.97494241107 6.40246723045 6.40531572068 
1 4.56 0.04 7.83100406636 7.81535375698 7.79529634083 7.77294911334 7.74545262106 7.72238978866 7.70690871867 7.71224965181 8.0297707212 6.97487277859 6.4023591427 6.40520954436 

0 4.6 0.04 7.82469098021 7.8132195161 7.79085931162 7.76946157488 7.74594058693 7.71929316704 7.70147982472 7.66664149847 8.04350757035 7.18401539951 6.41100455789 6.39336769383 
1 4.6 0.04 7.82469431292 7.81322246507 7.79086140513 7.76946561832 7.74594472281 7.71929600803 7.70148214757 7.66664631098 8.04347189106 7.18394933579 6.41089800912 6.39326234149 

0 4.64 0.04 7.81857185462 7.80703283796 7.78943078222 7.76598121076 7.74302053883 7.71631595228 7.69606020814 7.69442258446 7.99318381528 7.53395094973 6.43618542715 6.30558641158 
1 4.64 0.04 7.81857530296 7.80703581199 7.7894344557 7.76598513153 7.74302432075 7.71631930317 7.69606303421 7.6944210319 7.99315518183 7.53388614019 6.43608849057 6.30548241624 

0 4.68 0.04 7.81382544625 7.80105611802 7.78442393183 7.76251612582 7.74006705931 7.71525633358 7.69071988984 7.68238908273 7.75101052544 7.68995998497 6.55817828241 6.3932855616 
1 4.68 0.04 7.81382855152 7.80105899352 7.78442771626 7.76251924525 7.74007107615 7.71526178233 7.69072331096 7.68238857499 7.75100014382 7.68990251185 6.55808516436 6.39318727727 

0 4.72 0.04 7.80713449333 7.79529142257 7.77955769034 7.76129976974 7.73735831567 7.71232648712 7.68633094903 7.66944579838 7.68777295726 7.87837429702 6.763526354 6.48623082093 
1 4.72 0.04 7.80713759971 7.79529463604 7.7795622579 7.76130154984 7.73736162679 7.71233192941 7.68633363428 7.6694467167 7.68776824667 7.87833740345 6.76343860511 6.48613479334 

0 4.76 0.04 7.80069561179 7.79183972978 7.77489198603 7.75748273896 7.73672610845 7.70985896392 7.68240515185 7.65847187912 7.59980694008 7.93557606601 7.09090309211 6.69004173785 
1 4.76 0.04 7.80069895172 7.79184355606 7.77489714793 7.75748434454 7.73673063931 7.70986448472 7.68240828169 7.65847441177 7.59980812184 7.9355410445 7.09082862185 6.68995327208 

0 4.8 0.04 7.79458999329 7.78584071708 7.77247457802 7.75393782188 7.73372221051 7.70886483692 7.67931355055 7.65106667987 7.63711910023 7.94961888193 7.34799423051 7.01264884153 
1 4.8 0.04 7.79459322174 7.78584506343 7.77247776305 7.75393945636 7.73372644713 7.70886866274 7.6793168048 7.65106943231 7.63711940758 7.9495769297 7.34792404901 7.01257342848 

0 4.84 0.04 7.78945639717 7.780323897 7.76781173287 7.75257631163 7.7311878468 7.70626876853 7.67548836074 7.63944542631 7.59476671165 7.9066654855 7.68557993391 7.45815671712 
1 4.84 0.04 7.78946005439 7.78032857184 7.76781469039 7.75258110533 7.73119173142 7.70627247967 7.67549363364 7.63944878241 7.59476921254 7.90662963294 7.68551704073 7.45808428562 

0 4.88 0.04 7.78361133992 7.77714897304 7.76368438741 7.74921125707 7.73089578918 7.70468114929 7.67298587273 7.63569811125 7.52363552612 7.57356199402 7.88659033949 7.63053257907 
1 4.88 0.04 7.78361502516 7.77715258638 7.76368734019 7.74921622715 7.73089720119 7.70468456523 7.67299121154 7.63570150206 7.52363957768 7.57355380596 7.88653629365 7.6304687936 

0 4.92 0.04 7.77835093954 7.77209694087 7.76183153803 7.74643795907 7.72861084267 7.70466912527 7.67146064351 7.62779108053 7.41745190721 7.47881293814 8.02485457719 7.93279154491 
1 4.92 0.04 7.77835486577 7.77210050718 7.7618363867 7.74644295475 7.72861230764 7.70467416966 7.67146645355 7.62779494321 7.41745818645 7.47881192819 8.02481393645 7.93274637052 

0 4.96 0.04 7.77415396633 7.76767700236 7.75822362806 7.74593741909 7.72718510314 7.70329221499 7.67038406931 7.60943628591 7.52791279271 7.4192886379 8.07862433338 7.99746472402 
1 4.96 0.04 7.77415828714 7.76768047677 7.75822845307 7.74594063276 7.7271867682 7.70329694628 7.67038847455 7.60944038145 7.52791733137 7.41929466938 8.0785785003 7.99742374301 

0 5 0.04 7.76935820196 7.76522136772 7.75514506916 7.74358749552 7.72775801168 7.70287587258 7.66934531758 7.56870551667 7.45783841655 7.49825401816 8.06212165664 8.06879841166 
1 5 0.04 7.76936223871 7.76522510548 7.75514981246 7.74359075342 7.72776260079 7.7028801091 7.66934936574 7.56871046065 7.45784350288 7.49825755643 8.06208395918 8.06875283504 

0 5.04 0.04 7.76489613778 7.76106942725 7.75382453806 7.74157313352 7.72606411155 7.70321892671 7.66738867457 7.61034053972 7.37842314978 7.47982466916 7.66101308876 7.71599160852 
1 5.04 0.04 7.7649002062 7.76107320458 7.7538282523 7.7415764082 7.72606905289 7.70322305215 7.66739261615 7.6103469301 7.37842933601 7.47983015089 7.66100134925 7.7159728328 

0 5.08 0.04 7.76114239372 7.75731471187 7.750875738 7.74023404236 7.72513974072 7.70314680142 7.66057671949 7.58196885913 7.51078920386 7.50774894476 7.6291337598 7.65051227747 
1 5.08 0.04 7.76114610758 7.75731858902 7.7508793212 7.74023724369 7.72514484237 7.70314904026 7.66058078068 7.58197635753 7.51079552258 7.50775544518 7.62912935857 7.65050063075 

0 5.12 0.04 7.75674943264 7.75482181506 7.74820751515 7.73935867032 7.72526683928 7.70386860586 7.67194015021 7.53096129772 7.47327730048 7.56915056757 7.62815959219 7.62047811971 
1 5.12 0.04 7.75675314858 7.75482618576 7.7482110177 7.73936344722 7.72527203909 7.70387100366 7.67194595156 7.53096933235 7.47328485034 7.56915715827 7.62816285358 7.62047244663 

0 5.16 0.04 7.75253658704 7.75104312148 7.74596387322 7.73784259555 7.72497982866 7.70550789559 7.66914296123 7.62207550539 7.4599189817 7.60054980721 7.66623941262 7.66140968286 
1 5.16 0.04 7.75254030182 7.751047502 7.7459673511 7.73784739881 7.72498333355 7.70551032836 7.66914826185 7.62208109041 7.45992632802 7.60055563687 7.66624375656 7.66141353491 

0 5.2 0.04 7.7486398597 7.74745088424 7.74402162708 7.73779185529 7.72689087522 7.70965655699 7.6553066751 7.60218419579 7.6477881373 7.74126780432 7.69337586043 7.64472987939 
1 5.2 0.04 7.74864372263 7.7474551708 7.74402532449 7.73779646445 7.72689441597 7.70966128704 7.6553116869 7.60218967974 7.64779638046 7.74127324172 7.69338199471 7.64473462 

0 5.24 0.04 7.74439305676 7.74415390443 7.74151014139 7.73489630338 7.73263896802 7.71449845538 7.68962960987 7.58069801356 7.64617185952 7.86314536111 7.75532998125 7.67929361762 
1 5.24 0.04 7.74439702959 7.74415790227 7.74151528238 7.73489778539 7.73264301286 7.71450329916 7.68963208615 7.58070375923 7.64618018119 7.86315391835 7.75533653483 7.67930055645 

0 5.28 0.04 7.74011554046 7.74082463788 7.73970603572 7.73430335326 7.7270322828 7.7130582501 7.68766418818 7.70806439393 7.74809774157 7.96304197455 7.84233052544 7.7816636656 
1 5.28 0.04 7.74011952813 7.74082842197 7.73971213236 7.73430519831 7.72703692966 7.71306305421 7.6876667135 7.70807051648 7.74810535688 7.96304700876 7.84233896875 7.78167435662 

0 5.32 0.04 7.73602827595 7.73733921 7.73651916818 7.73662480281 7.72715875426 7.71919888841 7.67817696787 7.71908763378 7.88717683533 8.03608360869 7.91579645498 7.82803780887 
1 5.32 0.04 7.73603082146 7.73734390267 7.73652355659 7.73662809638 7.72716180365 7.71920228072 7.67817950772 7.71909313196 7.8871813638 8.03608685075 7.91580383176 7.82804736285 

0 5.36 0.04 7.7318469859 7.73408451528 7.73410426087 7.72269485783 7.71323850947 7.70858947774 7.72518993639 7.74573021371 7.94475121522 8.12312182614 8.0019589366 7.89362334914 
1 5.36 0.04 7.73185090858 7.73408911594 7.73410828579 7.72270044262 7.71324106662 7.70859222241 7.72519395216 7.74573440777 7.94475523245 8.12312597812 8.00196420085 7.89363090625 

0 5.4 0.04 7.72771264589 7.73034241485 7.73358985545 7.71396911911 7.66534913737 7.68425794309 7.72536642434 7.86079494488 7.97367477748 8.12737268683 8.10957466997 8.07701802451 
1 5.4 0.04 7.72771688945 7.73034476876 7.73359354552 7.71397507666 7.66534984622 7.68426003659 7.72537007247 7.86079642923 7.97367851087 8.12737534808 8.10957993632 8.07702574983 

0 5.44 0.04 7.72369317841 7.72694845429 7.7285161165 7.69992378204 7.62822929764 7.64955581162 7.70937346769 7.86655710055 8.10460785213 8.13514724147 8.14686721859 8.09517538128 
1 5.44 0.04 7.72369836713 7.72695038138 7.72852066754 7.69992905338 7.62822934725 7.64955767412 7.70937692382 7.86655718283 8.10461116987 8.13514825673 8.14687018508 8.09518101652 

0 5.48 0.04 7.71975336092 7.72382270332 7.72698561267 7.70364340781 7.58843051835 7.62067283477 7.73040789324 7.85752891092 8.09788887622 8.2291904904 8.19149407723 8.12402556498 
1 5.48 0.04 7.71975705285 7.7238246717 7.72698949595 7.70364871851 7.58843001275 7.62067443229 7.73040987478 7.85752927336 8.09789192966 8.22919313416 8.19149457779 8.12402901464 

0 5.52 0.04 7.71606964485 7.72036788324 7.72704819502 7.69828156339 7.57630276527 7.58976121783 7.70969025275 7.89327835917 8.07198088156 8.20357203292 8.23125237425 8.24419106354 
1 5.52 0.04 7.71607372666 7.72037216598 7.72705199779 7.69828692964 7.57630438618 7.58976007223 7.70969144322 7.89328147062 8.071983418 8.2035728547 8.23125355415 8.24419318582 

0 5.56 0.04 7.71249165626 7.71732272205 7.72349544774 7.69967136748 7.57048555428 7.51387856318 7.67408683031 7.86270212578 8.11840837791 8.17873081983 8.21799600546 8.21625370399 
1 5.56 0.04 7.71249584376 7.71732755982 7.72349770774 7.69967626964 7.57048637615 7.51387420947 7.67408693444 7.86270347639 8.11840880898 8.17872907643 8.2179965183 8.21625565081 

0 5.6 0.04 7.70938364186 7.71440106173 7.72223941089 7.72320250152 7.58275589919 7.51090861222 7.63192590636 7.81579390746 8.062624447 8.22440351854 8.2057478299 8.19134290583 
1 5.6 0.04 7.70938867603 7.71440602148 7.72224239665 7.72320599369 7.58275675689 7.5109028737 7.63192329351 7.81579625548 8.06262518946 8.22440539038 8.20574701429 8.19134335766 

0 5.64 0.04 7.70649941636 7.71166637883 7.72007674774 7.72779869189 7.65806502752 7.50974838621 7.60051047083 7.81460277889 8.08901585953 8.18257461804 8.24196529448 8.26804275014 
1 5.64 0.04 7.70650534696 7.71167006882 7.72007943127 7.72780257859 7.6580666115 7.50974556455 7.60050826369 7.81460389801 8.08901714273 8.1825744333 8.24196469945 8.26804275171 

0 5.68 0.04 7.70415439472 7.70976119635 7.71912938055 7.73516451081 7.68274298281 7.51676250822 7.5670502011 7.74671572472 8.0628447882 8.25700417064 8.21213225391 8.20928802574 
1 5.68 0.04 7.70415957997 7.70976515742 7.71913497925 7.73516758286 7.68274455044 7.51676079954 7.56704556015 7.74671571517 8.06284965959 8.25700420309 8.21213114825 8.20928727777 

0 5.72 0.04 7.70303824749 7.70828988281 7.71828514337 7.73534367589 7.71480855611 7.55094267949 7.49333599699 7.69857537969 7.89631641386 8.18016484427 8.32846866001 8.37135753735 
1 5.72 0.04 7.70304362003 7.70829532116 7.71829086574 7.7353474385 7.71480936396 7.55093813969 7.49333045738 7.69857433522 7.89631728489 8.18016526963 8.32847056371 8.37136027991 

0 5.76 0.04 7.70245216249 7.70806606162 7.71741807472 7.7355152035 7.74927705088 7.59383689151 7.50103058216 7.65075009832 7.83985477659 8.05987970404 8.2755668918 8.31350661448 
1 5.76 0.04 7.70245692415 7.70807234157 7.71742252727 7.73551949563 7.74927806012 7.59383470599 7.50102488788 7.65074571313 7.83985470802 8.05987995418 8.27556987758 8.31350950469 

0 5.8 0.04 7.70264148915 7.70886296519 7.71873688224 7.73587200372 7.76165671057 7.68066602924 7.51556493504 7.62374551855 7.84004403701 7.99043294006 8.23635451328 8.26080334908 
1 5.8 0.04 7.70264737876 7.70886952153 7.71874154392 7.73587747784 7.76165830941 7.68066372309 7.51555817775 7.62374007861 7.84004473451 7.99043156637 8.2363549524 8.26080658205 

0 5.84 0.04 7.70395361265 7.70993107061 7.72049633835 7.7381689514 7.76799991019 7.72651478855 7.53878313227 7.59658664167 7.78754467776 7.98834608217 8.22875684306 8.30535727787 
1 5.84 0.04 7.70396000565 7.70993569325 7.72050112686 7.73817475339 7.76800282603 7.72651262676 7.53877728069 7.59658081269 7.78754304021 7.98834850067 8.22875894823 8.3053589441 

0 5.88 0.04 7.70673812537 7.71389891236 7.72477946615 7.74430281914 7.77915881441 7.80328834369 7.63766574934 7.61084762176 7.80814984514 7.95305064969 8.16814611015 8.23002517746 
1 5.88 0.04 7.70674499811 7.71390365987 7.72478608697 7.74430919797 7.77916270566 7.80328832265 7.63765951243 7.6108416155 7.80814814326 7.95305216392 8.16814584425 8.23002734019 

0 5.92 0.04 7.70979083356 7.71853349649 7.73112649404 7.75096630635 7.79077696908 7.83872220344 7.76115573761 7.67187226194 7.80861124025 8.00187861016 8.09650262342 8.14346006841 
1 5.92 0.04 7.7097971873 7.7185385027 7.73113310218 7.75097058224 7.79078184437 7.83872338338 7.76115020689 7.67186465426 7.80860893365 8.00188056763 8.09649983381 8.14345994667 

0 5.96 0.04 7.71320208041 7.7218789708 7.73612320982 7.7573034155 7.79354111213 7.8632130216 7.82624139296 7.6598803794 7.78405929145 7.96381672073 8.13199068035 8.19650273737 
1 5.96 0.04 7.71320842862 7.72188554583 7.73613032183 7.75730831674 7.79354753854 7.86321504035 7.82623732415 7.65987043071 7.78405426342 7.96381644219 8.13199292277 8.19650758875 

0 6 0.04 7.71614146583 7.72577113235 7.73930461408 7.76081929968 7.79648037949 7.85639889857 7.88097830754 7.71853250588 7.7090536345 7.91887954041 8.0600693718 8.11522441192 
1 6 0.04 7.71614898148 7.7257771726 7.7393102048 7.76082452039 7.79648693044 7.8564017942 7.88097514816 7.71852195411 7.70904447206 7.9188760891 8.06006861083 8.11522583408 

0 6.04 0.04 7.71858104265 7.72943505771 7.74355171857 7.76307491997 7.79702923288 7.85546312653 7.90875957529 7.7764274317 7.71197755311 7.89189764023 7.95682124266 8.00091183965 
1 6.04 0.04 7.71858834068 7.72944149463 7.74355723152 7.76308217418 7.79703599992 7.85546705735 7.90875819972 7.77641746852 7.71196870366 7.8918912226 7.95681505797 8.00090905565 

0 6.08 0.04 7.72186411655 7.73226801116 7.74788529173 7.76757814545 7.79732288206 7.85392625493 7.92145923899 7.83842888618 7.7142594688 7.84892571354 8.0454983627 8.10758536978 
1 6.08 0.04 7.72187155085 7.7322752377 7.74789068901 7.76758554833 7.79732831358 7.8539312087 7.92145907264 7.83841915763 7.71424758945 7.84891689474 8.04549674421 8.10758672429 

0 6.12 0.04 7.7240277933 7.73645872318 7.75132544743 7.77160081327 7.80038567471 7.84609353051 7.93522987152 7.89136975215 7.68247963618 7.80275778582 7.9396027507 7.99367310217 
1 6.12 0.04 7.72403531441 7.73646649403 7.75133168212 7.77160842439 7.80039130383 7.84609970505 7.93523168599 7.89136102638 7.68246464269 7.80274631916 7.93959694624 7.99367020562 

0 6.16 0.04 7.72742087284 7.73861898034 7.75600624841 7.77476658762 7.80000620457 7.84495362682 7.91034431854 7.95219545154 7.74445412774 7.71335948976 7.95231215538 8.00789525668 
1 6.16 0.04 7.72742839003 7.7386264552 7.75601311864 7.77477249347 7.80001381242 7.84496039687 7.91034715373 7.95218785182 7.74443979245 7.71334438747 7.95230513038 8.00789213229 

0 6.2 0.04 7.73042242698 7.74290477373 7.75888037617 7.7794227804 7.80407035671 7.83938692293 7.9047940305 7.95430743518 7.81561877628 7.71948955656 7.85715784495 7.90755368463 
1 6.2 0.04 7.7304301392 7.74291244844 7.7588876837 7.77942868996 7.80407803746 7.83939225848 7.90479772487 7.95430440838 7.81560658025 7.71947300842 7.85714717184 7.90754619441 

0 6.24 0.04 7.73208571905 7.74675437623 7.76344920728 7.78184909071 7.80740588972 7.84050111622 7.88962916744 7.96830276112 7.86584032109 7.62202289076 7.72260129135 7.76483421414 
1 6.24 0.04 7.73209366072 7.74676215316 7.76345668316 7.7818556247 7.80741479978 7.84050607573 7.88963507942 7.96829937455 7.86582595459 7.62200342577 7.72258658984 7.76482228661 

0 6.28 0.04 7.73487534043 7.74823560229 7.7678528378 7.7865969901 7.8084938762 7.84145660252 7.88598665642 7.94859628244 7.93877992929 7.70022853342 7.68182236536 7.6764969891 
1 6.28 0.04 7.7348834434 7.74824342401 7.7678606347 7.78660393262 7.80850069009 7.84146200555 7.88599300295 7.94859772406 7.93876868713 7.70021126036 7.68180443544 7.67647997957 

0 6.32 0.04 7.73695952614 7.75179797421 7.7698771386 7.79082861454 7.81230745209 7.8389906425 7.88213380053 7.94109174941 7.96331776417 7.77918916951 7.60992382588 7.59632387621 
1 6.32 0.04 7.73696763627 7.75180574978 7.76988484936 7.79083590379 7.81231385672 7.83899956695 7.88214037391 7.94109541243 7.96330750469 7.77917156704 7.60990762454 7.59630438458 

0 6.36 0.04 7.73797647064 7.75215074447 7.77393828931 7.79305497483 7.81617513605 7.84143023736 7.87428027668 7.9358930657 7.98352699161 7.83017608571 7.51708920369 7.4919878044 
1 6.36 0.04 7.7379844971 7.75215875902 7.77394603364 7.79306223912 7.81618119908 7.84143934277 7.87428475767 7.93589873546 7.98351937657 7.83015681519 7.51707023154 7.49197317967 

0 6.4 0.04 7.74000721845 7.75587814552 7.77573245576 7.79778330376 7.81808409298 7.84063826603 7.87468304694 7.91552305813 8.01184406307 7.91427405886 7.54955287958 7.45819415641 
1 6.4 0.04 7.74001528986 7.75588620952 7.77574011248 7.79779068273 7.81809116129 7.84064478349 7.87468785511 7.91552898811 8.0118393716 7.9142570218 7.54953078745 7.45816801706 

0 6.44 0.04 7.74032409679 7.75936496546 7.78012128487 7.80041535163 7.82335027099 7.84518185718 7.87005257125 7.91327422732 7.9649474056 7.97915285807 7.54453213174 7.43882509173 
1 6.44 0.04 7.74033225457 7.75937295858 7.7801288226 7.80042271237 7.82335745576 7.84518786032 7.87006094191 7.9132803744 7.96494915926 7.97913789096 7.54451029869 7.43880358331 

0 6.48 0.04 7.74248217413 7.75958924391 7.78468488116 7.80575991072 7.82625121461 7.85090527825 7.8740468106 7.90086961821 7.96709776327 7.99754951216 7.70070871965 7.61251447671 
1 6.48 0.04 7.74249042432 7.75959712055 7.78469239064 7.80576726762 7.82625814656 7.85091096776 7.87405536411 7.90087373172 7.96710276076 7.99753948548 7.7006848944 7.61248670499 

0 6.52 0.04 7.7440113793 7.76334554137 7.78662133848 7.81161965039 7.83260193474 7.85301703758 7.88021282718 7.90410241691 7.93654729025 7.99754239095 7.69682752138 7.59469011014 
1 6.52 0.04 7.74401965292 7.76335333014 7.78662880726 7.81162685561 7.83260877414 7.85302374527 7.88022144927 7.90410655803 7.93655251929 7.99753607138 7.69680629473 7.59466754192 

0 6.56 0.04 7.74421568882 7.76280695264 7.79159959458 7.81493502089 7.83994091232 7.86041377184 7.87944042736 7.91203882478 7.94233288151 7.99423176338 7.71863668022 7.59748674147 
1 6.56 0.04 7.74422388986 7.76281478831 7.79160696272 7.8149419278 7.83994751691 7.86042051214 7.87944596863 7.91204353572 7.94233794832 7.99423294428 7.71862204774 7.59746939051 

0 6.6 0.04 7.74580983239 7.76702135466 7.79354635633 7.82154674657 7.84403959114 7.86420998077 7.88809605301 7.90354636857 7.94844492657 7.96140382012 7.82445896513 7.79710078128 
1 6.6 0.04 7.74581791663 7.76702902187 7.79355349115 7.82155343579 7.84404631162 7.86421599848 7.88810099652 7.90355391148 7.94844953977 7.96140528746 7.82444568339 7.79708236146 

0 6.64 0.04 7.74520957101 7.77096060033 7.79898252946 7.82533692889 7.8525197358 7.87309949108 7.88966549254 7.91500459141 7.93038063261 7.96541126338 7.76974604809 7.72373884652 
1 6.64 0.04 7.74521769771 7.77096819022 7.79898955375 7.82534365619 7.85252633131 7.87310541137 7.88967143268 7.91501193145 7.9303834833 7.96541346675 7.76973203092 7.72372265759 

0 6.68 0.04 7.74718935575 7.77056152047 7.80487337062 7.83264021793 7.85755072122 7.88381657573 7.90012630585 7.90954132238 7.94223254299 7.93278163526 7.84977137737 7.8643455945 
1 6.68 0.04 7.74719741407 7.77056900649 7.80488019245 7.83264676441 7.85755675469 7.88382219565 7.90013222569 7.909546023 7.94223575876 7.9327842131 7.84977009098 7.86434329668 

0 6.72 0.04 7.74618476854 7.77530271133 7.80718000012 7.84095107367 7.86715762485 7.88904737646 7.91446506281 7.92354256972 7.92731232209 7.84510526029 7.7545085157 7.7507138672 
1 6.72 0.04 7.74619265974 7.77531006341 7.80718688471 7.84095751913 7.86716347141 7.88905315305 7.91447075861 7.92354647899 7.92731852015 7.84510876144 7.75451212445 7.75071291369 

0 6.76 0.04 7.74908394826 7.77472376411 7.81407390651 7.8455973892 7.87362515632 7.90148505406 7.91699621476 7.94522218765 7.94240344756 7.91626229271 7.84170613541 7.86568132883 
1 6.76 0.04 7.74909175559 7.77473114186 7.81408084237 7.84560344134 7.87363086427 7.90149048656 7.91700087124 7.94522567996 7.94240973435 7.91626411154 7.84171011896 7.86568700668 

0 6.8 0.04 7.75071773757 7.78101732813 7.81724370181 7.85531327704 7.88480431821 7.90890201531 7.9334925896 7.93829742537 7.9325735327 7.82806488778 7.75022073766 7.75534364609 
1 6.8 0.04 7.75072553695 7.78102455442 7.81725030999 7.85531917926 7.88480987185 7.90890692009 7.93349679962 7.93830149808 7.93257719626 7.82806587931 7.75022588628 7.75534823537 

0 6.84 0.04 7.75003104758 7.78759678935 7.82573282203 7.86143485368 7.89795181649 7.92320378887 7.93899680674 7.96248750574 7.9486143658 7.91231206811 7.71508772519 7.69119002018 
1 6.84 0.04 7.7500387648 7.78760389678 7.82573935807 7.86144114324 7.89795732871 7.92320817938 7.93900105627 7.9624916452 7.94861684713 7.91231702478 7.71508895331 7.69119500727 

0 6.88 0.04 7.74572061805 7.79111286793 7.8355263582 7.87303835674 7.9062619482 7.94091356392 7.95760832219 7.95918904895 7.92418829318 7.82490880014 7.78102719719 7.79810410602 
1 6.88 0.04 7.74572839734 7.79112009381 7.83553278977 7.87304458232 7.90626700448 7.94091783679 7.95761203601 7.95919209129 7.92419010851 7.82491149199 7.78103306966 7.79810974078 

0 6.92 0.04 7.73611287629 7.7942943903 7.84092775921 7.88102909959 7.92140510765 7.94936442795 7.96610281883 7.98475989871 7.95736011778 7.73275330023 7.75191808379 7.73456325633 
1 6.92 0.04 7.73612071908 7.7943015641 7.84093415158 7.88103491749 7.92141006395 7.94936907402 7.96610607502 7.98476222057 7.95736216388 7.73275653735 7.75192552245 7.73457145306 

0 6.96 0.04 7.71949380886 7.79182218784 7.85322579361 7.89489543587 7.93208809071 7.9692751668 7.98688647021 7.98600932478 7.92073745889 7.83304713918 7.84196571064 7.87153741972 
1 6.96 0.04 7.71950179342 7.79182934184 7.85323207068 7.89490103647 7.93209336086 7.96927968082 7.9868894608 7.98601151803 7.92074042339 7.83304859197 7.84197146713 7.87154433041 

0 7 0.04 7.69395564911 7.78188419902 7.86981543901 7.91083643257 7.94969564449 7.980902729 8.01458766508 8.01247954368 7.97001961464 7.75561029632 7.82416066475 7.81326294079 
1 7 0.04 7.69396400573 7.78189147815 7.86982163777 7.91084180198 7.94970081493 7.98090662803 8.01459054103 8.01248196994 7.97002198599 7.75561332618 7.82416569078 7.8132704048 

0 7.04 0.04 7.65774854763 7.76272136155 7.86769797992 7.92199963349 7.96301380498 8.00305187746 8.02222440047 8.02801116103 7.91679947653 7.86642243565 7.94148412817 7.98624260228 
1 7.04 0.04 7.6577573965 7.76272888421 7.86770419039 7.92200494003 7.96301848181 8.00305566135 8.02222766682 8.02801245722 7.9168010104 7.8664265092 7.94148888311 7.98625032433 

0 7.08 0.04 7.60943017909 7.73287231685 7.85631987514 7.94113105981 7.98317745755 8.0176636488 8.05170231326 8.04280130125 7.98353426831 7.81398446583 7.93356091343 7.93155089281 
1 7.08 0.04 7.60943963263 7.73288021199 7.85632625044 7.94113625701 7.98318181517 8.01766778601 8.05170555318 8.04280271015 7.98353582113 7.81398879832 7.9335650135 7.93155522643 

0 7.12 0.04 7.54763583033 7.69093879119 7.834249359 7.97754013314 8.0063144865 8.0421620977 8.06342177468 8.04162858145 7.91589811576 7.92657282461 7.99888907904 7.94495843021 
1 7.12 0.04 7.54764610143 7.69094722242 7.83425597597 7.97754493331 8.0063182506 8.04216621949 8.06342454997 8.04163015957 7.91589943097 7.92657702526 7.99889124506 7.94496596275 

0 7.16 0.04 7.47130658212 7.63565160263 7.8000076007 7.96434176821 8.02282265226 8.07131524621 8.09298252915 8.07514192017 7.77830346881 7.90910040855 8.08616765781 8.096396557 
1 7.16 0.04 7.47131747391 7.63566060057 7.80001465475 7.96434688962 8.02282709791 8.07131852493 8.09298469238 8.07514463818 7.77830473754 7.9091016691 8.08617210209 8.0964029722 

0 7.2 0.04 7.38004349858 7.56635132291 7.75267421347 7.93897465879 8.04957772859 8.08646227689 8.10954768916 8.04972888484 7.93700196253 8.03304442318 8.15670276482 8.1069872951 
1 7.2 0.04 7.38005550562 7.56636113227 7.75268181754 7.93898006875 8.04958181797 8.08646607521 8.10954967079 8.04973162666 7.93700516959 8.03304860225 8.15670853314 8.10699499932 

0 7.24 0.04 7.27378614647 7.48262066604 7.69147276005 7.90030220663 8.10913062916 8.11783429255 8.13671404317 8.11070861906 7.83091263353 8.05835951658 8.26256634931 8.27737293096 
1 7.24 0.04 7.2737995402 7.48263155792 7.69148111803 7.90030804099 8.10913393258 8.11783792356 8.13671620933 8.11071059647 7.83091555229 8.05836278761 8.26257052436 8.27737982287 

0 7.28 0.04 7.15262109228 7.38423579766 7.61587320256 7.84748650778 8.07909932872 8.1376070918 8.14424884495 8.06649189868 8.0164504472 8.18148398531 8.34351073444 8.2916169378 
1 7.28 0.04 7.15263601104 7.38424791049 7.61588251078 7.84749300626 8.07910301303 8.13761003518 8.14425167611 8.06649378208 8.01645490309 8.18148674658 8.34351387471 8.29162137593 

0 7.32 0.04 7.01697991911 7.27165982434 7.52636623076 7.78104702966 8.03573052099 8.17274338731 8.1849839768 8.16793031846 7.97740314424 8.27572204715 8.47298198543 8.48402239228 
1 7.32 0.04 7.01699612788 7.27167302236 7.526376422 7.78105420948 8.03573469331 8.17274591227 8.18498644205 8.1679324803 7.97740709187 8.27572438996 8.47298648203 8.4840271318 

0 7.36 0.04 6.86128420978 7.14076883654 7.42028396288 7.69977447541 7.97926789365 8.25882878582 8.17590148018 8.13905657489 8.21590592127 8.43163581224 8.56512167074 8.50673752206 
1 7.36 0.04 6.86130131939 7.140782791 7.42029479034 7.69978219306 7.9792724697 8.2588302274 8.17590376495 8.13905897034 8.21590885876 8.43163982634 8.56512709097 8.50674209355 

0 7.4 0.04 6.637661103 6.95211052644 7.26659677077 7.58105315274 7.89551230887 8.21004734628 8.2561239384 8.08741245156 8.26821439808 8.57575446157 8.70377428652 8.70391139772 
1 7.4 0.04 6.63767912312 6.95212536332 7.26660832735 7.58106148675 7.89551730433 8.21004914744 8.2561255073 8.08741490964 8.2682168303 8.57575784119 8.70377994543 8.70391660497 

0 7.44 0.04 6.21595914328 6.59668881374 6.97746178209 7.35819777273 7.73893337851 8.1197540703 8.25213482628 8.32368747539 8.56767465927 8.75853346881 8.80707437034 8.73773145622 
1 7.44 0.04 6.2159785971 6.59670496486 6.97747442618 7.35820711059 7.73893926783 8.11975635909 8.25213621378 8.32368920257 8.56767566388 8.75853599321 8.80707828757 8.73773742838 

0 7.48 0.04 5.41912366132 5.92484245006 6.43061567675 6.93634113788 7.44206958871 7.94791311095 8.45357416168 8.35368819257 8.68787771414 8.96373649134 8.97816631507 8.85755636881 
1 7.48 0.04 5.4191456734 5.92486070782 6.43063028304 6.93635185313 7.44207677116 7.94791659844 8.45357374649 8.35368990751 8.68787784109 8.96373802938 8.97816870554 8.85756208145 

0 7.52 0.04 4.19726932812 4.89033148073 5.5834852393 6.27659084999 6.96971535257 7.66302018279 8.35609732195 8.62381954848 8.99373669267 9.14316775347 9.08867724941 9.01204054448 
1 7.52 0.04 4.19729570988 4.89035352376 5.58350298595 6.27660422761 6.96972443161 7.66302488061 8.35609774261 8.6238202498 8.99373624353 9.14316763831 9.0886806014 9.01204620383 

0 7.56 0.04 2.68688138632 3.6020693974 4.51741950123 5.4327508266 6.34815082541 7.26382609083 8.17924808967 8.68790624371 9.09889140349 9.38220185534 9.26077743669 9.13624026903 
1 7.56 0.04 2.68691274535 3.60209575517 4.51744105046 5.43276678829 6.34816172768 7.26383295477 8.17924914884 8.68790675031 9.0988915823 9.38220016954 9.26078037262 9.13624671635 

0 7.6 0.04 1.10537872022 2.23768757265 3.370250597 4.5028394038 5.63556922768 6.76870016305 7.90156643191 9.03485793371 9.2079518929 9.51123232197 9.40865183882 9.33196493426 
1 7.6 0.04 1.10541242756 2.23771796425 3.37027448145 4.50285696217 5.63558239691 6.76870805753 7.90156880821 9.0348553262 9.207950405 9.51122929299 9.40865380781 9.33196827027 

0 7.64 0.04 -0.389112582932 0.928480465027 2.24640623372 3.56441156382 4.8826254893 6.20135192152 7.51983052925 8.83885683807 9.37859047379 9.70524730095 9.56730052522 9.44726865203 
1 7.64 0.04 -0.389076773399 0.928513191515 2.24643082586 3.564433268 4.88264021258 6.20135926777 7.51983486835 8.8388539169 9.3785878081 9.70524499418 9.56729900001 9.44726965227 

0 7.68 0.04 -1.73256076192 -0.269613560625 1.19372547779 2.65717756179 4.12088669737 5.58519214112 7.04925898325 8.51397006695 9.41344908286 9.74938084704 9.73395644871 9.68590708619 
1 7.68 0.04 -1.73252524441 -0.26958264421 1.19375114928 2.65719991006 4.1209028722 5.5852015628 7.04926386733 8.51396769278 9.41344557949 9.74937790936 9.73395433585 9.68590493846 

0 7.72 0.04 -2.93402672856 -1.36080466319 0.212851685112 1.78662663193 3.36068789018 4.93539061061 6.50985070283 8.08501994203 9.66035541247 9.85778207947 9.84247525577 9.75592344407 
1 7.72 0.04 -2.93398848475 -1.36077493511 0.212879333318 1.78664668802 3.36070203881 4.9354012689 6.50985676288 8.08501742824 9.66034929701 9.85778071945 9.8424716143 9.75592104693 

0 7.76 0.04 -4.00346719365 -2.34953859829 -0.695174848439 0.959298874788 2.61406039014 4.26949653311 5.92465401644 7.58055130921 9.23661801797 9.8431965627 9.96233647201 9.96437259941 
1 7.76 0.04 -4.00343403988 -2.34950653887 -0.695152093376 0.959318507862 2.61407652876 4.26950457322 5.92465826943 7.58055275591 9.2366126479 9.84319110894 9.96233444009 9.96437119297 

0 7.8 0.04 -4.95429098174 -3.24299610631 -1.53128422427 0.180527122958 1.89260446876 3.6053487831 5.31778521885 7.03095279975 8.74427374055 9.86236439083 9.99733112258 9.96345385221 
1 7.8 0.04 -4.95426305738 -3.24297278919 -1.53125542058 0.180541613892 1.89261470872 3.60535517122 5.31778880658 7.0309522352 8.74427344006 9.86235728846 9.99732737872 9.96345166829 

0 7.84 0.04 -5.78044714324 -4.03210893291 -2.28338054432 -0.534586352893 1.21444513308 2.96412370994 4.71345132734 6.46348639644 8.21363090381 9.96425933752 10.0541341679 10.0830060519 
1 7.84 0.04 -5.780423254 -4.03209097921 -2.28335969624 -0.534574541629 1.21445535746 2.96412856313 4.71345318033 6.4634833646 8.21362564727 9.96425054475 10.0541297363 10.0830029388 

0 7.88 0.04 -6.37554829719 -4.61905051891 -2.86219766918 -1.10532832149 0.651738286549 2.40941454403 4.16669568297 5.92463503612 7.68264391222 9.44108132258 10.0555081028 10.0478652184 
1 7.88 0.04 -6.37553405879 -4.61903847397 -2.86218683295 -1.10532052813 0.651743191795 2.40941811314 4.16669503966 5.92463232626 7.68263730244 9.44107442644 10.0555019713 10.0478602789 

0 7.92 0.04 -6.5604646842 -4.84037840512 -3.12000062668 -1.39964909628 0.320850263316 2.04189701924 3.76251278172 5.48372009162 7.20494262699 8.92656030935 10.6488564085 11.1196940184 
1 7.92 0.04 -6.56046122375 -4.84037771136 -3.12000045395 -1.39965009189 0.320848531248 2.04189393657 3.76250700208 5.48372053272 7.20493560968 8.92655224032 10.648846104 11.119683489 

0 7.96 0.04 -6.57270185931 -4.90891117098 -3.24488175459 -1.5809384471 0.0831088243164 1.74764305619 3.41170523535 5.07629983324 6.74085082464 8.40574683246 10.0712845319 10.5266169467 
1 7.96 0.04 -6.57270778188 -4.90891752379 -3.24488877858 -1.5809457415 0.0831009103622 1.74763385094 3.41169691265 5.07629058817 6.74084169908 8.40573650928 10.071273548 10.5266061236 

0 8 0.04 0 0 0 0 0 0 0 0 0 0 0 0 
1 8 0.04 0 0 0 0 0 0 0 0 0 0 0 0 

0 8.04 0.04 0 0 0 0 0 0 0 0 0 0 0 0 
1 8.04 0.04 0 0 0 0 0 0 0 0 0 0 0 0 

0 8.08 0.04 0 0 0 0 0 0 0 0 0 0 0 0 
1 8.08 0.04 0 0 0 0 0 0 0 0 0 0 0 0 

0 8.12 0.04 0 0 0 0 0 0 0 0 0 0 0 0 
1 8.12 0.04 0 0 0 0 0 0 0 0 0 0 0 0 

0 8.16 0.04 0 0 0 0 0 0 0 0 0 0 0 0 
1 8.16 0.04 0 0 0 0 0 0 0 0 0 0 0 0 

0 8.2 0.04 0 0 0 0 0 0 0 0 0 0 0 0 
1 8.2 0.04 0 0 0 0 0 0 0 0 0 0 0 0 

0 8.24 0.04 0 0 0 0 0 0 0 0 0 0 0 0 
1 8.24 0.04 0 0 0 0 0 0 0 0 0 0 0 0 

0 8.28 0.04 0 0 0 0 0 0 0 0 0 0 0 0 
1 8.28 0.04 0 0 0 0 0 0 0 0 0 0 0 0 

0 8.32 0.04 0 0 0 0 0 0 0 0 0 0 0 0 
1 8.32 0.04 0 0 0 0 0 0 0 0 0 0 0 0 

0 8.36 0.04 0 0 0 0 0 0 0 0 0 0 0 0 
1 8.36 0.04 0 0 0 0 0 0 0 0 0 0 0 0 

0 8.4 0.04 0 0 0 0 0 0 0 0 0 0 0 0 
1 8.4 0.04 0 0 0 0 0 0 0 0 0 0 0 0 

0 8.44 0.04 0 0 0 0 0 0 0 0 0 0 0 0 
1 8.44 0.04 0 0 0 0 0 0 0 0 0 0 0 0 

0 8.48 0.04 0 0 0 0 0 0 0 0 0 0 0 0 
1 8.48 0.04 0 0 0 0 0 0 0 0 0 0 0 0 

0 8.52 0.04 0 0 0 0 0 0 0 0 0 0 0 0 
1 8.52 0.04 0 0 0 0 0 0 0 0 0 0 0 0 

0 8.56 0.04 0 0 0 0 0 0 0 0 0 0 0 0 
1 8.56 0.04 0 0 0 0 0 0 0 0 0 0 0 0 

0 8.6 0.04 0 0 0 0 0 0 0 0 0 0 0 0 
1 8.6 0.04 0 0 0 0 0 0 0 0 0 0 0 0 

