#Turbine    Time(s)    dt(s)    tower axial force (N)
0 0 0.04 0
1 0 0.04 0

0 0.04 0.04 16848.7879094
1 0.04 0.04 16848.7879094

0 0.08 0.04 16835.4368673
1 0.08 0.04 16835.4382504

0 0.12 0.04 16810.583858
1 0.12 0.04 16810.5852038

0 0.16 0.04 16791.19654
1 0.16 0.04 16791.1984466

0 0.2 0.04 16769.2928945
1 0.2 0.04 16769.2951375

0 0.24 0.04 16747.6747744
1 0.24 0.04 16747.6782138

0 0.28 0.04 16725.827002
1 0.28 0.04 16725.8291704

0 0.32 0.04 16703.2464793
1 0.32 0.04 16703.2493581

0 0.36 0.04 16680.6511749
1 0.36 0.04 16680.6532311

0 0.4 0.04 16656.2474049
1 0.4 0.04 16656.2484141

0 0.44 0.04 16631.7678987
1 0.44 0.04 16631.7699918

0 0.48 0.04 16605.6769204
1 0.48 0.04 16605.6777052

0 0.52 0.04 16577.5326257
1 0.52 0.04 16577.5338961

0 0.56 0.04 16550.665704
1 0.56 0.04 16550.666675

0 0.6 0.04 16523.8923129
1 0.6 0.04 16523.8905911

0 0.64 0.04 16498.978748
1 0.64 0.04 16498.9747049

0 0.68 0.04 16468.3129935
1 0.68 0.04 16468.3090232

0 0.72 0.04 16435.2959619
1 0.72 0.04 16435.2906798

0 0.76 0.04 16397.6705537
1 0.76 0.04 16397.666089

0 0.8 0.04 16355.5929597
1 0.8 0.04 16355.5880803

0 0.84 0.04 16304.0063183
1 0.84 0.04 16304.0012456

0 0.88 0.04 16234.5071327
1 0.88 0.04 16234.5041462

0 0.92 0.04 16134.799211
1 0.92 0.04 16134.7938215

0 0.96 0.04 15986.378276
1 0.96 0.04 15986.3536077

0 1 0.04 15771.7810812
1 1 0.04 15771.7758468

0 1.04 0.04 15478.3571612
1 1.04 0.04 15478.352913

0 1.08 0.04 15103.1968498
1 1.08 0.04 15103.187433

0 1.12 0.04 14681.9917939
1 1.12 0.04 14681.9853471

0 1.16 0.04 14273.3448917
1 1.16 0.04 14273.3344117

0 1.2 0.04 13922.6357075
1 1.2 0.04 13922.6239872

0 1.24 0.04 13628.7599672
1 1.24 0.04 13628.7426217

0 1.28 0.04 13405.2851163
1 1.28 0.04 13405.2594498

0 1.32 0.04 13245.9729234
1 1.32 0.04 13245.9359844

0 1.36 0.04 13107.9898457
1 1.36 0.04 13107.9420014

0 1.4 0.04 12995.9227627
1 1.4 0.04 12995.8672366

0 1.44 0.04 12909.7782438
1 1.44 0.04 12909.7145954

0 1.48 0.04 12823.2674177
1 1.48 0.04 12823.2093469

0 1.52 0.04 12738.8027225
1 1.52 0.04 12738.7501562

0 1.56 0.04 12665.6314552
1 1.56 0.04 12665.5804525

0 1.6 0.04 12587.4062238
1 1.6 0.04 12587.3418443

0 1.64 0.04 12508.1293968
1 1.64 0.04 12508.0540629

0 1.68 0.04 12440.7092398
1 1.68 0.04 12440.6268258

0 1.72 0.04 12360.8444722
1 1.72 0.04 12360.7654721

0 1.76 0.04 12284.8332206
1 1.76 0.04 12284.7518671

0 1.8 0.04 12210.1531097
1 1.8 0.04 12210.0740261

0 1.84 0.04 12116.7933585
1 1.84 0.04 12116.6931799

0 1.88 0.04 12048.9517817
1 1.88 0.04 12048.8421411

0 1.92 0.04 11949.3822024
1 1.92 0.04 11949.2843178

0 1.96 0.04 11870.4254048
1 1.96 0.04 11870.3273601

0 2 0.04 11778.1034239
1 2 0.04 11778.0035538

0 2.04 0.04 11692.397814
1 2.04 0.04 11692.2921862

0 2.08 0.04 11606.5501445
1 2.08 0.04 11606.4336846

0 2.12 0.04 11511.0272358
1 2.12 0.04 11510.9070259

0 2.16 0.04 11428.8149672
1 2.16 0.04 11428.6931773

0 2.2 0.04 11328.0007253
1 2.2 0.04 11327.8901759

0 2.24 0.04 11232.622304
1 2.24 0.04 11232.5260744

0 2.28 0.04 11116.1382756
1 2.28 0.04 11116.0128875

0 2.32 0.04 11006.6505972
1 2.32 0.04 11006.5115759

0 2.36 0.04 10884.6504306
1 2.36 0.04 10884.5400174

0 2.4 0.04 10759.5261704
1 2.4 0.04 10759.4114694

0 2.44 0.04 10640.7272005
1 2.44 0.04 10640.6098826

0 2.48 0.04 10520.243598
1 2.48 0.04 10520.12759

0 2.52 0.04 10390.8506044
1 2.52 0.04 10390.7424054

0 2.56 0.04 10266.2428484
1 2.56 0.04 10266.1516806

0 2.6 0.04 10141.807752
1 2.6 0.04 10141.7179103

0 2.64 0.04 9986.59682639
1 2.64 0.04 9986.49099745

0 2.68 0.04 9835.57588491
1 2.68 0.04 9835.48432098

0 2.72 0.04 9684.11798043
1 2.72 0.04 9684.03017079

0 2.76 0.04 9528.20582635
1 2.76 0.04 9528.10920769

0 2.8 0.04 9374.70902191
1 2.8 0.04 9374.6103663

0 2.84 0.04 9225.82797271
1 2.84 0.04 9225.73912144

0 2.88 0.04 9072.33157149
1 2.88 0.04 9072.25427945

0 2.92 0.04 8924.7061709
1 2.92 0.04 8924.63550145

0 2.96 0.04 8766.99816004
1 2.96 0.04 8766.9218287

0 3 0.04 8608.52078683
1 3 0.04 8608.44750155

0 3.04 0.04 8449.50731124
1 3.04 0.04 8449.43877791

0 3.08 0.04 8291.07013811
1 3.08 0.04 8291.00332335

0 3.12 0.04 8124.92029124
1 3.12 0.04 8124.85840668

0 3.16 0.04 7941.77066925
1 3.16 0.04 7941.71626861

0 3.2 0.04 7747.16982659
1 3.2 0.04 7747.12295217

0 3.24 0.04 7517.86273256
1 3.24 0.04 7517.81471252

0 3.28 0.04 7262.16247647
1 3.28 0.04 7262.11366831

0 3.32 0.04 6987.67005028
1 3.32 0.04 6987.62462166

0 3.36 0.04 6723.00938085
1 3.36 0.04 6722.96704325

0 3.4 0.04 6456.97077961
1 3.4 0.04 6456.93297386

0 3.44 0.04 6247.78927155
1 3.44 0.04 6247.75716814

0 3.48 0.04 6051.99276194
1 3.48 0.04 6051.95641575

0 3.52 0.04 5854.31617002
1 3.52 0.04 5854.28190937

0 3.56 0.04 5656.61566971
1 3.56 0.04 5656.57760516

0 3.6 0.04 5464.62633933
1 3.6 0.04 5464.59674423

0 3.64 0.04 5287.32603054
1 3.64 0.04 5287.2949172

0 3.68 0.04 5076.54825877
1 3.68 0.04 5076.52408714

0 3.72 0.04 4908.51969019
1 3.72 0.04 4908.49601555

0 3.76 0.04 4702.82237204
1 3.76 0.04 4702.79703107

0 3.8 0.04 4487.38073248
1 3.8 0.04 4487.35679495

0 3.84 0.04 4260.12488372
1 3.84 0.04 4260.10200514

0 3.88 0.04 3997.99009642
1 3.88 0.04 3997.96535659

0 3.92 0.04 3768.01245043
1 3.92 0.04 3767.99054593

0 3.96 0.04 3570.80377611
1 3.96 0.04 3570.78133873

0 4 0.04 3364.3607247
1 4 0.04 3364.33789664

0 4.04 0.04 3174.95846021
1 4.04 0.04 3174.93654439

0 4.08 0.04 2977.27000306
1 4.08 0.04 2977.2508993

0 4.12 0.04 2784.45452796
1 4.12 0.04 2784.43910923

0 4.16 0.04 2615.58254201
1 4.16 0.04 2615.57024709

0 4.2 0.04 2451.68069386
1 4.2 0.04 2451.66880637

0 4.24 0.04 2300.01335751
1 4.24 0.04 2300.00334364

0 4.28 0.04 2149.36033428
1 4.28 0.04 2149.35422564

0 4.32 0.04 1994.94904708
1 4.32 0.04 1994.94743455

0 4.36 0.04 1855.91043965
1 4.36 0.04 1855.91062511

0 4.4 0.04 1713.79301879
1 4.4 0.04 1713.79199207

0 4.44 0.04 1569.64897462
1 4.44 0.04 1569.64652723

0 4.48 0.04 1422.58586372
1 4.48 0.04 1422.58398681

0 4.52 0.04 1272.20969418
1 4.52 0.04 1272.20866254

0 4.56 0.04 1134.58569729
1 4.56 0.04 1134.58471815

0 4.6 0.04 1002.4550335
1 4.6 0.04 1002.45342157

0 4.64 0.04 880.340908086
1 4.64 0.04 880.339962517

0 4.68 0.04 764.154226956
1 4.68 0.04 764.15335252

0 4.72 0.04 664.252285045
1 4.72 0.04 664.251664722

0 4.76 0.04 573.967672923
1 4.76 0.04 573.967938705

0 4.8 0.04 487.88567834
1 4.8 0.04 487.885586457

0 4.84 0.04 406.351580266
1 4.84 0.04 406.352206382

0 4.88 0.04 304.305371778
1 4.88 0.04 304.307207734

0 4.92 0.04 208.770197435
1 4.92 0.04 208.774020787

0 4.96 0.04 121.952432348
1 4.96 0.04 121.956426518

0 5 0.04 34.0337521554
1 5 0.04 34.0380352387

0 5.04 0.04 -83.6236990367
1 5.04 0.04 -83.6170130928

0 5.08 0.04 -165.088693106
1 5.08 0.04 -165.080801198

0 5.12 0.04 -254.026890067
1 5.12 0.04 -254.017332517

0 5.16 0.04 -329.766872606
1 5.16 0.04 -329.75669163

0 5.2 0.04 -388.933600909
1 5.2 0.04 -388.92249061

0 5.24 0.04 -461.582724656
1 5.24 0.04 -461.570376669

0 5.28 0.04 -514.739679442
1 5.28 0.04 -514.726780964

0 5.32 0.04 -582.48285558
1 5.32 0.04 -582.469740928

0 5.36 0.04 -657.519458496
1 5.36 0.04 -657.505370099

0 5.4 0.04 -744.041292661
1 5.4 0.04 -744.026509661

0 5.44 0.04 -854.701001517
1 5.44 0.04 -854.685583554

0 5.48 0.04 -982.384672321
1 5.48 0.04 -982.36788102

0 5.52 0.04 -1138.94298695
1 5.52 0.04 -1138.92427935

0 5.56 0.04 -1332.34083871
1 5.56 0.04 -1332.32166555

0 5.6 0.04 -1543.43861094
1 5.6 0.04 -1543.41729822

0 5.64 0.04 -1755.87361184
1 5.64 0.04 -1755.8504802

0 5.68 0.04 -2012.86534317
1 5.68 0.04 -2012.8400257

0 5.72 0.04 -2318.31009763
1 5.72 0.04 -2318.28317117

0 5.76 0.04 -2654.79450976
1 5.76 0.04 -2654.76522024

0 5.8 0.04 -2999.36806953
1 5.8 0.04 -2999.33701475

0 5.84 0.04 -3368.52125732
1 5.84 0.04 -3368.48774444

0 5.88 0.04 -3749.39797962
1 5.88 0.04 -3749.36189185

0 5.92 0.04 -4144.74820633
1 5.92 0.04 -4144.70969593

0 5.96 0.04 -4604.29053353
1 5.96 0.04 -4604.24852647

0 6 0.04 -5125.85895142
1 6 0.04 -5125.81584757

0 6.04 0.04 -5671.23675117
1 6.04 0.04 -5671.18954876

0 6.08 0.04 -6221.96072172
1 6.08 0.04 -6221.90928149

0 6.12 0.04 -6872.1453859
1 6.12 0.04 -6872.09054322

0 6.16 0.04 -7521.63958046
1 6.16 0.04 -7521.57926688

0 6.2 0.04 -8219.62684614
1 6.2 0.04 -8219.56018968

0 6.24 0.04 -9009.26355728
1 6.24 0.04 -9009.19191329

0 6.28 0.04 -9756.24929272
1 6.28 0.04 -9756.16871263

0 6.32 0.04 -10561.0009394
1 6.32 0.04 -10560.9088785

0 6.36 0.04 -11420.8028359
1 6.36 0.04 -11420.7030855

0 6.4 0.04 -12276.3144639
1 6.4 0.04 -12276.2038024

0 6.44 0.04 -13198.5221636
1 6.44 0.04 -13198.3971764

0 6.48 0.04 -14095.1025516
1 6.48 0.04 -14094.9650026

0 6.52 0.04 -15092.7989658
1 6.52 0.04 -15092.6464657

0 6.56 0.04 -16093.7476801
1 6.56 0.04 -16093.5783877

0 6.6 0.04 -17106.6234795
1 6.6 0.04 -17106.4393529

0 6.64 0.04 -18186.968407
1 6.64 0.04 -18186.7700301

0 6.68 0.04 -19252.662369
1 6.68 0.04 -19252.4452551

0 6.72 0.04 -20437.9786946
1 6.72 0.04 -20437.7446244

0 6.76 0.04 -21481.1887802
1 6.76 0.04 -21480.9397277

0 6.8 0.04 -22713.797886
1 6.8 0.04 -22713.5342771

0 6.84 0.04 -23831.007849
1 6.84 0.04 -23830.7277621

0 6.88 0.04 -25040.2413265
1 6.88 0.04 -25039.9458749

0 6.92 0.04 -26283.4740314
1 6.92 0.04 -26283.163426

0 6.96 0.04 -27423.7398827
1 6.96 0.04 -27423.414119

0 7 0.04 -28675.1541616
1 7 0.04 -28674.8155567

0 7.04 0.04 -29868.8110518
1 7.04 0.04 -29868.4577403

0 7.08 0.04 -31175.4572739
1 7.08 0.04 -31175.0871289

0 7.12 0.04 -32484.9565906
1 7.12 0.04 -32484.5722195

0 7.16 0.04 -33941.2546575
1 7.16 0.04 -33940.856035

0 7.2 0.04 -35276.7308408
1 7.2 0.04 -35276.3142829

0 7.24 0.04 -36788.454337
1 7.24 0.04 -36788.0223832

0 7.28 0.04 -38318.1863678
1 7.28 0.04 -38317.7376194

0 7.32 0.04 -39940.694821
1 7.32 0.04 -39940.2289983

0 7.36 0.04 -41580.7390109
1 7.36 0.04 -41580.2546856

0 7.4 0.04 -43557.7630855
1 7.4 0.04 -43557.2603374

0 7.44 0.04 -45785.900662
1 7.44 0.04 -45785.3764095

0 7.48 0.04 -49097.7803069
1 7.48 0.04 -49097.2231755

0 7.52 0.04 -53743.6981381
1 7.52 0.04 -53743.0938425

0 7.56 0.04 -59991.7707636
1 7.56 0.04 -59991.1080056

0 7.6 0.04 -67128.4661443
1 7.6 0.04 -67127.7418761

0 7.64 0.04 -75194.3281529
1 7.64 0.04 -75193.5388548

0 7.68 0.04 -83879.1425644
1 7.68 0.04 -83878.2932895

0 7.72 0.04 -92814.4938184
1 7.72 0.04 -92813.5863093

0 7.76 0.04 -102533.457617
1 7.76 0.04 -102532.491487

0 7.8 0.04 -112506.655309
1 7.8 0.04 -112505.646634

0 7.84 0.04 -122403.466298
1 7.84 0.04 -122402.427474

0 7.88 0.04 -132368.160051
1 7.88 0.04 -132367.101412

0 7.92 0.04 -140812.649426
1 7.92 0.04 -140811.607574

0 7.96 0.04 -150183.481392
1 7.96 0.04 -150182.433592

0 8 0.04 -164075.754061
1 8 0.04 -164074.585955

0 8.04 0.04 -168066.72803
1 8.04 0.04 -168065.520035

0 8.08 0.04 -172121.17151
1 8.08 0.04 -172119.917599

0 8.12 0.04 -176237.059505
1 8.12 0.04 -176235.758279

0 8.16 0.04 -180410.236498
1 8.16 0.04 -180408.885353

0 8.2 0.04 -184634.909729
1 8.2 0.04 -184633.508417

0 8.24 0.04 -188903.178975
1 8.24 0.04 -188901.730367

0 8.28 0.04 -193205.370679
1 8.28 0.04 -193203.868242

0 8.32 0.04 -197529.213298
1 8.32 0.04 -197527.656297

0 8.36 0.04 -201860.128486
1 8.36 0.04 -201858.519815

0 8.4 0.04 -206183.288861
1 8.4 0.04 -206181.625172

0 8.44 0.04 -210485.207455
1 8.44 0.04 -210483.486024

0 8.48 0.04 -214754.212442
1 8.48 0.04 -214752.438223

0 8.52 0.04 -218981.055851
1 8.52 0.04 -218979.227157

0 8.56 0.04 -223158.562399
1 8.56 0.04 -223156.685123

0 8.6 0.04 -227280.989775
1 8.6 0.04 -227279.052057

