#Turbine    Time(s)    dt(s)    Vvertical (m/s)
0 0 0.04 0 0 0 0 0 0 0 0 0 0 0 0 
1 0 0.04 0 0 0 0 0 0 0 0 0 0 0 0 

0 0.04 0.04 0 0 0 0 0 0 0 0 0 0 0 0 
1 0.04 0.04 0 0 0 0 0 0 0 0 0 0 0 0 

0 0.08 0.04 6.77205226109e-05 0.000417338211408 0.000831118819269 0.00120695746521 0.00165191631637 0.00223043529193 0.00302391995064 0.00409647791614 0.00547181482699 0.00528277824814 -0.00216181214765 -0.00309305463299 
1 0.08 0.04 6.79883874274e-05 0.000418185077952 0.000831203801772 0.00120713219809 0.00165209998332 0.00223070942543 0.00302404781497 0.00409665406989 0.00547201894362 0.00528286515486 -0.0021618845595 -0.00309308217192 

0 0.12 0.04 -2.72039352328e-05 0.000674226887051 0.00150877848196 0.00220695387851 0.0029783681572 0.0039004033804 0.00500446839532 0.00616613938576 0.00709421156647 0.00589751592464 -0.00259456558011 -0.0037589980384 
1 0.12 0.04 -2.66768484475e-05 0.000675936620297 0.00150898760122 0.00220730632536 0.0029787287986 0.00390084532857 0.00500473429836 0.00616645577889 0.00709450461163 0.00589750128956 -0.00259460569892 -0.00375889555681 

0 0.16 0.04 -0.000292802348222 0.000858808305307 0.00219721156088 0.00327502542098 0.00444920265786 0.00585060693717 0.00753579919992 0.00932281299454 0.0107577867434 0.00851509654923 -0.00431977184368 -0.00584647685495 
1 0.16 0.04 -0.00029205656595 0.000859048311658 0.00219754517163 0.0032755665947 0.00444974137544 0.00585122330493 0.007536224621 0.00932327949089 0.0107582892027 0.00851509140426 -0.004320133663 -0.00584629370501 

0 0.2 0.04 -0.000715456861195 0.000950739831846 0.00287699152464 0.00437836379033 0.00599106073025 0.00790639005299 0.0101780901706 0.0124546128653 0.0137951352587 0.00923729330199 -0.00674334995537 -0.00803805113298 
1 0.2 0.04 -0.000708941812678 0.000951160105428 0.00287750728505 0.00437910737083 0.005991776403 0.00790714100527 0.0101786380517 0.0124551662038 0.0137956200277 0.00923712925902 -0.00674372962683 -0.00803779318394 

0 0.24 0.04 -0.00126903483484 0.000951889509874 0.0035551635089 0.00553769294926 0.00764950634949 0.0101662685368 0.0131432742762 0.0160279195503 0.0172631413714 0.00950537363713 -0.00998200641355 -0.0106015461612 
1 0.24 0.04 -0.00126778274632 0.000952489711518 0.00355583760697 0.0055386323149 0.00765040273863 0.0101671711334 0.0131439975265 0.0160286613408 0.0172637904831 0.00950532023836 -0.00998242669438 -0.0106012764418 

0 0.28 0.04 -0.00197770785369 0.000852042813818 0.00422434036761 0.00672143158389 0.00941930805085 0.0126258763376 0.0164295821248 0.0200455804186 0.0211411404567 0.00918336166046 -0.0142663076736 -0.0138184152254 
1 0.28 0.04 -0.00197628400135 0.000852955848012 0.00422518338126 0.0067225488294 0.00942039221652 0.0126269069174 0.0164305611838 0.0200465436699 0.0211419672266 0.00918342768456 -0.0142667574605 -0.0138180983669 

0 0.32 0.04 -0.0028305636568 0.000659096309594 0.00490113047861 0.00800163669513 0.0113443878096 0.0153499279955 0.0201210910546 0.0245780372485 0.0252544029157 0.00773169096515 -0.0198210295827 -0.0177563562735 
1 0.32 0.04 -0.00282875486004 0.000660218499454 0.00490217987851 0.00800295714059 0.0113457125713 0.0153511296561 0.0201222286815 0.0245792219712 0.025255049483 0.00773169657154 -0.0198216359893 -0.0177560667189 

0 0.36 0.04 -0.00382244222975 0.00041588753927 0.00559350178719 0.00937238545749 0.0134444099041 0.0183571217942 0.0242283433924 0.0296559291449 0.029886186478 0.00564181589625 -0.0260414109456 -0.0217711334115 
1 0.36 0.04 -0.00382044006709 0.000417589678248 0.00559478793692 0.00937391612934 0.0134459320389 0.0183584991614 0.0242296995387 0.0296573409211 0.029886861208 0.00564199949036 -0.0260421175368 -0.0217708152295 

0 0.4 0.04 -0.00494094362042 5.71469696912e-05 0.00632573724403 0.0108731327918 0.0157759001835 0.0217103140518 0.0285533351223 0.0352475927224 0.0349053672934 0.00318753888369 -0.0340791292492 -0.0272410701185 
1 0.4 0.04 -0.0049387394466 5.92395066157e-05 0.00632735814568 0.0108749516329 0.015777681708 0.0217119159648 0.0285547929742 0.0352494303985 0.0349063509251 0.00318798741471 -0.0340800998917 -0.0272410249289 

0 0.44 0.04 -0.00616892369656 -0.000356430374087 0.00714097974473 0.0125756747471 0.0184465700368 0.0255595099386 0.0337331908513 0.0416973833752 0.0406637247048 -0.000309438522844 -0.043607307123 -0.0335966627 
1 0.44 0.04 -0.0061662145813 -0.000353779981168 0.00714292196544 0.0125776831898 0.0184485088438 0.02556121613 0.0337349396969 0.0416995140763 0.0406644940152 -0.000309289511129 -0.0436082029817 -0.0335963871791 

0 0.48 0.04 -0.00749218494178 -0.000816936516397 0.00806363276335 0.0145182837889 0.0213615801883 0.0298779560952 0.0393600276312 0.0484405388909 0.0459432145683 -0.00497029138312 -0.0545073400741 -0.0407164012145 
1 0.48 0.04 -0.00748934360873 -0.000813856891218 0.00806584209764 0.0145206058314 0.0213638203287 0.0298799983802 0.0393620489494 0.0484431762459 0.0459439502551 -0.00496984696341 -0.0545084008976 -0.0407162414951 

0 0.52 0.04 -0.00889439643474 -0.00129468033506 0.00915157824289 0.0168073458018 0.0249099005512 0.0348283109641 0.0455650659815 0.0555288017198 0.051145100381 -0.0143603652423 -0.066282733161 -0.0484066532412 
1 0.52 0.04 -0.00889121987173 -0.00129117128797 0.00915452657164 0.0168098339914 0.024912382076 0.0348305593039 0.0455674080113 0.0555316552115 0.0511463148497 -0.0143598748969 -0.066283941185 -0.0484066198381 

0 0.56 0.04 -0.0103462192407 -0.00174403419483 0.0104791334431 0.0195977908726 0.0291935241043 0.0406389807089 0.052596031249 0.0628883052264 0.0578323809728 -0.0211711379185 -0.0809717752834 -0.05818661903 
1 0.56 0.04 -0.0103426139558 -0.00173989980352 0.0104825206937 0.0196006053706 0.0291962420956 0.0406414082801 0.0525987612515 0.0628915786312 0.0578338687119 -0.021170345222 -0.0809732046335 -0.0581866690787 

0 0.6 0.04 -0.00916519633154 -0.00213745022765 0.0121320999069 0.0230219138578 0.0343565558174 0.0469906344338 0.0601067536645 0.0706443047022 0.0635475009486 -0.0294524341146 -0.0965396836302 -0.0724348346399 
1 0.6 0.04 -0.00916111330666 -0.0021329247091 0.0121359757491 0.0230250844409 0.0343595808997 0.0469941676015 0.060109889651 0.0706480201225 0.0635491791375 -0.0294513013018 -0.0965411400754 -0.072436275535 

0 0.64 0.04 -0.011295438686 -0.00241327617614 0.0142457537359 0.0273320433896 0.040716546498 0.0547277204838 0.0681915806611 0.0784283508245 0.0684410593003 -0.0394243651158 -0.113521533941 -0.0834587814913 
1 0.64 0.04 -0.0112911484121 -0.00240814961546 0.0142502150936 0.0273355003745 0.0407200158152 0.0547316467079 0.0681953310985 0.0784336000956 0.0684435418081 -0.0394227464003 -0.113522841943 -0.0834605966995 

0 0.68 0.04 -0.0135867686529 -0.00250982051593 0.0169860500782 0.0326276983915 0.0486420981027 0.0636968309697 0.0766334778619 0.0854024908673 0.0724323639377 -0.0502745860423 -0.129840244946 -0.0949881713197 
1 0.68 0.04 -0.0135816496082 -0.00250438560008 0.0169908607581 0.03263162363 0.0486458915168 0.0637012167581 0.0766375015903 0.0854079984442 0.0724353228398 -0.0502725909633 -0.129841345586 -0.0949901097859 

0 0.72 0.04 -0.0160348961581 -0.00230708403111 0.0205769340157 0.0397504397612 0.0586692579458 0.0741139742745 0.0848149736852 0.0921831578072 0.0769116274163 -0.0617501412628 -0.149741606046 -0.109814826095 
1 0.72 0.04 -0.0160294200406 -0.00230093430435 0.0205822736297 0.0397547007248 0.0586736715969 0.0741191665063 0.0848200432233 0.0921888974893 0.0769153746845 -0.0617470582689 -0.149742707763 -0.109816963723 

0 0.76 0.04 -0.0186527759815 -0.00176985113252 0.0252760189363 0.0491306113013 0.0709911964947 0.0859862230872 0.0931008199398 0.0963546900359 0.0761009838342 -0.0781595996967 -0.169260539053 -0.124990300034 
1 0.76 0.04 -0.0186471288688 -0.00176342094391 0.0252819179048 0.049135281386 0.0709961258555 0.0859921241701 0.0931060063426 0.0963604658376 0.0761051271309 -0.0781552772354 -0.169261436557 -0.124992618366 

0 0.8 0.04 -0.0214524084407 -0.000804973536585 0.0312044829523 0.0617211924812 0.0873516333334 0.0994479295534 0.100342500578 0.0996836050029 0.074811799226 -0.0923331057101 -0.190577472593 -0.141581286398 
1 0.8 0.04 -0.0214459292094 -0.000798535590515 0.0312114092176 0.0617262848829 0.0873568897881 0.099454423112 0.100348529755 0.0996865056488 0.0748168639045 -0.0923279166472 -0.190578219402 -0.141583855901 

0 0.84 0.04 -0.0393014961993 0.000636697475588 0.0391431132382 0.0788535103614 0.108546541022 0.11406852279 0.105633831586 0.0991465474594 0.0716665296027 -0.108587652447 -0.213769007464 -0.168429758039 
1 0.84 0.04 -0.0392948081869 0.000642959749798 0.0391502940091 0.078858936503 0.108552529062 0.114074810347 0.105640393117 0.0991490472107 0.0716721210478 -0.108581441403 -0.213769427478 -0.168433908773 

0 0.88 0.04 -0.0408881051682 0.0026131768933 0.0495143550119 0.101411118028 0.136091980049 0.129353680728 0.107524331322 0.0936471505939 0.065078653209 -0.123112180753 -0.23998389389 -0.186164807915 
1 0.88 0.04 -0.0408805201415 0.00262004408847 0.0495217349942 0.101417640935 0.136098584835 0.129360524814 0.10753143517 0.0936496444924 0.0650849104675 -0.123105168604 -0.239981281407 -0.186169138791 

0 0.92 0.04 -0.0423731273838 0.00505359937921 0.062928671794 0.133961998935 0.171453183051 0.143499094948 0.104048041035 0.0825369156228 0.0530405832507 -0.138907350376 -0.261307685957 -0.204668085454 
1 0.92 0.04 -0.04236521242 0.00506140544739 0.0629359752795 0.133969185875 0.17146061257 0.143506438478 0.10405559023 0.0825391792991 0.0530476379385 -0.13889952877 -0.261305312295 -0.204672135475 

0 0.96 0.04 -0.0453079213891 0.0082379402972 0.0799583794032 0.1794085228 0.216654702921 0.154975894041 0.0935047191919 0.0653302734088 0.0404100779373 -0.155373837169 -0.284351752751 -0.224998356589 
1 0.96 0.04 -0.0438180923353 0.0082469284961 0.079966320665 0.179416235294 0.21666285561 0.154983922288 0.0935124987533 0.0653320685431 0.0404168894543 -0.155367791597 -0.284349022645 -0.225001975807 

0 1 0.04 -0.0468294747379 0.0117110343911 0.099312413128 0.241381085779 0.270039004067 0.160275373782 0.0741080355361 0.0424768115006 0.0233641058856 -0.169813342442 -0.306871561981 -0.245527051137 
1 1 0.04 -0.0468205951446 0.0117203919414 0.099319823266 0.241389666439 0.270048321507 0.160283860079 0.0741157938493 0.0424805758598 0.0233728095219 -0.169808051218 -0.306869288848 -0.245531111012 

0 1.04 0.04 -0.0485005302948 0.0151071206285 0.123268300757 0.321576642554 0.331452404626 0.15540885163 0.0463782193905 0.0133732780068 0.00526186920475 -0.184604347648 -0.336245952601 -0.280816370823 
1 1.04 0.04 -0.0484911647431 0.0151173917083 0.123276519879 0.321586174078 0.33146278857 0.155419099835 0.0463853794523 0.0133776163003 0.00527067807528 -0.184599824462 -0.336246359811 -0.280814233511 

0 1.08 0.04 -0.0504395239235 0.0182307881635 0.148207600646 0.412343096789 0.401658699927 0.146398415423 0.0110613432593 -0.0212486445046 -0.0146601234402 -0.197323520718 -0.353740994101 -0.299112240721 
1 1.08 0.04 -0.0504296118005 0.0182412052289 0.148218780151 0.412352105716 0.401670012743 0.146409886961 0.0110659470201 -0.0212438606579 -0.014650656218 -0.197319853995 -0.353740539992 -0.299109825413 

0 1.12 0.04 -0.011691532448 0.0206265404618 0.170305545112 0.506324120432 0.47320179345 0.134925361318 -0.0258984680921 -0.0576910226762 -0.0375602608593 -0.205427307774 -0.371854127361 -0.318600990539 
1 1.12 0.04 -0.0116818522016 0.0206383482241 0.170317385425 0.506333137661 0.473214334266 0.134937511483 -0.0258948248034 -0.0576848106352 -0.0375521861781 -0.20542147871 -0.371853928015 -0.318599033271 

0 1.16 0.04 -0.0120075814086 0.0217087410448 0.191691816567 0.59362853516 0.553508619211 0.126676552542 -0.0615290414349 -0.0909101089724 -0.0571846882664 -0.217166787063 -0.390617588056 -0.338659744243 
1 1.16 0.04 -0.0119975746646 0.0217211827193 0.191704024542 0.593637578477 0.553522916024 0.126689363281 -0.0615268766584 -0.0909028817303 -0.057175989706 -0.217162762437 -0.390617274733 -0.338657597185 

0 1.2 0.04 -0.0126771290416 0.0211064310849 0.204251321373 0.667489815806 0.637885790039 0.12527996673 -0.0933839283779 -0.125907732988 -0.0799121240973 -0.224601401424 -0.412485471679 -0.374002585104 
1 1.2 0.04 -0.0126662473366 0.021119461977 0.20426416531 0.667513974249 0.637901230339 0.125293181019 -0.0933834847243 -0.125900706226 -0.0799053275463 -0.224596840516 -0.412482747576 -0.373999817754 

0 1.24 0.04 -0.0137463866242 0.0198750023328 0.208695027513 0.711098805468 0.723032717244 0.139351208479 -0.115100991529 -0.154417405197 -0.0971099076166 -0.232353845977 -0.424060201407 -0.389231200792 
1 1.24 0.04 -0.0137356610128 0.0198887503406 0.208708936384 0.711127587037 0.723050028782 0.139365122522 -0.115101565077 -0.154409880799 -0.0971058870367 -0.232350636728 -0.424057482555 -0.3892296415 

0 1.28 0.04 -0.0152361719011 0.0165657197029 0.206532434872 0.732543465648 0.802685679971 0.163524420175 -0.126747936443 -0.178588124543 -0.115128321618 -0.231067290813 -0.433395028281 -0.402558252846 
1 1.28 0.04 -0.0152249185105 0.0165804102404 0.206547359249 0.732576858272 0.802707014957 0.163539858613 -0.126745663474 -0.178580373711 -0.115126394124 -0.231069222851 -0.433392989231 -0.40255494332 

0 1.32 0.04 -0.0189993191279 0.0114708971659 0.19959067794 0.73538474717 0.873063027334 0.195096447776 -0.129853782387 -0.196151490147 -0.130391308202 -0.234634982755 -0.449473821098 -0.435187141277 
1 1.32 0.04 -0.0189860696662 0.0114860531792 0.199607538439 0.735421960819 0.873086438543 0.195112467136 -0.129848559715 -0.196143835534 -0.130390719981 -0.234637205042 -0.449471947534 -0.435185954253 

0 1.36 0.04 -0.0209956524125 0.00406823859105 0.187296885585 0.719881758734 0.937426228858 0.236883566992 -0.125455878722 -0.208506013527 -0.138744302508 -0.235619575935 -0.451907339903 -0.44235801699 
1 1.36 0.04 -0.0209819418269 0.00408457326642 0.187314700903 0.719907169593 0.937451762308 0.236901546004 -0.125440669069 -0.208498605416 -0.13874357721 -0.235624203585 -0.451905752289 -0.44235609181 

0 1.4 0.04 -0.023286761364 -0.00250760837248 0.170532292555 0.692823029539 0.99376046129 0.280518414698 -0.114488883025 -0.217782125193 -0.151274290187 -0.225066733686 -0.450312612963 -0.446346150981 
1 1.4 0.04 -0.0232712501522 -0.00249138694731 0.170553070993 0.692845746251 0.99378545975 0.280537530623 -0.114469709942 -0.217775170312 -0.151275434313 -0.22507409218 -0.450308470547 -0.446343890901 

0 1.44 0.04 -0.0258419638494 -0.0101429281472 0.154436618713 0.656863791475 1.03182759888 0.327431935689 -0.100517343786 -0.219732889925 -0.158692462891 -0.221821841223 -0.453853176181 -0.467189831255 
1 1.44 0.04 -0.025825887693 -0.0101258533248 0.154457909179 0.656884678764 1.03185385374 0.327452669035 -0.100494881748 -0.219727514499 -0.158694976251 -0.221828021436 -0.453846015921 -0.467188391218 

0 1.48 0.04 -0.0286137824994 -0.00895994109173 0.136014816924 0.61189689549 1.06491567016 0.377754156251 -0.0823321699259 -0.220344628077 -0.161927960077 -0.217645305031 -0.445626074115 -0.46398316545 
1 1.48 0.04 -0.0285969707963 -0.00894135667068 0.136037914847 0.61191857997 1.06494508127 0.377776208183 -0.0823144711673 -0.220340016934 -0.161933437253 -0.21765183883 -0.445620572269 -0.46398186364 

0 1.52 0.04 -0.0315553791355 -0.0249353208083 0.115514852148 0.565488495144 1.08516589224 0.427129025753 -0.0623682750766 -0.217694745257 -0.167684346781 -0.201300125639 -0.43410814284 -0.457242475035 
1 1.52 0.04 -0.0315369769624 -0.0249162338236 0.115536854917 0.565512725837 1.08519940241 0.427154492449 -0.0623524362698 -0.217692403735 -0.167690123102 -0.201302556093 -0.434107174556 -0.457240576285 

0 1.56 0.04 -0.0268662773428 -0.0422154035737 0.0973139606487 0.510838865218 1.08781028688 0.481864804525 -0.0425107568468 -0.213036963734 -0.16935905987 -0.194757130806 -0.422840594263 -0.46133342297 
1 1.56 0.04 -0.0268486387376 -0.0421959556334 0.0973370406244 0.510863277212 1.08784727898 0.481890973661 -0.0424970859095 -0.213035364634 -0.169363319474 -0.19476114845 -0.422839468507 -0.461332876242 

0 1.6 0.04 -0.0285174813898 -0.0932217169553 0.0782657113468 0.462683319459 1.08790493787 0.534444271779 -0.0179435576874 -0.207196452331 -0.171946604657 -0.187534134679 -0.407311525521 -0.449122205811 
1 1.6 0.04 -0.0284989463185 -0.0932006423898 0.0782894036757 0.462712807104 1.08794391076 0.534473706358 -0.0179309497652 -0.207195653715 -0.171949485221 -0.18753960137 -0.407312879253 -0.449120743491 

0 1.64 0.04 -0.0300434699699 -0.100538043847 0.058852792243 0.412348880703 1.05869054955 0.592421523561 0.00543816451541 -0.19846386425 -0.176577571122 -0.169938374021 -0.385695719955 -0.430484870237 
1 1.64 0.04 -0.0300247578846 -0.100516890889 0.0588786287533 0.412379619169 1.05873849983 0.592456189011 0.00545146693496 -0.198460598544 -0.176578647602 -0.169944711886 -0.385705792185 -0.430487550251 

0 1.68 0.04 -0.0314001512806 -0.107969362052 0.0416388328934 0.358966874 1.02521498612 0.644279684044 0.0320376706172 -0.189245242111 -0.176924472604 -0.164467745414 -0.363850558404 -0.419124746106 
1 1.68 0.04 -0.0313815101612 -0.107947395507 0.0416664158624 0.359004043525 1.02526617328 0.644315954847 0.0320543834709 -0.189243111445 -0.176923171781 -0.164476236422 -0.36386370361 -0.419132686333 

0 1.72 0.04 -0.032555375894 -0.115489833563 0.0233254462223 0.313338163077 0.973789103424 0.693345160481 0.0594598298382 -0.177522145791 -0.179483217561 -0.148568985217 -0.340547230703 -0.396281324512 
1 1.72 0.04 -0.0325366004541 -0.115467374407 0.0233541217649 0.313376779471 0.973857053369 0.693383756987 0.0594782062028 -0.177527826312 -0.179481888494 -0.148575259261 -0.34056428348 -0.396293093261 

0 1.76 0.04 -0.0319597772142 -0.0484309167569 0.00819195186365 0.262763196619 0.914538625184 0.751728122788 0.0853223302882 -0.166255397006 -0.181903326935 -0.145159706553 -0.31127233833 -0.373107854769 
1 1.76 0.04 -0.0319415594002 -0.0484095514503 0.00822131380627 0.262798240584 0.914611381743 0.751771962132 0.0853437457564 -0.166259924328 -0.181901263677 -0.145165468213 -0.311295329401 -0.373123670449 

0 1.8 0.04 -0.0332132336256 -0.0520619897257 -0.00686299242965 0.223704078771 0.840067295179 0.791481065974 0.120561591646 -0.155059130943 -0.182719954508 -0.13372918298 -0.288738681917 -0.34883423433 
1 1.8 0.04 -0.0331947098311 -0.0520406990101 -0.00683374896984 0.223739227204 0.840127826968 0.791527537543 0.120584645872 -0.15506126331 -0.182719705726 -0.133738153499 -0.288758614221 -0.34885614476 

0 1.84 0.04 -0.0342271188494 -0.0554706958421 -0.0214320713317 0.185308487117 0.766049520551 0.842162168919 0.149652532657 -0.137880147088 -0.184096234082 -0.132808056755 -0.257792908416 -0.318842648588 
1 1.84 0.04 -0.0342079237849 -0.0554493950074 -0.0214021129209 0.185345023186 0.766099937642 0.842211417625 0.149676786639 -0.13787469156 -0.184097600063 -0.132816861974 -0.257810777022 -0.318873158298 

0 1.88 0.04 -0.0349742711944 -0.0693399121708 -0.0345969309848 0.146444095683 0.675577014453 0.861590360029 0.188759641372 -0.125072941989 -0.183062046986 -0.13226370682 -0.238048284576 -0.295163817179 
1 1.88 0.04 -0.034955183718 -0.0693149960435 -0.0345663525144 0.146481351484 0.675614035991 0.861641877189 0.188787661037 -0.12506352017 -0.183066198524 -0.132271354857 -0.23806299732 -0.295191532813 

0 1.92 0.04 -0.0334284326285 -0.0731134533092 -0.0484811306229 0.115187413857 0.598738056786 0.892207151532 0.220300430426 -0.105689632501 -0.182449015007 -0.128439721865 -0.21843033092 -0.262692915587 
1 1.92 0.04 -0.0334065275805 -0.0730867508321 -0.048450588026 0.115226821084 0.598778244477 0.892258492991 0.220332478777 -0.105666879386 -0.182455677789 -0.128452540489 -0.218443662596 -0.262711990377 

0 1.96 0.04 -0.0342895700168 -0.0769488408497 -0.0600754775527 0.082263131943 0.523823192315 0.881597381549 0.26529252113 -0.0919616611162 -0.179106022676 -0.130305053282 -0.195588577811 -0.243363251383 
1 1.96 0.04 -0.034267229484 -0.0769222292829 -0.0600447224517 0.0823026697449 0.523871871675 0.881661234258 0.265327313136 -0.0919407498228 -0.179113470066 -0.130318290042 -0.195604279555 -0.243379793273 

0 2 0.04 -0.0348664201476 -0.0807177597586 -0.0634839749737 0.0571971656317 0.433520113221 0.877040421432 0.296661229915 -0.0700346597548 -0.176080861115 -0.131362844516 -0.18239322572 -0.225053824997 
1 2 0.04 -0.0348438005529 -0.0806911484376 -0.0634541781433 0.0572366554721 0.433582228517 0.877114370322 0.296700919828 -0.0700293092065 -0.176088747223 -0.131381250802 -0.18240944268 -0.225069149889 

0 2.04 0.04 -0.0351416057081 -0.0750798245954 -0.088318638168 0.0300124070987 0.366610068744 0.833642622407 0.345243211244 -0.056224798403 -0.169753059407 -0.134695198843 -0.166877099432 -0.202327683061 
1 2.04 0.04 -0.0351181294651 -0.0750534955812 -0.0882891451944 0.030054412753 0.366675647351 0.833726518457 0.345290107489 -0.0562194546416 -0.169758241641 -0.134712410055 -0.166897488426 -0.202342406739 

0 2.08 0.04 -0.033554322467 -0.0750991201276 -0.157590989022 0.00986953948919 0.286843404847 0.785294718943 0.371335049727 -0.0327782809215 -0.165088150604 -0.139897883199 -0.160075636967 -0.191217349289 
1 2.08 0.04 -0.0335316103374 -0.0750721242566 -0.157559148632 0.0099115086419 0.286900171245 0.785390890861 0.371386871874 -0.0327654454662 -0.165095387971 -0.13990600239 -0.160097512543 -0.191232840049 

0 2.12 0.04 -0.0340752213558 -0.0748418710951 -0.164960051404 -0.0121467723434 0.232811053217 0.716530320355 0.419615504447 -0.0199017119249 -0.155539194827 -0.143547706743 -0.153144325349 -0.195990702167 
1 2.12 0.04 -0.0340516996203 -0.0748150579095 -0.16492766974 -0.0121041468185 0.232868909838 0.7166357845 0.419669823696 -0.0198834016759 -0.155548113999 -0.143554823915 -0.153164943834 -0.196015323174 

0 2.16 0.04 -0.0342963618179 -0.074352980532 -0.172488104523 -0.0275226776304 0.168717855464 0.631038284032 0.43299323057 0.00599622869288 -0.150039464134 -0.150749277269 -0.162197729761 -0.182306688512 
1 2.16 0.04 -0.0342725272397 -0.074326357474 -0.172454942718 -0.0274807763946 0.168781133456 0.631148685695 0.433054867316 0.00601520953498 -0.150046145619 -0.150756327694 -0.162216982212 -0.1823299046 

0 2.2 0.04 -0.0342383872429 -0.0732550570342 -0.0858374062413 -0.0443224078969 0.128875753851 0.551180388142 0.472550271013 0.0164970506427 -0.137920578436 -0.15316426996 -0.160691503022 -0.179892628217 
1 2.2 0.04 -0.0342143533339 -0.0732293395611 -0.0858040198134 -0.0442819704389 0.128935913311 0.551285947866 0.472621174913 0.0165208309162 -0.137921323748 -0.153174133482 -0.160704831394 -0.179914758467 

0 2.24 0.04 -0.0326081403933 -0.0726286046608 -0.0884383410887 -0.0563654506509 0.0807045677683 0.446683430331 0.463948607479 0.0447189700687 -0.133084534449 -0.158804868508 -0.159358142905 -0.173853505492 
1 2.24 0.04 -0.0325832428408 -0.0726025457396 -0.0884049411503 -0.0563267462068 0.0807588007747 0.446740014963 0.464027066615 0.0447490873759 -0.13308017945 -0.158813356389 -0.159369208022 -0.173868180453 

0 2.28 0.04 -0.0328976660084 -0.071749475251 -0.0908712176582 -0.0696932054104 0.0396275084951 0.372017174326 0.479461263662 0.0496438487853 -0.119576642671 -0.162136005669 -0.167156305186 -0.178403485361 
1 2.28 0.04 -0.0328725627306 -0.0717229560933 -0.0908380481774 -0.0696532787447 0.039689004687 0.372071903815 0.479545056989 0.0496786924103 -0.119570554631 -0.162149132001 -0.167168395319 -0.178417814188 

0 2.32 0.04 -0.0329045007476 -0.0706411554509 -0.109295079132 -0.0828659102353 0.0173666456527 0.270403542661 0.441741747959 0.0774411078386 -0.117061745679 -0.164729325274 -0.169041261496 -0.178084237403 
1 2.32 0.04 -0.032879037594 -0.070614323806 -0.109262505103 -0.0828255800063 0.0174313250219 0.270475484995 0.44183253525 0.0774815499699 -0.117058928933 -0.164742835333 -0.169056075184 -0.178094900164 

0 2.36 0.04 -0.0326175425734 -0.0686044689245 -0.11192031797 -0.0921896026046 -0.0116767145457 0.21271324879 0.418737105554 0.0721548686901 -0.10264796478 -0.165968783082 -0.179760777526 -0.187434499731 
1 2.36 0.04 -0.0325916714855 -0.0685759615521 -0.111887550056 -0.0921492532595 -0.0116155984139 0.212792777468 0.418848712322 0.0722023809662 -0.102633856795 -0.165982919295 -0.179776477505 -0.187446805232 

0 2.4 0.04 -0.0315449333353 -0.0673411219163 -0.114528950527 -0.0913992032147 -0.026220708184 0.12738233993 0.352631257537 0.0961020753814 -0.0994416991121 -0.166698580456 -0.182976822038 -0.190352283455 
1 2.4 0.04 -0.0315189465781 -0.0673121402624 -0.114495823493 -0.0913601695278 -0.0261611938405 0.127478006716 0.352748023557 0.0961592726103 -0.099438459122 -0.166713471295 -0.18299823515 -0.190365236261 

0 2.44 0.04 -0.0314759637883 -0.0658022636511 -0.107904602374 -0.120390339833 -0.0470261969766 0.0891298121005 0.290853097255 0.11937792656 -0.087086994447 -0.165784046175 -0.194419252058 -0.202348281088 
1 2.44 0.04 -0.0314496121179 -0.0657726205903 -0.107870362928 -0.120351108613 -0.0469724843833 0.0892151987122 0.290989592245 0.119441720387 -0.0870839206452 -0.16579705481 -0.194439190074 -0.20236133548 

0 2.48 0.04 -0.0311180578299 -0.0633279074074 -0.105709930754 -0.195828661842 -0.0633480123055 0.0248960654667 0.206819220333 0.124334297683 -0.0866417580683 -0.164443975953 -0.197299047033 -0.207254863228 
1 2.48 0.04 -0.0310914555203 -0.0632986584431 -0.105675607651 -0.195788282784 -0.0632935233644 0.0249858285376 0.206949455119 0.124407239988 -0.0866320889394 -0.164456044231 -0.197314043185 -0.207276612611 

0 2.52 0.04 -0.0273059694997 -0.0618104536983 -0.103384659428 -0.2029530339 -0.071072600554 -0.0248146966737 0.131364304781 0.104425238892 -0.0767714113893 -0.161472710169 -0.198617211672 -0.211333199034 
1 2.52 0.04 -0.0272786959614 -0.0617808805033 -0.103350662082 -0.202912338045 -0.0710192647163 -0.0247275203095 0.131478949618 0.104509751766 -0.0767557151836 -0.161486043616 -0.198630438849 -0.211352587686 

0 2.56 0.04 -0.0290400484222 -0.060003268181 -0.100907103633 -0.104735400616 -0.082666224203 -0.0367012158708 0.0419530884627 0.103870747251 -0.0797917506166 -0.159719918706 -0.206107594114 -0.222424049915 
1 2.56 0.04 -0.0290125014587 -0.0599732762808 -0.100874427197 -0.104693519517 -0.0826155216979 -0.0366200347163 0.0420478770429 0.103960132017 -0.0797684642864 -0.159719811153 -0.206121236328 -0.222441857947 

0 2.6 0.04 -0.0307191744714 -0.0572681154658 -0.0980520006639 -0.105344659174 -0.0873024947883 -0.0679395215455 -0.0540078179857 0.0609867427906 -0.0881312493637 -0.156460124265 -0.203746594458 -0.22329782112 
1 2.6 0.04 -0.0306912442226 -0.0572372788066 -0.098019183247 -0.105302357741 -0.0872534034541 -0.0678723303196 -0.0539055246333 0.06108626651 -0.0881014051696 -0.156453728372 -0.203759878068 -0.22331101939 

0 2.64 0.04 -0.0422895679467 -0.0557362764784 -0.0951033003279 -0.105804388072 -0.095701545315 -0.0889071782135 -0.0534467396969 0.00544233315641 -0.0851775189953 -0.155274827882 -0.199473735806 -0.221569101689 
1 2.64 0.04 -0.0422618766003 -0.0557049044225 -0.0950702366043 -0.10576243854 -0.0956518925169 -0.0888295112639 -0.0533351038438 0.00555290406922 -0.0851399886048 -0.155275329442 -0.199491346777 -0.221582004194 

0 2.68 0.04 -0.0421357284479 -0.0539818337392 -0.092102737611 -0.123903277377 -0.104129519305 -0.0895385853352 -0.098649784499 -0.0411357830339 -0.105054901613 -0.156224995658 -0.198858381517 -0.225409766402 
1 2.68 0.04 -0.0421079908586 -0.0539504655875 -0.0920692836715 -0.123863668908 -0.104079867441 -0.0894597543973 -0.0985403966503 -0.0410136865731 -0.105007683716 -0.156227476043 -0.198876742014 -0.225423745979 

0 2.72 0.04 -0.0416601312173 -0.051522418378 -0.0887473520972 -0.125336584773 -0.108507711058 -0.10266146837 -0.129670742915 -0.128991101631 -0.134672704654 -0.156338385571 -0.189809364347 -0.218219952561 
1 2.72 0.04 -0.0416323482135 -0.0514906169006 -0.0887117738298 -0.125297165894 -0.108459033493 -0.102586279146 -0.129554089591 -0.128850140617 -0.13461773505 -0.156341568078 -0.189828150081 -0.218237725218 

0 2.76 0.04 -0.0408471951983 -0.0499656294878 -0.0852930814491 -0.12659015598 -0.114747497919 -0.110709866599 -0.181526806234 -0.220094596819 -0.152940268796 -0.161639776725 -0.180061619197 -0.208299086589 
1 2.76 0.04 -0.0408190916786 -0.0499335897456 -0.0852576694309 -0.126551545948 -0.1146994749 -0.110641101207 -0.18139961456 -0.219946126432 -0.152876072628 -0.16163573734 -0.180074439787 -0.2083201211 

0 2.8 0.04 -0.0397062483684 -0.0481236428484 -0.0810626090802 -0.115871014579 -0.209346608636 -0.107594643855 -0.191260804964 -0.304008582907 -0.204010121513 -0.171813401638 -0.174590429987 -0.20568082933 
1 2.8 0.04 -0.0396781277523 -0.0480910006719 -0.0810272914611 -0.115830486075 -0.209297864284 -0.107528651877 -0.191137463022 -0.303857526448 -0.203933482071 -0.171803862972 -0.174603101296 -0.205701289239 

0 2.84 0.04 -0.0382556354275 -0.0413198979798 -0.0771400519836 -0.111155683606 -0.215481217542 -0.111036132471 -0.195574514222 -0.386815479038 -0.270227097524 -0.181854361739 -0.165688395155 -0.194502709705 
1 2.84 0.04 -0.0382270939059 -0.0412868799599 -0.0771047685124 -0.111115190233 -0.21543217435 -0.110971643554 -0.195471497293 -0.386663042356 -0.270140221606 -0.181838766473 -0.165705101224 -0.194515504655 

0 2.88 0.04 -0.0125381324121 -0.0426549967067 -0.0728864015546 -0.105920453168 -0.102285552066 -0.11155344858 -0.215386267795 -0.450326885837 -0.329026817709 -0.199943765961 -0.158316308598 -0.182541682334 
1 2.88 0.04 -0.0125080797066 -0.0426215193088 -0.0728505060013 -0.105879865497 -0.102235019458 -0.111494901049 -0.215296907617 -0.450167768767 -0.328923879444 -0.199921750662 -0.158311663194 -0.182566672674 

0 2.92 0.04 -0.0121497163844 -0.0441535939254 -0.0675964979812 -0.0985020072763 -0.098755451431 -0.115619197936 -0.210151705554 -0.494905010745 -0.423696494063 -0.224882569631 -0.156867329353 -0.181309898913 
1 2.92 0.04 -0.0121198009184 -0.0441199483478 -0.0675600740979 -0.098462101819 -0.0987052415281 -0.115561848703 -0.210079602326 -0.494765252098 -0.423580648897 -0.22485024343 -0.156855522471 -0.181326710636 

0 2.96 0.04 -0.0115358050948 -0.062331434426 -0.0626951322631 -0.0910634151397 -0.110452263262 -0.114756272826 -0.204418322967 -0.539805405042 -0.531761960236 -0.256949013308 -0.155085182846 -0.173741350595 
1 2.96 0.04 -0.0115058310847 -0.0622977037221 -0.0626584793492 -0.0910234285502 -0.110406404936 -0.114698715929 -0.204329127107 -0.539683813876 -0.531647429117 -0.256909554025 -0.155083613171 -0.173734556517 

0 3 0.04 -0.00980843682228 -0.0599455487087 -0.0572733896262 -0.0809982335889 -0.106245548355 -0.11451137834 -0.208564759072 -0.5447671908 -0.64660852937 -0.304048346159 -0.159401360428 -0.169814435548 
1 3 0.04 -0.00977972377428 -0.0599120410655 -0.0572364826936 -0.0809574468906 -0.106200545443 -0.114454179986 -0.208471574437 -0.544641505008 -0.646478200163 -0.304001412214 -0.159413920455 -0.169806181846 

0 3.04 0.04 -0.00993569108963 -0.0571884097087 -0.0501527856806 -0.0699282661297 -0.099100717958 -0.122802111511 -0.204800529634 -0.53500909232 -0.750539342255 -0.365027943637 -0.167996487295 -0.168735108294 
1 3.04 0.04 -0.00990721648325 -0.0571551908092 -0.0501151637357 -0.0698874677345 -0.0990561315194 -0.122750254714 -0.20471585761 -0.534872196702 -0.75038979666 -0.364971273671 -0.167992914172 -0.168749512638 

0 3.08 0.04 -0.0100045671991 -0.0542760382288 -0.0430332332294 -0.0561559769734 -0.079686321882 -0.108363925196 -0.205060250272 -0.518502656135 -0.858809546224 -0.440085611141 -0.187546073203 -0.184710231946 
1 3.08 0.04 -0.00997605733508 -0.0542432291268 -0.042995341345 -0.0561148476742 -0.0796396843535 -0.108313875105 -0.204984604289 -0.518358444348 -0.858660151699 -0.440022778302 -0.18753330162 -0.184724410589 

0 3.12 0.04 -0.0100639332907 -0.0517004322044 -0.0353084160249 -0.033947398066 -0.0596580614589 -0.111467849063 -0.209028348411 -0.514896266339 -0.942068087529 -0.532381170675 -0.214000976069 -0.198268398346 
1 3.12 0.04 -0.0100356750832 -0.0516674842603 -0.0352694639134 -0.0339064743941 -0.0596116891924 -0.11141452634 -0.208954610953 -0.514765411231 -0.941906600099 -0.53230504553 -0.213983260048 -0.198263045743 

0 3.16 0.04 -0.0102158932472 -0.00590099324798 -0.0190293494895 -0.00969111887503 -0.0310876665865 -0.123885975801 -0.220173329592 -0.499068483436 -0.99406210592 -0.643549389269 -0.250249725654 -0.219530412893 
1 3.16 0.04 -0.0101875635134 -0.00586676687374 -0.0189898365074 -0.00964963486953 -0.0310419346032 -0.123833747794 -0.22010259481 -0.498961289424 -0.993900386007 -0.643455496515 -0.250230094644 -0.219517290134 

0 3.2 0.04 -0.00251279085481 -0.00296558806981 -0.0142321346265 0.0241425689655 0.000629122147365 -0.0934932036421 -0.233747824181 -0.488949423738 -1.01715788387 -0.768688593268 -0.29702988745 -0.248896937986 
1 3.2 0.04 -0.00248556187057 -0.00293150448159 -0.0141918495416 0.0241847719119 0.00067455971307 -0.0934387061963 -0.233682419204 -0.488865609009 -1.01699847719 -0.768584098946 -0.297002687962 -0.248880543504 

0 3.24 0.04 -0.00187224693854 -0.00087208464355 -0.0339955557178 0.0706734851751 0.0431599665576 -0.0957589926439 -0.251969385514 -0.483207972198 -1.00268563869 -0.902940947305 -0.364552150471 -0.304149313959 
1 3.24 0.04 -0.0018447157587 -0.00083817700225 -0.033954606823 0.0707153935188 0.0432065428652 -0.0957055341985 -0.251907044729 -0.483115440041 -1.00253541035 -0.902836892096 -0.364517789076 -0.304127245802 

0 3.28 0.04 -0.00138714088668 0.00442531534448 -0.0208109240991 0.118066562367 0.0958074199625 -0.123110640469 -0.275811787266 -0.486178467873 -0.963626906306 -1.04277462775 -0.44708812349 -0.36131629567 
1 3.28 0.04 -0.00135947246161 0.00445902671079 -0.0207715105823 0.118109084062 0.0958531350628 -0.123060893501 -0.275749556069 -0.48608450222 -0.963489427754 -1.0426498807 -0.44704443732 -0.361286022522 

0 3.32 0.04 -0.00124802180512 0.00666998850476 -0.0124995566604 0.168628875352 0.15197924236 -0.119868855459 -0.298294551684 -0.490432089104 -0.907521955595 -1.16443489593 -0.550350521927 -0.435480978666 
1 3.32 0.04 -0.00122048321722 0.00670343274337 -0.0124604984822 0.16867541087 0.152025729831 -0.11981864868 -0.298237448509 -0.49033989076 -0.90737490089 -1.16430409513 -0.550302804821 -0.435446118871 

0 3.36 0.04 -0.00164738652365 0.0079222590321 -0.0112353020801 0.205496672826 0.220014359483 -0.110207005291 -0.353717967389 -0.497369081562 -0.850053343292 -1.26296692671 -0.67007164915 -0.528474216392 
1 3.36 0.04 -0.00161956060694 0.00795538082905 -0.0111970752218 0.20554553782 0.220061871792 -0.110154141184 -0.353664441297 -0.497289046294 -0.84990176652 -1.26283083407 -0.670019677726 -0.528435516261 

0 3.4 0.04 0.00243638111302 0.00773577225321 0.0492232341643 0.240530252698 0.29675849342 -0.0774971814661 -0.436598442713 -0.50410425595 -0.797005876915 -1.32059258942 -0.811220176017 -0.641965556371 
1 3.4 0.04 0.00246494957951 0.00776805768773 0.0492642469432 0.240578544316 0.296804391891 -0.0774441438348 -0.436545851766 -0.504027815099 -0.796863506664 -1.32044525428 -0.811156915712 -0.641928797749 

0 3.44 0.04 0.00202466082917 0.00590265285315 0.0504370236274 0.236822223005 0.353514619514 -0.0340712867435 -0.342002287851 -0.508749891396 -0.753849662289 -1.33206803884 -0.970718952264 -0.778017224428 
1 3.44 0.04 0.00205341445616 0.00593432015006 0.0504778339456 0.23686983604 0.353561314279 -0.0340154503272 -0.341947103255 -0.508679893585 -0.753737819231 -1.33192161484 -0.970640447027 -0.777961692098 

0 3.48 0.04 0.00122576649975 0.0128750973424 0.047613957461 0.216354557901 0.423652553033 0.0294667943576 -0.340272983718 -0.510848038623 -0.719515047993 -1.29919513731 -1.14123453291 -0.943211975456 
1 3.48 0.04 0.00125435587087 0.0129070768488 0.0476550844242 0.216402116075 0.423702024416 0.0295212018526 -0.340218129678 -0.510783346894 -0.719418507705 -1.29904110661 -1.14115495256 -0.943151181318 

0 3.52 0.04 1.62781019948e-05 0.0114949803186 0.0415045561785 0.14756814265 0.442976521179 0.103194455638 -0.321861922763 -0.510580700953 -0.694705270259 -1.2312260702 -1.30639088177 -1.11423598508 
1 3.52 0.04 4.50798218524e-05 0.0115270578179 0.0415435045085 0.14761822147 0.443028051852 0.103248960432 -0.321810605403 -0.510522221431 -0.694611233308 -1.23107114814 -1.30630437311 -1.11416212617 

0 3.56 0.04 -0.00155933162744 0.00926012915025 0.0374658076177 0.122687083513 0.457381601105 0.20179766592 -0.280210167959 -0.51248962489 -0.676118523371 -1.14312603636 -1.45464572559 -1.29158235361 
1 3.56 0.04 -0.00153075591476 0.00929243692766 0.0375041823506 0.122737632071 0.457437053389 0.201852292891 -0.280157811487 -0.512428308356 -0.676017145451 -1.14297574907 -1.45453938079 -1.29151285644 

0 3.6 0.04 0.001074658696 0.00633460703136 0.0317633346455 0.0912380946903 0.431623610405 0.282497186242 -0.23426547352 -0.521242629431 -0.66628500485 -1.05326697451 -1.56427811771 -1.45955411614 
1 3.6 0.04 0.00110282308662 0.00636690318637 0.0318010785036 0.0912881087839 0.431681246424 0.282553868656 -0.23421209648 -0.521190892216 -0.666203629994 -1.05311602836 -1.56416051107 -1.45945940059 

0 3.64 0.04 -0.000297766125361 0.00670383218386 0.0247367440823 0.055209811684 0.40010922656 0.39055821685 -0.166941582562 -0.575093638839 -0.67252345514 -0.991569361727 -1.59923710248 -1.58483088298 
1 3.64 0.04 -0.000269655079359 0.00673616185779 0.0247746992933 0.0552602204831 0.400168500542 0.390614598501 -0.166887185384 -0.575044451911 -0.672441794116 -0.991430537713 -1.59912625212 -1.58472838954 

0 3.68 0.04 -0.00183852706029 0.00421493714885 0.0167567654906 0.0833710855938 0.348644008997 0.438851296192 -0.0953147403682 -0.549426000705 -0.649350496853 -0.942501321674 -1.59808497632 -1.67944450705 
1 3.68 0.04 -0.00181025156462 0.00424711317674 0.016794335411 0.0834202153688 0.348702364972 0.438910028634 -0.0952605092717 -0.549382549484 -0.649278918707 -0.94237855132 -1.59796779669 -1.67934261894 

0 3.72 0.04 -0.00353039359183 0.00143857544465 0.0161263733803 0.0672589491788 0.287974503189 0.506532336294 -0.00322830362253 -0.469954039036 -0.659772519159 -0.884186180035 -1.52599486718 -1.69502187191 
1 3.72 0.04 -0.00350208431068 0.00147087985778 0.016164103555 0.0673088409266 0.288032674102 0.50659306102 -0.00317211736873 -0.469901342137 -0.659705082075 -0.884090329201 -1.52586169679 -1.69492871516 

0 3.76 0.04 -0.002341814237 -0.00145307667055 0.0111372164883 0.0500085651698 0.180854012678 0.501085501534 0.0837972378801 -0.403851138449 -0.644337260922 -0.855713286302 -1.43201644714 -1.65474640138 
1 3.76 0.04 -0.00231293135435 -0.00142097330576 0.0111751631721 0.0500578933056 0.180917081805 0.501148677878 0.083854470742 -0.403802546464 -0.644278964265 -0.85561585496 -1.43187956371 -1.65462765744 

0 3.8 0.04 -0.00388577859678 -0.00456558649012 0.00564927796354 0.0350700751678 0.135711017412 0.491502294435 0.199801748484 -0.356853746472 -0.637853682461 -0.815914331461 -1.31608323413 -1.56081293405 
1 3.8 0.04 -0.00385692105746 -0.00453374687765 0.00568707347758 0.0351157440055 0.13577375899 0.491568687054 0.199859880692 -0.356805292212 -0.637797022191 -0.815813763033 -1.31594528671 -1.56068147182 

0 3.84 0.04 -0.00553481363047 -0.0039787416564 -0.000218030842508 0.0233867826841 0.0893526998822 0.441400990923 0.274846407222 -0.294325674379 -0.646176797454 -0.785297998253 -1.19972410848 -1.44275740274 
1 3.84 0.04 -0.00550586915687 -0.0039473169196 -0.000180394906271 0.0234315172635 0.0894154757959 0.441468076105 0.274905403601 -0.294278424171 -0.646129768448 -0.785207777014 -1.19959078499 -1.44262107208 

0 3.88 0.04 -0.00738890459365 -0.00691723873075 -0.00366983003864 0.0102929593103 0.078874242723 0.386579276705 0.3791590559 -0.224532122668 -0.698097729382 -0.755375331455 -1.10810962892 -1.32728582056 
1 3.88 0.04 -0.00735995243907 -0.00688606732842 -0.0036339014519 0.0103365378923 0.0789331161254 0.386647497885 0.379218447101 -0.224484364907 -0.698062212166 -0.755288659919 -1.10798452179 -1.32715487732 

0 3.92 0.04 -0.00911728497243 -0.00969431820541 -0.0084348372505 -0.00254405245888 0.055946804421 0.308466547562 0.417508425787 -0.123646147189 -0.660248228074 -0.732117207566 -1.04346812256 -1.22870920174 
1 3.92 0.04 -0.00908842396917 -0.0096637953936 -0.00839940560667 -0.0025017732105 0.0560043601166 0.308531662856 0.417570471425 -0.123597040282 -0.660217551755 -0.732037482456 -1.0433536143 -1.22858673756 

0 3.96 0.04 -0.00822753438699 -0.0118513550251 -0.012309517833 -0.00451621178147 0.0353329118431 0.238440674558 0.471902754769 -0.0347536476481 -0.538719778317 -0.717015322304 -1.00138821547 -1.15574936796 
1 3.96 0.04 -0.00819574247486 -0.0118232906634 -0.012277476182 -0.00447046427251 0.0353895885506 0.238507346107 0.471967450862 -0.0347020154426 -0.538673566747 -0.7169492401 -1.00129291128 -1.15563553324 

0 4 0.04 -0.00928591704957 -0.0110653222978 -0.0154353230719 -0.0101482236213 0.013867571855 0.129375367534 0.459490777369 0.106238499043 -0.435740735249 -0.6999004687 -0.976592060544 -1.10677295485 
1 4 0.04 -0.00925428877721 -0.0110327259028 -0.0154055078989 -0.0101024087123 0.0139186989497 0.129448189925 0.459558911613 0.106293306979 -0.435695552728 -0.699839121915 -0.976497422128 -1.10667691725 

0 4.04 0.04 -0.0101671599814 -0.0124113872217 -0.0150456983582 -0.0152033937459 0.00288211785646 0.0859646260057 0.429091001368 0.186088331278 -0.377278221343 -0.69668557216 -0.963237594926 -1.07736909384 
1 4.04 0.04 -0.0101360691892 -0.0123780640156 -0.0150186331996 -0.0151584525598 0.00293251331228 0.0860378573223 0.429164060254 0.186145639911 -0.377231432339 -0.696628986802 -0.963137136456 -1.07727827586 

0 4.08 0.04 -0.010877131807 -0.0135248262826 -0.0168358202264 -0.0197967766738 -0.00771185363032 0.0445114988362 0.378531990535 0.330983501795 -0.298507358912 -0.807800286278 -0.956075306202 -1.06208803215 
1 4.08 0.04 -0.0108466291203 -0.0134905713555 -0.0168093978353 -0.0197507548276 -0.00765970685448 0.0445866800075 0.37860457748 0.331044349823 -0.298461793013 -0.807764518979 -0.955988270083 -1.06199014101 

0 4.12 0.04 -0.00989015277068 -0.0144192837576 -0.0183623249567 -0.0211771840182 -0.0179288624458 0.0387693390653 0.303394584969 0.367800781345 -0.232204070521 -0.76379448243 -0.95085761634 -1.05498804016 
1 4.12 0.04 -0.00986244760004 -0.01438435137 -0.0183353736441 -0.0211432984632 -0.0178748626915 0.0388314271602 0.30346476836 0.367865411756 -0.232155916828 -0.763764381999 -0.950780618185 -1.05490142839 

0 4.16 0.04 -0.0104952005335 -0.0134365769529 -0.0196237991767 -0.0238359547643 -0.0204272016884 0.0199302529418 0.235637547367 0.442001984027 -0.117527516388 -0.662498487402 -0.945891823582 -1.02213078383 
1 4.16 0.04 -0.0104677976485 -0.0134021011547 -0.0195949521944 -0.0238064131741 -0.0203689807423 0.0199913105358 0.235708155398 0.442070550201 -0.117477477954 -0.662454337907 -0.945821198449 -1.02205089241 

0 4.2 0.04 -0.0109660569571 -0.0141604727449 -0.0188204765763 -0.0261285631676 -0.0250736780728 0.00186663242931 0.111163384031 0.422530989717 -0.0421948640553 -0.567752306879 -0.926628800067 -1.01392342224 
1 4.2 0.04 -0.0109389161449 -0.014126666104 -0.0187855461276 -0.0261019759363 -0.0250181223122 0.00192621253316 0.111245920529 0.422602735503 -0.0421399256061 -0.567710598575 -0.926573984145 -1.01385171001 

0 4.24 0.04 -0.0099865845067 -0.0146692347488 -0.0196891792936 -0.0280273682726 -0.0291232950173 -0.0179338126999 0.0716037741076 0.390824347433 0.10076081193 -0.519633950668 -0.897819839964 -1.00923448893 
1 4.24 0.04 -0.00996061744492 -0.0146360618386 -0.0196533883159 -0.0280033566796 -0.0290715733108 -0.017871364305 0.0716852012431 0.390904242031 0.100820128366 -0.519591761645 -0.897767699967 -1.00917449942 

0 4.28 0.04 -0.010303709145 -0.0148767339646 -0.0201844117489 -0.0267881534727 -0.0324156417242 -0.0281068321574 0.0356700197751 0.337403884849 0.164224706107 -0.451130582422 -0.877302700426 -1.07773632107 
1 4.28 0.04 -0.0102773909804 -0.014844235621 -0.0201477911461 -0.026759067372 -0.0323658896833 -0.0280459177633 0.0357514405733 0.337487495857 0.164288541369 -0.451089613284 -0.877260067246 -1.07768605677 

0 4.32 0.04 -0.0104768217538 -0.0137813739045 -0.0203560024204 -0.0274671499699 -0.0345595634136 -0.0375317719484 0.0106146534921 0.253013157833 0.279271405949 -0.399626956281 -0.685984496613 -0.854951851979 
1 4.32 0.04 -0.0104501592638 -0.0137514210499 -0.0203184174796 -0.0274365785848 -0.0345234902572 -0.0374722214387 0.0106844494463 0.253091877896 0.279340875767 -0.399581885597 -0.685942784251 -0.854908040165 

0 4.36 0.04 -0.0105301238316 -0.0139141285297 -0.0191570320112 -0.0278761051614 -0.0364201383597 -0.040112044634 -0.00731318073648 0.189433867438 0.299964053834 -0.29107679296 -0.832990193706 -0.931436178985 
1 4.36 0.04 -0.0105030857059 -0.0138843499412 -0.0191204371771 -0.0278441966508 -0.0363860435253 -0.0400503953641 -0.00724568109082 0.189511273829 0.300039512996 -0.291029309299 -0.832942667537 -0.93138695478 

0 4.4 0.04 -0.0096988761255 -0.0140618262024 -0.0194921006729 -0.0271267397332 -0.0381361770669 -0.0442416914866 -0.0234926188867 0.0574703512905 0.321015401169 -0.229151720106 -0.762753743225 -0.915702221729 
1 4.4 0.04 -0.0096705503832 -0.0140324260274 -0.0194562526432 -0.02708895967 -0.0381043975661 -0.0441827833914 -0.0234269482872 0.0575613275392 0.321096243666 -0.229096740617 -0.762713518807 -0.915654297429 

0 4.44 0.04 -0.00997431157897 -0.0141177307284 -0.019706744375 -0.0276766405601 -0.0393917085576 -0.0476117231002 -0.0508701824044 0.0258552863935 0.275212775184 -0.115386163196 -0.7266226452 -0.852223137685 
1 4.44 0.04 -0.00994583358594 -0.0140886091788 -0.019671521474 -0.027638070451 -0.0393622505048 -0.0475556333262 -0.0508056159265 0.0259455887275 0.275303873978 -0.115324902351 -0.726582866418 -0.852186071647 

0 4.48 0.04 -0.0101998588271 -0.0134926299939 -0.0197358879507 -0.0279935552649 -0.0389906230437 -0.0499947504627 -0.0610074771163 0.000352384747334 0.222263510279 -0.0440452459778 -0.662692134145 -0.817758366529 
1 4.48 0.04 -0.0101713645473 -0.0134641334021 -0.0197015353273 -0.0279545667938 -0.0389576806807 -0.0499417555942 -0.0609441755232 0.000445314916155 0.222357042686 -0.0439797710858 -0.662651615439 -0.81772091498 

0 4.52 0.04 -0.0103441387558 -0.0136997891675 -0.0190833962126 -0.0280416948287 -0.0396602752849 -0.0543598238404 -0.0699416560841 -0.0435641833237 0.12762319117 0.0333437807544 -0.616721180311 -0.755162499442 
1 4.52 0.04 -0.0103156164637 -0.0136712752263 -0.0190513652843 -0.0280021833197 -0.0396263676801 -0.0543190980766 -0.0698795608254 -0.0434879638996 0.127718031303 0.0334106869697 -0.616677613466 -0.755124265209 

0 4.56 0.04 -0.00978886440178 -0.0137625716888 -0.0192517553767 -0.0274195127917 -0.0398691484537 -0.0563082352029 -0.0739335857917 -0.05805637852 0.0760638341865 0.0913724196918 -0.527216849157 -0.682583950731 
1 4.56 0.04 -0.00976125747437 -0.0137339577561 -0.0192202546387 -0.0273814559169 -0.0398342414952 -0.056270037983 -0.0738692093228 -0.0579823111062 0.0761582411456 0.091446495645 -0.527173371019 -0.682541344262 

0 4.6 0.04 -0.00998268627784 -0.0131624297863 -0.0192271966261 -0.0276015387255 -0.0396971249526 -0.0574764180547 -0.0779075494108 -0.0680811328719 -0.0434728698586 0.0687598589881 -0.469210063422 -0.624746457866 
1 4.6 0.04 -0.00995501947089 -0.0131329306883 -0.0191960714823 -0.0275642686034 -0.0396571822255 -0.057440852656 -0.0778459316327 -0.0680097234819 -0.0433786348453 0.0688398402271 -0.469163709736 -0.624701165228 

0 4.64 0.04 -0.0101114243442 -0.0133586976822 -0.0185306743185 -0.0275301449045 -0.0401350720718 -0.0575322295762 -0.0803673674867 -0.112506001243 -0.0606868776467 0.0421509170703 -0.357483942568 -0.505586190434 
1 4.64 0.04 -0.0100836838027 -0.0133291086936 -0.0185005643385 -0.0274936097489 -0.0400942795365 -0.0574995228482 -0.0803094170526 -0.112437835899 -0.0605978004743 0.0422422242425 -0.357426908224 -0.505536292502 

0 4.68 0.04 -0.00963454594048 -0.0134629304861 -0.0187492350789 -0.0271894746823 -0.0402859425721 -0.0599768941104 -0.0808826050728 -0.123064331638 -0.128166252098 -0.0207117515581 -0.235298137304 -0.451234459873 
1 4.68 0.04 -0.00960599563026 -0.0134334110986 -0.0187191050991 -0.0271536520261 -0.0402445493665 -0.0599404402439 -0.0808276028365 -0.122997325888 -0.128083262789 -0.0206126464585 -0.235235044829 -0.451173832535 

0 4.72 0.04 -0.00979389462785 -0.0133745297677 -0.0187134674611 -0.0270434945054 -0.0396242450828 -0.0602476836739 -0.0917861688626 -0.130965225211 -0.140653177653 -0.0772643987057 -0.216656432347 -0.317548787169 
1 4.72 0.04 -0.00976520155154 -0.0133450797199 -0.0186835494702 -0.0270099476205 -0.0395829203326 -0.0602102892418 -0.0917430309571 -0.130900226668 -0.140572551303 -0.0771741971156 -0.216591510807 -0.317486745953 

0 4.76 0.04 -0.00987960483768 -0.0130009832372 -0.0184256631573 -0.0268967422862 -0.0401280585582 -0.0591580823511 -0.0931822892296 -0.141792556778 -0.146354223793 -0.145150262692 -0.156884958412 -0.302702307517 
1 4.76 0.04 -0.00985098662135 -0.0129723024939 -0.0183957259285 -0.02686366418 -0.0400886037179 -0.0591200287469 -0.0931417172933 -0.141727634226 -0.146276842421 -0.145063316909 -0.156809293509 -0.302635990108 

0 4.8 0.04 -0.00988948308629 -0.0130318303955 -0.018033217352 -0.0264045047137 -0.0400066437031 -0.0617910503998 -0.0924152463465 -0.144901226845 -0.215278103917 -0.170522101257 -0.191431516968 -0.226488005057 
1 4.8 0.04 -0.00986087181118 -0.0130032104687 -0.0180027571772 -0.0263718694502 -0.0399681887662 -0.0617491388531 -0.0923770187046 -0.144839513529 -0.215205996019 -0.170428541232 -0.191348911415 -0.226411078511 

0 4.84 0.04 -0.00952624588302 -0.0129526005777 -0.0180166535699 -0.0261442382007 -0.0392954722749 -0.0621440984751 -0.0993752089037 -0.144965224216 -0.223380242944 -0.234038321687 -0.207230681021 -0.189261806116 
1 4.84 0.04 -0.00949866338221 -0.0129240709825 -0.0179864009139 -0.0261128023977 -0.039258016915 -0.0621021998813 -0.0993357915764 -0.144906654456 -0.223310099152 -0.233944322181 -0.207126829722 -0.189164165957 

0 4.88 0.04 -0.00957181677322 -0.012507744202 -0.0177586613021 -0.0260240643785 -0.0396596631556 -0.0609752152411 -0.10024913224 -0.16193217588 -0.227023343288 -0.257588900431 -0.275471761342 -0.26855184139 
1 4.88 0.04 -0.00954446673591 -0.0124785793569 -0.0177285619697 -0.0259928552358 -0.0396242598555 -0.0609334618325 -0.100209459417 -0.161884572454 -0.22695527798 -0.257502731337 -0.275368865519 -0.268454242305 

0 4.92 0.04 -0.00953900181743 -0.0124768865876 -0.0171861780563 -0.0255234451233 -0.0396827643238 -0.0638801067688 -0.0996051848145 -0.166058814152 -0.226226302994 -0.249533285376 -0.310234293013 -0.295341332263 
1 4.92 0.04 -0.00951192473775 -0.0124477875556 -0.0171568007285 -0.0254924348889 -0.0396478664523 -0.0638394417422 -0.099565479636 -0.166014279024 -0.226160450838 -0.249452369337 -0.310145313557 -0.295252550867 

0 4.96 0.04 -0.00909268264003 -0.0123014643244 -0.0170319825753 -0.0248604199399 -0.0387667976436 -0.0643330732179 -0.107388243588 -0.16597538602 -0.243124422537 -0.235498658507 -0.300913886407 -0.372827923852 
1 4.96 0.04 -0.00906591358321 -0.0122724664946 -0.0170026805657 -0.0248290715542 -0.0387325822427 -0.0642934516032 -0.107346000391 -0.165933523115 -0.243059713602 -0.235420931805 -0.30082023402 -0.372739442633 

0 5 0.04 -0.00901680933306 -0.0116151417828 -0.0165833559348 -0.0245023700041 -0.0387107146048 -0.0629405696992 -0.108684347449 -0.164163871103 -0.237544892724 -0.325058830532 -0.387956133397 -0.356393793515 
1 5 0.04 -0.0089903018953 -0.0115869508885 -0.0165540392096 -0.0244712143349 -0.0386779428472 -0.0629021092814 -0.108642457382 -0.164124717151 -0.23748389937 -0.324985753756 -0.387857928915 -0.356296661898 

0 5.04 0.04 -0.00887322058268 -0.0113852504618 -0.0154115321396 -0.0236697518238 -0.0387582773601 -0.059517829683 -0.108894577524 -0.181646743181 -0.229136445326 -0.323799142736 -0.445542475386 -0.522907000931 
1 5.04 0.04 -0.00884697122852 -0.0113574097031 -0.0153816227295 -0.0236388614169 -0.0387256975372 -0.0594803247611 -0.108853005932 -0.181605585287 -0.229079402593 -0.323729265557 -0.445451526098 -0.522809183261 

0 5.08 0.04 -0.008224073174 -0.0109648431105 -0.0147489354165 -0.0218018521213 -0.0373271792474 -0.0678183047934 -0.106526312419 -0.181905494754 -0.255947175294 -0.318604273716 -0.437740821655 -0.533019792322 
1 5.08 0.04 -0.00819682302947 -0.0109374678131 -0.0147194076933 -0.0217713845604 -0.037295038198 -0.0677824463079 -0.106485307477 -0.18186481033 -0.255899414416 -0.318537549159 -0.437654251288 -0.532926358082 

0 5.12 0.04 -0.00795754160616 -0.00975869500687 -0.013845634116 -0.0207311444774 -0.0336202448269 -0.0670361879117 -0.122105610285 -0.18221420592 -0.251337957909 -0.33114405557 -0.422387891822 -0.540031476521 
1 5.12 0.04 -0.00793073143346 -0.00973172844285 -0.0138162694282 -0.0207013538115 -0.0335884471306 -0.0670010839908 -0.122066348806 -0.182173646918 -0.251293640205 -0.331077864509 -0.422305813181 -0.539943552745 

0 5.16 0.04 -0.00761320715455 -0.00905436402584 -0.0125660975696 -0.0188688591684 -0.0359939528109 -0.0630432703361 -0.123449157081 -0.203224549677 -0.252502338417 -0.329383095456 -0.48529613562 -0.551688889115 
1 5.16 0.04 -0.00758675188004 -0.00902761377435 -0.0125369655429 -0.0188390277512 -0.0359618847617 -0.0630085723508 -0.123410819838 -0.203182589215 -0.252461047286 -0.329321105987 -0.485221141011 -0.551609542834 

0 5.2 0.04 -0.00665608664809 -0.00824694816035 -0.00951490628859 -0.0152550392018 -0.033425432615 -0.0755874742098 -0.125699042683 -0.212428540157 -0.294242278622 -0.33173381101 -0.468852498627 -0.558361399014 
1 5.2 0.04 -0.00663169984221 -0.00822037307847 -0.00948669858218 -0.0152253112333 -0.0333936114743 -0.0755539798185 -0.125661734805 -0.212387317933 -0.294200177254 -0.331676078846 -0.468780171939 -0.558285180612 

0 5.24 0.04 -0.00604954469815 -0.00744010743592 -0.00738092419619 -0.0102906096591 -0.0261748137442 -0.0747478284006 -0.145504127143 -0.217588604106 -0.298328854731 -0.370183465988 -0.44668533441 -0.568503018926 
1 5.24 0.04 -0.00602581909853 -0.0074136996359 -0.00735310711466 -0.010260535843 -0.0261428064198 -0.074714912371 -0.145468153711 -0.217548160998 -0.298287317807 -0.370134774411 -0.4466159546 -0.568428837577 

0 5.28 0.04 -0.00556113667236 -0.00470597914621 -0.00558338821399 -0.00549925409299 -0.0275936010081 -0.0734968927941 -0.154143662432 -0.249940394202 -0.324165033 -0.376185889578 -0.456189449164 -0.51407507199 
1 5.28 0.04 -0.00553798304949 -0.00467879058194 -0.00555520669156 -0.00546862354671 -0.0275624507513 -0.0734644118434 -0.154108496212 -0.249901746054 -0.324124217765 -0.376139688213 -0.456122189621 -0.514002939872 

0 5.32 0.04 -0.00518849048914 -0.00328659211545 0.00193452528236 0.00417673672563 -0.0202811495017 -0.091432083252 -0.161158079951 -0.254731621258 -0.343417487873 -0.382198343347 -0.446609851916 -0.537941169065 
1 5.32 0.04 -0.00516537145882 -0.00326014883531 0.0019614615972 0.00420715589835 -0.0202516402663 -0.0913979638685 -0.161123437336 -0.254693910996 -0.343376115349 -0.38215519255 -0.446546663696 -0.537873435754 

0 5.36 0.04 -0.00350398951909 -0.00279324412572 0.0059068896303 0.0169762307858 -0.00483623888312 -0.0934794044027 -0.19545359924 -0.27356153413 -0.348121521596 -0.403960768534 -0.413773204719 -0.548797715615 
1 5.36 0.04 -0.00348075828668 -0.0027676293311 0.00593441421626 0.0170075966161 -0.00480757488572 -0.0934455940114 -0.195420892864 -0.273525282727 -0.348081080387 -0.403917461903 -0.413713777524 -0.548733927529 

0 5.4 0.04 -0.00299816272469 0.00162036488436 0.0097546307614 0.0305711915908 0.00313780308882 -0.0953821639161 -0.212599455001 -0.299748548549 -0.345118631279 -0.404251262116 -0.494018067329 -0.552493163482 
1 5.4 0.04 -0.00297565796759 0.00164543820167 0.00978224557762 0.030600974975 0.00316560605509 -0.0953485689566 -0.212566760561 -0.299713436066 -0.345078624453 -0.404208997002 -0.49396778086 -0.552439227476 

0 5.44 0.04 -0.00310652930744 0.00265248614572 0.0207316191635 0.0537195024005 0.0193726743538 -0.113512297154 -0.226297372193 -0.309360924495 -0.357881463108 -0.399915208227 -0.487299481066 -0.588256415736 
1 5.44 0.04 -0.00308467965257 0.00267726671679 0.0207607617057 0.0537492831705 0.0194006480328 -0.113480854069 -0.226265114513 -0.30932670645 -0.357843712934 -0.399874153667 -0.487252366106 -0.588205713682 

0 5.48 0.04 -0.00142778586171 0.00187445208806 0.0252730938325 0.0715091941374 0.0471529486113 -0.112003960407 -0.257337767646 -0.321400819275 -0.356393037795 -0.413179548605 -0.451618150094 -0.604140430437 
1 5.48 0.04 -0.00140520475051 0.00189891946937 0.0253015780237 0.0715376017947 0.0471813409596 -0.111972899642 -0.257304252637 -0.321367279085 -0.356356298161 -0.413138066737 -0.451573972558 -0.60409288866 

0 5.52 0.04 -0.00139906244817 0.00586263791064 0.0268903983271 0.0878282868967 0.0790688560527 -0.103757472294 -0.262613843468 -0.346367083489 -0.352233524757 -0.413182398544 -0.545582187287 -0.623426909153 
1 5.52 0.04 -0.00137579254035 0.00588675437686 0.0269177568766 0.0878570794122 0.0790992172391 -0.103726628914 -0.262581157533 -0.346335211928 -0.352197901581 -0.413142060958 -0.545538721792 -0.623382002742 

0 5.56 0.04 -0.00197120970598 0.00552661520294 0.0305548909019 0.105017245939 0.1009549657 -0.0851279303441 -0.264856282504 -0.351722650279 -0.376459804199 -0.403507845551 -0.530312426962 -0.65929639886 
1 5.56 0.04 -0.00194888726096 0.00555123021702 0.0305809192483 0.105045716411 0.100985794766 -0.0850981005078 -0.264824123433 -0.351691459444 -0.376425852129 -0.403469107941 -0.530270543018 -0.659253679573 

0 5.6 0.04 -0.00114018208903 0.00356309202405 0.0282615075708 0.0939859441755 0.130695868803 -0.0601796232517 -0.278963682829 -0.35516926816 -0.376373253388 -0.41779270388 -0.483155649448 -0.66922593532 
1 5.6 0.04 -0.00112146294301 0.00358847161372 0.0282877347402 0.0940161534398 0.130726312964 -0.060149626871 -0.27893272282 -0.355138205 -0.376339975912 -0.417755689194 -0.483115447456 -0.669184358315 

0 5.64 0.04 -0.00164017848902 0.00459381840259 0.0220169307969 0.0873787134355 0.150438535852 -0.0270583159916 -0.269274846775 -0.40292498182 -0.379957865217 -0.403428709341 -0.575472372034 -0.677460759908 
1 5.64 0.04 -0.00162145692222 0.00461822312838 0.0220425919347 0.0874085038776 0.150468138244 -0.0270286912904 -0.269244876085 -0.402894230424 -0.379925574382 -0.403392490106 -0.575432368949 -0.677419877891 

0 5.68 0.04 -0.00180950430981 0.00330095744296 0.0203326054541 0.0758185093377 0.152731488355 0.0566502072586 -0.231368731342 -0.390504329651 -0.450671874164 -0.406217264545 -0.54197491752 -0.701003510813 
1 5.68 0.04 -0.00178927888484 0.00332460536431 0.0203587273119 0.0758488459343 0.152761289555 0.0566810874275 -0.231339000573 -0.390473859901 -0.450642140601 -0.406182841401 -0.541936285825 -0.70096401864 

0 5.72 0.04 -0.00211271034567 0.00189826863737 0.0160262525855 0.0566716629778 0.151827707889 0.0907603828254 -0.177704978638 -0.354953121093 -0.417570496112 -0.472279269477 -0.607980011584 -0.676629741714 
1 5.72 0.04 -0.00209338333392 0.00191894278609 0.0160521483396 0.0567003703701 0.151858329555 0.0907928445284 -0.1776765259 -0.354923265522 -0.417541047148 -0.47224747074 -0.607943981241 -0.676592719863 

0 5.76 0.04 -0.00255754147855 0.00104823514284 0.0111924878246 0.0456440095223 0.120001502371 0.129941514394 -0.120345883265 -0.36797113216 -0.416339476083 -0.473163923036 -0.632843559418 -0.754855415968 
1 5.76 0.04 -0.00253733897605 0.00106956556617 0.0112185967071 0.0456721281695 0.12003330023 0.129974137393 -0.120316903529 -0.367943930404 -0.416311059575 -0.473132754867 -0.632808615805 -0.754819818087 

0 5.8 0.04 -0.00283656169103 5.73688541247e-05 0.00901357364278 0.031823571919 0.102718963617 0.164036718391 -0.0451515982775 -0.304290296904 -0.455118918039 -0.477363898937 -0.619060498117 -0.803616915048 
1 5.8 0.04 -0.00281786243426 7.83871667789e-05 0.00903897578674 0.0318507752922 0.102750773589 0.164067349391 -0.045121246165 -0.304262960319 -0.455090765585 -0.477333975019 -0.619028398558 -0.803583347869 

0 5.84 0.04 -0.00300634875501 -0.000791974279676 0.00673612775779 0.0266066468834 0.0751308170681 0.166004154968 0.0626818088343 -0.252275438899 -0.442457250596 -0.561918359602 -0.730182362701 -0.821941189611 
1 5.84 0.04 -0.00298857017359 -0.000771081527967 0.00676093378743 0.0266336375866 0.0751618912026 0.166035281148 0.0627145830716 -0.252248090514 -0.442430362596 -0.56189086949 -0.730152085596 -0.821911235907 

0 5.88 0.04 -0.00273627308992 -0.000394643258598 0.00566074980325 0.0244032397949 0.0693280964067 0.156370197585 0.126044575201 -0.182672269253 -0.490142245989 -0.583897676613 -0.761657950361 -0.914191095156 
1 5.88 0.04 -0.00271900633864 -0.000374361853843 0.00568422234604 0.0244300878947 0.0693591105253 0.156404537442 0.126078522365 -0.182644538145 -0.490118488604 -0.583871406587 -0.761629990115 -0.914162242792 

0 5.92 0.04 -0.0023447870506 9.56628981171e-05 0.00639871396226 0.0207655007398 0.0633554048422 0.144125138385 0.193589311004 -0.127743762339 -0.455410352222 -0.65832585505 -0.739705276652 -0.955286398989 
1 5.92 0.04 -0.00232729882815 0.0001166867061 0.00642255778013 0.020791526174 0.0633861201371 0.144160068371 0.193622564184 -0.127714935723 -0.455387330941 -0.658301088191 -0.739678895425 -0.955258861776 

0 5.96 0.04 -0.00214824315826 -0.00010240731493 0.00597141641591 0.0194399703779 0.0476055894471 0.126519353504 0.187027700849 0.0113080047585 -0.409268071942 -0.653562289647 -0.896911143358 -1.03112036825 
1 5.96 0.04 -0.00213104160336 -8.43393649809e-05 0.00599518985422 0.0194658916397 0.0476350310902 0.126555033771 0.187062347503 0.011340141494 -0.409245187869 -0.653538556145 -0.896886426225 -1.03109625413 

0 6 0.04 -0.00228194120363 -0.000439985840637 0.00394108014181 0.0162650852274 0.0406351500192 0.0902291933186 0.182437896017 0.0494600635977 -0.337486654694 -0.625705989755 -0.900580232492 -1.10087477546 
1 6 0.04 -0.00226451078201 -0.000423001718975 0.00396387016747 0.0162910221761 0.0406646548107 0.0902644920443 0.182474264404 0.0494933867299 -0.337463827424 -0.625684247074 -0.900557299648 -1.100852606 

0 6.04 0.04 -0.00262085907932 -0.00104080812831 0.00278814108115 0.0108302666421 0.0329030314771 0.0743438666496 0.146662280551 0.0937433136634 -0.275047855343 -0.664432822099 -0.871299721263 -1.12481494796 
1 6.04 0.04 -0.00260489341302 -0.00102445451762 0.00280964121529 0.0108567124582 0.0329323502085 0.0743788859817 0.14670132951 0.0937787114151 -0.275024437603 -0.664413166506 -0.871278192138 -1.12479292488 

0 6.08 0.04 -0.00278290695917 -0.00181231973928 0.00161629962856 0.00847736640956 0.0219628374659 0.0592494448139 0.122246854478 0.152241378745 -0.205263924336 -0.624692307362 -1.04220063705 -1.24175078169 
1 6.08 0.04 -0.00276760646327 -0.0017943391204 0.00163662979484 0.00850326828497 0.0219915358256 0.0592840560016 0.122286757669 0.152277840689 -0.205238663564 -0.62467422543 -1.04218198617 -1.24173193315 

0 6.12 0.04 -0.00324205608624 -0.00229860573254 -0.000250456413893 0.0059770376792 0.0169451647405 0.0380680848595 0.0992519166309 0.14474016383 -0.0639318513625 -0.539981882591 -1.01570466181 -1.27710535611 
1 6.12 0.04 -0.00322682668172 -0.00228052290199 -0.000232285938772 0.00600233759488 0.0169737476873 0.0381011113706 0.0992919507425 0.144778043444 -0.0639011080625 -0.539965212358 -1.0156870825 -1.27708698295 

0 6.16 0.04 -0.0034318455701 -0.00323047773394 -0.00131222718577 0.00205731772819 0.00848902229653 0.0283651445553 0.0611044724252 0.14162208152 -0.0227258558185 -0.512836871257 -1.12128516743 -1.33115179095 
1 6.16 0.04 -0.00341721698378 -0.00321357398982 -0.00129445776003 0.00208047830853 0.00851780741761 0.0283980851914 0.0611440465412 0.14166185577 -0.0226938544193 -0.512818852314 -1.12127198836 -1.33114046894 

0 6.2 0.04 -0.00366179672313 -0.00375792595551 -0.00318090560661 -6.06259448079e-05 0.0045529336258 0.0132607733475 0.0439111968538 0.0866244707764 0.0266307886073 -0.435245387775 -1.09717606453 -1.37434305259 
1 6.2 0.04 -0.0036474750851 -0.00374208008673 -0.00316205588727 -3.83504702533e-05 0.00458104269837 0.0132929661578 0.0439507128415 0.0866676755562 0.0266646659179 -0.435226010978 -1.09716324676 -1.37433140587 

0 6.24 0.04 -0.00432596587313 -0.00443175159211 -0.00437341716902 -0.0035974974597 0.000751610053585 0.00641997350512 0.0174974451802 0.0610816891778 0.0503018141931 -0.286708820055 -1.04209373268 -1.36573303211 
1 6.24 0.04 -0.00431263739269 -0.00441653427902 -0.00435489329879 -0.00357714874986 0.000779055014061 0.00645150342857 0.0175337991159 0.0611204467699 0.0503449845316 -0.2866810004 -1.04208311489 -1.36572223783 

0 6.28 0.04 -0.0046662017262 -0.00550764940492 -0.00556405012475 -0.00562497525893 -0.00520898506877 0.000217443819509 0.00604730862879 0.0170291399349 0.0417982778639 -0.25647240326 -1.04599547634 -1.32510808305 
1 6.28 0.04 -0.00465363198055 -0.00549223362868 -0.00554603182641 -0.00560522274421 -0.00518359179696 0.000248635180031 0.00608504699297 0.0170691761026 0.0418409307568 -0.256436109632 -1.04599395879 -1.32511056762 

0 6.32 0.04 -0.00508838931538 -0.00630215528692 -0.00744874056625 -0.0075535162256 -0.00838108110129 -0.00945727118541 -0.00298766208565 -0.00212517664563 -0.0147443857223 -0.173859088079 -0.984471426883 -1.32115695164 
1 6.32 0.04 -0.00507659628486 -0.00628745404174 -0.00743235567143 -0.00753405738634 -0.00835722227011 -0.009426859251 -0.0029506417297 -0.00208315974268 -0.0147084069742 -0.173817731919 -0.984465145913 -1.32115536726 

0 6.36 0.04 -0.00595140821557 -0.00748210425729 -0.00871099909913 -0.0105275949556 -0.0110606582792 -0.014116214843 -0.020026915285 -0.0145331000472 -0.0450140110971 -0.181859628401 -0.935206758634 -1.29418275831 
1 6.36 0.04 -0.00594041967752 -0.00746850460074 -0.00869533859274 -0.0105077822432 -0.0110382895323 -0.0140870657478 -0.0199924103752 -0.0144891136928 -0.0449765857111 -0.181816807286 -0.935195435724 -1.29417741876 

0 6.4 0.04 -0.00634447042163 -0.00823493710212 -0.0103524979011 -0.0123124285891 -0.0158033568029 -0.0212827517238 -0.0270771404145 -0.0476089213244 -0.0662822450077 -0.185713678902 -0.824405523942 -1.12102498947 
1 6.4 0.04 -0.00633427288675 -0.0082221442337 -0.0103368145572 -0.0122933054883 -0.0157822015653 -0.0212556733984 -0.0270437862834 -0.047568274713 -0.0662422488204 -0.185672467044 -0.824380080302 -1.12100546923 

0 6.44 0.04 -0.00717232182678 -0.00892251154128 -0.0115024476688 -0.014734269174 -0.0182927805192 -0.0256785017388 -0.0390717385359 -0.057871938085 -0.123939936491 -0.100558626089 -0.801302101746 -1.13582454154 
1 6.44 0.04 -0.00716289430626 -0.00891057459156 -0.0114875208786 -0.0147172995314 -0.018272384672 -0.0256527390262 -0.0390388606286 -0.0578327320442 -0.123894624934 -0.100516124778 -0.801272390893 -1.13580097242 

0 6.48 0.04 -0.0074938843488 -0.00995404182986 -0.0124950982765 -0.0163899734665 -0.02203143753 -0.0290374807853 -0.0458464221262 -0.0801815343791 -0.142079675598 -0.298431112064 -0.758727318258 -0.987769263058 
1 6.48 0.04 -0.00748528178018 -0.00994300947328 -0.0124809686764 -0.0163738883945 -0.0220109785144 -0.0290132930352 -0.0458150603082 -0.080144554696 -0.142033466192 -0.298390077716 -0.758692056072 -0.987736632459 

0 6.52 0.04 -0.00770405679158 -0.0105342813485 -0.013909392099 -0.0177133171083 -0.024397102179 -0.0352031201683 -0.0499625703368 -0.0907549743577 -0.182030658202 -0.27110027278 -0.791768737286 -1.07156234979 
1 6.52 0.04 -0.00769629804602 -0.0105240858054 -0.0138965497745 -0.0176981842246 -0.024377454448 -0.0351808402922 -0.0499326992071 -0.0907190701631 -0.181987546755 -0.271056670517 -0.791731245831 -1.07152787856 

0 6.56 0.04 -0.00851457648055 -0.0114906490423 -0.0148017059999 -0.0198095919305 -0.0260396149328 -0.0385718873401 -0.0610447487046 -0.0931796725892 -0.19925621617 -0.398712022194 -0.85804800452 -1.14926159719 
1 6.56 0.04 -0.00850776872577 -0.0114813026447 -0.0147897033132 -0.019794556338 -0.0260208550569 -0.0385505490726 -0.0610176627373 -0.0931451896325 -0.199214347952 -0.398664261503 -0.858008495309 -1.14922373429 

0 6.6 0.04 -0.00866748109442 -0.0119886269608 -0.0160163011567 -0.0210587456432 -0.0295211253248 -0.0431354856965 -0.0657006436471 -0.116475293249 -0.208564088596 -0.396246645864 -0.897937430059 -1.14940250835 
1 6.6 0.04 -0.00866181159859 -0.0119800910968 -0.0160050061732 -0.0210445887749 -0.0295046283612 -0.0431145492435 -0.0656752667079 -0.116442755838 -0.208523848972 -0.396197896319 -0.897894764624 -1.14936175948 

0 6.64 0.04 -0.00941854980368 -0.0123830200722 -0.0168533292348 -0.0227784194178 -0.0311515918677 -0.0466330516499 -0.0737382803776 -0.121375876826 -0.242393828258 -0.466554165935 -0.964474117469 -1.24267293951 
1 6.64 0.04 -0.00941381290934 -0.0123751978154 -0.016842789148 -0.0227656464495 -0.0311361986289 -0.0466130901354 -0.0737151022698 -0.121344634175 -0.242355922526 -0.466507364227 -0.964428674466 -1.24263007219 

0 6.68 0.04 -0.00949382800898 -0.0132531007559 -0.017495163256 -0.0240312436513 -0.0338712336923 -0.0486496840533 -0.0791777083487 -0.137642887683 -0.253500946593 -0.479814390331 -0.991534381193 -1.22681490305 
1 6.68 0.04 -0.00948992286626 -0.0132466409365 -0.0174855519093 -0.0240192592826 -0.0338559916337 -0.0486309480048 -0.0791557968158 -0.13761453042 -0.253464605687 -0.479769775925 -0.991483845768 -1.22676431398 

0 6.72 0.04 -0.0102047010355 -0.0135634269619 -0.018622014957 -0.0248345311635 -0.0356452684753 -0.0535783918571 -0.0807285957314 -0.145054685963 -0.275679653036 -0.412243728409 -1.04018820526 -1.31400112837 
1 6.72 0.04 -0.0102013451274 -0.0135580352598 -0.0186133628963 -0.0248234319622 -0.0356309356723 -0.0535618078353 -0.0807079899513 -0.145028264949 -0.275645464735 -0.412201349507 -1.04013794749 -1.31395022688 

0 6.76 0.04 -0.0102373447135 -0.0143081290385 -0.0191919134925 -0.0266388989965 -0.0378490896187 -0.0559990575244 -0.0910539183093 -0.143660421345 -0.288990205293 -0.530278096708 -1.03790607663 -1.24975796194 
1 6.76 0.04 -0.0102347798589 -0.0143036118509 -0.019184258695 -0.0266285241138 -0.0378362148873 -0.0559833399318 -0.0910342580143 -0.143636162392 -0.288958188528 -0.530238640369 -1.03785835074 -1.24970865996 

0 6.8 0.04 -0.0100830247066 -0.0145328499923 -0.0200867598708 -0.0273901738748 -0.0397325608916 -0.059799308923 -0.0937557943332 -0.16543601868 -0.302423182314 -0.491231148063 -1.07631889522 -1.33419275606 
1 6.8 0.04 -0.0100812639231 -0.0145290412303 -0.0200804715154 -0.0273806954629 -0.0397206161757 -0.0597836683894 -0.0937372876252 -0.165413504569 -0.302394379588 -0.491193802166 -1.07627268541 -1.33414400665 

0 6.84 0.04 -0.00968339751789 -0.0146667161603 -0.0205977570203 -0.0287897938267 -0.0405600723135 -0.0626030339783 -0.10168142373 -0.167279121986 -0.31683880051 -0.558575707385 -1.14286154146 -1.41646865548 
1 6.84 0.04 -0.00968249745024 -0.0146636700783 -0.0205924889073 -0.0287812210081 -0.0405490081379 -0.0625883474688 -0.101664708997 -0.167258154229 -0.316811404297 -0.558540271592 -1.14281643455 -1.41642158208 

0 6.88 0.04 -0.00894599352428 -0.0155916886238 -0.0207814125193 -0.0295041618267 -0.0430976910828 -0.0628809343812 -0.105456885644 -0.183633803166 -0.320283410411 -0.538608007987 -1.0828904017 -1.31696158274 
1 6.88 0.04 -0.00894613760103 -0.0155894510561 -0.020777065858 -0.0294966571386 -0.0430873439196 -0.062867504179 -0.105441013461 -0.183613934308 -0.320258755393 -0.538574090283 -1.08284875142 -1.31691732495 

0 6.92 0.04 -0.0077684090462 -0.0153530781101 -0.0215805276025 -0.0303746174849 -0.0440322949557 -0.0687735640441 -0.111616631423 -0.18831764782 -0.33777772915 -0.449629304396 -1.12490535973 -1.38669957984 
1 6.92 0.04 -0.00776944656698 -0.0153517292872 -0.0215768552389 -0.0303685925356 -0.0440230266443 -0.0687617420689 -0.111601259133 -0.188298434134 -0.337754481919 -0.44959861144 -1.12486533367 -1.38665681722 

0 6.96 0.04 -0.00590785659278 -0.0145808975393 -0.021791640642 -0.0310333928773 -0.0458108492471 -0.0693328258327 -0.116546453402 -0.200466490598 -0.340101259298 -0.56013176524 -1.06607388591 -1.27139665928 
1 6.96 0.04 -0.00590994221105 -0.014580527481 -0.0217888826178 -0.031028333563 -0.0458025509845 -0.0693217965195 -0.116532094352 -0.200449720832 -0.340080080925 -0.560103516401 -1.06603633856 -1.27135664709 

0 7 0.04 -0.00305838815213 -0.0130714893298 -0.0230921322894 -0.0309000891143 -0.0467687703915 -0.0739796749262 -0.116127445076 -0.207191684296 -0.353228679286 -0.50164021305 -1.09104128281 -1.33183040622 
1 7 0.04 -0.00306145525314 -0.0130721235779 -0.0230903438654 -0.030896035148 -0.0467615278036 -0.0739697363224 -0.116114432932 -0.207176498585 -0.353208826242 -0.501615322831 -1.09100789262 -1.33179305986 

0 7.04 0.04 0.00120235750496 -0.0104857457742 -0.0221813845894 -0.0315509766821 -0.047624388536 -0.0750492542399 -0.127190520391 -0.208249108762 -0.352277289499 -0.566388946499 -1.03337940843 -1.20886564463 
1 7.04 0.04 0.00119827467206 -0.0104874215586 -0.022180587932 -0.0315478156749 -0.0476186876418 -0.0750403489003 -0.127179133554 -0.208234455112 -0.352258445261 -0.566366322431 -1.0333497674 -1.20883455774 

0 7.08 0.04 0.00741309638676 -0.00638087753823 -0.020181923017 -0.0315606403255 -0.0486168259636 -0.0787522622368 -0.128159252317 -0.22463432054 -0.363376020177 -0.531918447693 -1.04979964972 -1.26436564771 
1 7.08 0.04 0.00740806843739 -0.00638350247829 -0.0201819432056 -0.031558236173 -0.0486122146373 -0.0787442401786 -0.128148684785 -0.224620582845 -0.363359613086 -0.531897524662 -1.04977081696 -1.26433427425 

0 7.12 0.04 0.0164330019647 -6.98963698873e-05 -0.0165788622151 -0.0330909885312 -0.0473851294882 -0.0801564860891 -0.137821071344 -0.226459959277 -0.358889691558 -0.561993845576 -1.07573613646 -1.31979127493 
1 7.12 0.04 0.0164269746711 -7.3595215142e-05 -0.016580069861 -0.0330897210673 -0.0473814476557 -0.0801498928406 -0.137812308904 -0.226447166606 -0.358874183498 -0.561974512947 -1.0757090504 -1.31976254151 

0 7.16 0.04 0.0299216783215 0.00973097874377 -0.0104642793659 -0.0306604296831 -0.0486809438101 -0.0765649334234 -0.139821403624 -0.240590360538 -0.337179033503 -0.545117075052 -1.00372340128 -1.1900131157 
1 7.16 0.04 0.0299143538191 0.0097264171315 -0.0104664783678 -0.0306601764811 -0.0486780829992 -0.0765590677376 -0.139814082582 -0.240580412957 -0.337164825254 -0.545098014258 -1.00369893454 -1.18998711299 

0 7.2 0.04 0.0511422787882 0.0255279577823 -8.89506644103e-05 -0.0257037526162 -0.0473863769276 -0.0850423072569 -0.149605867698 -0.24141146427 -0.363670268602 -0.556610820548 -1.007398544 -1.23349726999 
1 7.2 0.04 0.0511339401918 0.0255222208424 -9.21673517709e-05 -0.0257043268222 -0.0473844954965 -0.085037726998 -0.149599107389 -0.241402749076 -0.363658278408 -0.556595823713 -1.00737656154 -1.23347355973 

0 7.24 0.04 0.0872113748784 0.0528484342322 0.0184854935091 -0.0158713588687 -0.0502266910409 -0.0818580568849 -0.153503835507 -0.25689769507 -0.34591105653 -0.551551914424 -0.955698483662 -1.11346852183 
1 7.24 0.04 0.0872019279631 0.0528418385228 0.0184812336001 -0.0158731202251 -0.050226073617 -0.0818548588866 -0.153497882696 -0.256890055412 -0.34589944654 -0.551537265577 -0.955677532205 -1.11344841689 

0 7.28 0.04 0.14725178555 0.0992015662126 0.0511538264022 0.00311762828207 -0.044913448449 -0.0904060710421 -0.152959175453 -0.25791077452 -0.373730006717 -0.524564039656 -0.947213962085 -1.15225075696 
1 7.28 0.04 0.147241135258 0.0991935528307 0.0511484961343 0.00311481609857 -0.0449138805127 -0.0904041144084 -0.152955032734 -0.25790451525 -0.373720823028 -0.524551165827 -0.947195040644 -1.15223005996 

0 7.32 0.04 0.240617247122 0.172691482672 0.104771231773 0.036869645487 -0.0310228951442 -0.0860454138302 -0.169210710625 -0.277078706025 -0.366792641471 -0.559154779434 -0.911148277893 -1.04214946725 
1 7.32 0.04 0.24060590245 0.172682722943 0.104764445034 0.0368656177953 -0.0310247357388 -0.086044528798 -0.16920801403 -0.277073224251 -0.366784376134 -0.559141731156 -0.911131832596 -1.04213138906 

0 7.36 0.04 0.372268995838 0.278264543288 0.184269348602 0.0903010149184 -0.00365259327503 -0.0976160864876 -0.167238774345 -0.278244067769 -0.399907727445 -0.551864324619 -0.902068597025 -1.08563794759 
1 7.36 0.04 0.372255778671 0.278254153566 0.184261402018 0.0902952846534 -0.00365567024087 -0.0976166149597 -0.167237322709 -0.278239616106 -0.399901660621 -0.551853983583 -0.902053891121 -1.08562382997 

0 7.4 0.04 0.531599237261 0.408276204115 0.284966921753 0.161695971069 0.0384467295614 -0.0848132223388 -0.186132681659 -0.27983637756 -0.404410755276 -0.577737730649 -0.87535363244 -0.982690776434 
1 7.4 0.04 0.531584786044 0.40826398942 0.284957475575 0.161688979993 0.0384428317599 -0.084814821254 -0.186131518173 -0.279832705035 -0.404405576416 -0.577728221881 -0.875339836557 -0.982675145039 

0 7.44 0.04 0.70407816162 0.55117402807 0.398290740464 0.245458339875 0.0926571548715 -0.0601518846969 -0.178944291379 -0.305237491419 -0.436681988971 -0.583144366015 -0.873906690813 -1.0375456263 
1 7.44 0.04 0.704062732879 0.551160688574 0.398280185298 0.245449888163 0.0926512921823 -0.0601546423017 -0.178944187472 -0.3052353636 -0.436676740775 -0.58313658894 -0.873893826257 -1.03753188272 

0 7.48 0.04 0.869532112033 0.690170346939 0.510839918006 0.331574697292 0.152350742233 -0.0268772928456 -0.206006648142 -0.313624631441 -0.445997907703 -0.60594746487 -0.838543354456 -1.08004077904 
1 7.48 0.04 0.869514971905 0.690155795247 0.510827577388 0.331565452394 0.152343277388 -0.0268823813966 -0.206008590278 -0.313624618342 -0.445993926805 -0.60594103734 -0.838531520625 -1.08002847562 

0 7.52 0.04 0.982217804194 0.785594992233 0.58901272623 0.392508757491 0.196057246278 -0.000393448099972 -0.196729567655 -0.339989852936 -0.472381109239 -0.614349150704 -0.867601774972 -1.01642970267 
1 7.52 0.04 0.98219811333 0.785577906127 0.588998880725 0.39249701548 0.196048664525 -0.000400133045034 -0.196732810305 -0.339989894267 -0.472379797744 -0.614344156097 -0.867592180109 -1.01641931513 

0 7.56 0.04 1.02084001373 0.818138864676 0.615484196764 0.412915171412 0.210405326535 0.00790322125775 -0.19447441633 -0.339411732134 -0.47474129695 -0.631183261218 -0.826181131378 -1.06295789723 
1 7.56 0.04 1.02081938131 0.818120802989 0.615468951586 0.412901734146 0.210394374436 0.00789606914767 -0.194480051907 -0.339413418507 -0.474740086928 -0.631179263048 -0.82617315754 -1.06294957296 

0 7.6 0.04 1.02487731674 0.821041715173 0.617254767618 0.41355798645 0.209924033621 0.00630144176525 -0.197188380704 -0.400662766437 -0.468948739516 -0.63766067075 -0.88301362244 -1.02400385491 
1 7.6 0.04 1.02485328599 0.821021704884 0.617236900675 0.413542365166 0.209911792519 0.0062920588474 -0.197195053888 -0.400666418378 -0.468949555261 -0.637657101338 -0.883007502101 -1.02399660603 

0 7.64 0.04 1.04347467262 0.836946080447 0.630468312529 0.424083186049 0.217764723726 0.011462065017 -0.194701515805 -0.400841044964 -0.480472286203 -0.644464206878 -0.840383584791 -1.07749039649 
1 7.64 0.04 1.04344763259 0.836923054234 0.630447270627 0.424066228954 0.217750205782 0.0114498250963 -0.194709730385 -0.400846943517 -0.480474672506 -0.644463249543 -0.840377744465 -1.07748407129 

0 7.68 0.04 1.12757497971 0.910779997717 0.694038212892 0.477394952626 0.260824088342 0.0442736383207 -0.172125904874 -0.3884926696 -0.479741543729 -0.645997885331 -0.912588584075 -1.05461945346 
1 7.68 0.04 1.12754374074 0.91075242206 0.694014071369 0.47737491303 0.26080714837 0.0442595917154 -0.172136288793 -0.388500347723 -0.479745310656 -0.645998615869 -0.912584375034 -1.054613346 

0 7.72 0.04 1.31515686748 1.07660076743 0.838100117385 0.599708518431 0.361396643313 0.123110195945 -0.115007324968 -0.353084285279 -0.591030481784 -0.631191480689 -0.868441948216 -1.11330851392 
1 7.72 0.04 1.31512362696 1.07656988389 0.838073894489 0.599684973051 0.361376374339 0.123094066195 -0.115019720497 -0.353094377898 -0.591036495562 -0.631192574606 -0.86843843678 -1.11330427959 

0 7.76 0.04 1.60494790698 1.33417859641 1.06347070351 0.792885034021 0.522389062435 0.25192018522 -0.0183541161917 -0.288581397045 -0.558658448572 -0.645379887396 -0.941471688574 -1.09182540242 
1 7.76 0.04 1.60490967413 1.33414568031 1.06343976142 0.792858571184 0.522366920832 0.251900488339 -0.0183696253175 -0.288592326456 -0.558666437501 -0.645383920723 -0.941470816516 -1.09182416148 

0 7.8 0.04 1.913653742 1.61035170974 1.30711917533 1.00402180563 0.701026497809 0.398063461415 0.0953187290515 -0.207370350852 -0.509889470856 -0.61863047711 -0.893171807617 -1.15220071713 
1 7.8 0.04 1.91361181561 1.61031353949 1.30708561008 1.00399131373 0.700999911754 0.398040970546 0.0953008394313 -0.207384312739 -0.509901451999 -0.618636699013 -0.893176206101 -1.15220146531 

0 7.84 0.04 2.2805079493 1.93975933343 1.59908793239 1.25856804084 0.918162267353 0.577791870645 0.237665653613 -0.102398898406 -0.442272103341 -0.782054746508 -0.947782264989 -1.09400148576 
1 7.84 0.04 2.28046328839 1.93971726094 1.59904882613 1.25853472203 0.918134243812 0.577766748559 0.237644913536 -0.102416455061 -0.442284814189 -0.782063448166 -0.947786049415 -1.09400393409 

0 7.88 0.04 3.37606043587 2.92263011373 2.46927456061 2.01609429155 1.56303820142 1.11000059118 0.657256299763 0.204559846257 -0.247921089224 -0.700309192286 -0.917654333584 -1.1780688566 
1 7.88 0.04 3.37600711393 2.92258177134 2.46923203554 2.01605597953 1.56300422184 1.10997227512 0.657231139803 0.20453968586 -0.247937854565 -0.700319447164 -0.917659316829 -1.1780760077 

0 7.92 0.04 6.30749388558 5.55889495433 4.81034823482 4.0620100813 3.31380016226 2.56554536188 1.81768980594 1.06981950119 0.322205586358 -0.425348142142 -1.17310400256 -1.37754466305 
1 7.92 0.04 6.30743762466 5.55884163953 4.81030081421 4.06196767404 3.31376331799 2.56551324853 1.81766061952 1.06979416407 0.322187687382 -0.425361000611 -1.17311338821 -1.37755258605 

0 7.96 0.04 10.8514061209 9.656895459 8.46238290131 7.26812839373 6.07399492836 4.87971175196 3.68599121285 2.49215185138 1.29863507269 0.105134736169 -1.08870994392 -1.41510832207 
1 7.96 0.04 10.8513437993 9.65683843403 8.46233054756 7.26808163879 6.07395288834 4.87967276727 3.68596051025 2.49212502641 1.29861460924 0.105117419617 -1.08872281692 -1.41511914984 

0 8 0.04 0 0 0 0 0 0 0 0 0 0 0 0 
1 8 0.04 0 0 0 0 0 0 0 0 0 0 0 0 

0 8.04 0.04 0 0 0 0 0 0 0 0 0 0 0 0 
1 8.04 0.04 0 0 0 0 0 0 0 0 0 0 0 0 

0 8.08 0.04 0 0 0 0 0 0 0 0 0 0 0 0 
1 8.08 0.04 0 0 0 0 0 0 0 0 0 0 0 0 

0 8.12 0.04 0 0 0 0 0 0 0 0 0 0 0 0 
1 8.12 0.04 0 0 0 0 0 0 0 0 0 0 0 0 

0 8.16 0.04 0 0 0 0 0 0 0 0 0 0 0 0 
1 8.16 0.04 0 0 0 0 0 0 0 0 0 0 0 0 

0 8.2 0.04 0 0 0 0 0 0 0 0 0 0 0 0 
1 8.2 0.04 0 0 0 0 0 0 0 0 0 0 0 0 

0 8.24 0.04 0 0 0 0 0 0 0 0 0 0 0 0 
1 8.24 0.04 0 0 0 0 0 0 0 0 0 0 0 0 

0 8.28 0.04 0 0 0 0 0 0 0 0 0 0 0 0 
1 8.28 0.04 0 0 0 0 0 0 0 0 0 0 0 0 

0 8.32 0.04 0 0 0 0 0 0 0 0 0 0 0 0 
1 8.32 0.04 0 0 0 0 0 0 0 0 0 0 0 0 

0 8.36 0.04 0 0 0 0 0 0 0 0 0 0 0 0 
1 8.36 0.04 0 0 0 0 0 0 0 0 0 0 0 0 

0 8.4 0.04 0 0 0 0 0 0 0 0 0 0 0 0 
1 8.4 0.04 0 0 0 0 0 0 0 0 0 0 0 0 

0 8.44 0.04 0 0 0 0 0 0 0 0 0 0 0 0 
1 8.44 0.04 0 0 0 0 0 0 0 0 0 0 0 0 

0 8.48 0.04 0 0 0 0 0 0 0 0 0 0 0 0 
1 8.48 0.04 0 0 0 0 0 0 0 0 0 0 0 0 

0 8.52 0.04 0 0 0 0 0 0 0 0 0 0 0 0 
1 8.52 0.04 0 0 0 0 0 0 0 0 0 0 0 0 

0 8.56 0.04 0 0 0 0 0 0 0 0 0 0 0 0 
1 8.56 0.04 0 0 0 0 0 0 0 0 0 0 0 0 

0 8.6 0.04 0 0 0 0 0 0 0 0 0 0 0 0 
1 8.6 0.04 0 0 0 0 0 0 0 0 0 0 0 0 

