sourceHeightsMomentum
(
    0.0
);

sourceTableMomentumX
(
    (2.5 -8.31731395411e-09)
    (5.0 -3.18289186637e-09)
    (7.5 -1.1993169259e-09)
    (10.0 1.36857842502e-09)
    (12.5 5.25110453116e-09)
    (15.0 1.07076150062e-08)
    (17.5 1.79357425774e-08)
    (20.0 2.70892248254e-08)
    (22.5 3.82944332454e-08)
    (25.0 5.16796520213e-08)
    (27.5 6.73224695878e-08)
    (30.0 8.52907027128e-08)
    (32.5 1.05652751779e-07)
    (35.0 1.28427693632e-07)
    (37.5 1.537298147e-07)
    (40.0 1.81518161318e-07)
    (42.5 2.1190087222e-07)
    (45.0 2.44939751584e-07)
    (47.5 2.80587651244e-07)
    (50.0 3.18897123698e-07)
    (52.5 3.59934193474e-07)
    (55.0 4.03716198398e-07)
    (57.5 4.50221126176e-07)
    (60.0 4.99528813601e-07)
    (62.5 5.5168735497e-07)
    (65.0 6.06746873767e-07)
    (67.5 6.64690513306e-07)
    (70.0 7.25585400346e-07)
    (72.5 7.92412445342e-07)
    (75.0 8.57115565643e-07)
    (77.5 9.27482037166e-07)
    (80.0 9.99935719647e-07)
    (82.5 1.07433224575e-06)
    (85.0 1.15321796835e-06)
    (87.5 1.23630228289e-06)
    (90.0 1.32342368495e-06)
    (92.5 1.41435928556e-06)
    (95.0 1.50888307075e-06)
    (97.5 1.60614016297e-06)
    (100.0 1.70651005457e-06)
    (102.5 1.80910392198e-06)
    (105.0 1.91478332508e-06)
    (107.5 2.02487402085e-06)
    (110.0 2.13908178549e-06)
    (112.5 2.25779747269e-06)
    (115.0 2.38056030938e-06)
    (117.5 2.50767593641e-06)
    (120.0 2.63872537732e-06)
    (122.5 2.77399063436e-06)
    (125.0 2.91418180632e-06)
    (127.5 3.05854973616e-06)
    (130.0 3.20594045201e-06)
    (132.5 3.35744567138e-06)
    (135.0 3.51427128748e-06)
    (137.5 3.67746452071e-06)
    (140.0 3.84752384979e-06)
    (142.5 4.02380036724e-06)
    (145.0 4.20400502205e-06)
    (147.5 4.38708087475e-06)
    (150.0 4.57414005633e-06)
    (152.5 4.76871540944e-06)
    (155.0 4.97259040618e-06)
    (157.5 5.18549386085e-06)
    (160.0 5.40474100449e-06)
    (162.5 5.6262667338e-06)
    (165.0 5.8523170929e-06)
    (167.5 6.08632030473e-06)
    (170.0 6.33017374744e-06)
    (172.5 6.58411116572e-06)
    (175.0 6.84720017386e-06)
    (177.5 7.114787802e-06)
    (180.0 7.3881016203e-06)
    (182.5 7.66962220286e-06)
    (185.0 7.96187516797e-06)
    (187.5 8.26658816388e-06)
    (190.0 8.58043088531e-06)
    (192.5 8.90100065213e-06)
    (195.0 9.22892616461e-06)
    (197.5 9.5671755166e-06)
    (200.0 9.9195896801e-06)
    (202.5 1.02851066936e-05)
    (205.0 1.06595399542e-05)
    (207.5 1.1042722774e-05)
    (210.0 1.14376291321e-05)
    (212.5 1.18459829298e-05)
    (215.0 1.22693870669e-05)
    (217.5 1.2705051201e-05)
    (220.0 1.31528328769e-05)
    (222.5 1.3611691444e-05)
    (225.0 1.4088208582e-05)
    (227.5 1.45791996081e-05)
    (230.0 1.50854978174e-05)
    (232.5 1.56040286644e-05)
    (235.0 1.61372300871e-05)
    (237.5 1.66888245088e-05)
);
sourceTableMomentumY
(
    (2.5 0.000686195899843)
    (5.0 0.00076102692887)
    (7.5 0.000767401943009)
    (10.0 0.000767908141991)
    (12.5 0.000767944501139)
    (15.0 0.000767946682233)
    (17.5 0.000767946739698)
    (20.0 0.000767946699147)
    (22.5 0.000767946648098)
    (25.0 0.000767946582904)
    (27.5 0.000767946499313)
    (30.0 0.00076794639325)
    (32.5 0.000767946262337)
    (35.0 0.000767946103024)
    (37.5 0.000767945911958)
    (40.0 0.000767945687121)
    (42.5 0.000767945425766)
    (45.0 0.000767945125156)
    (47.5 0.000767944781731)
    (50.0 0.00076794439418)
    (52.5 0.000767943965019)
    (55.0 0.000767943484257)
    (57.5 0.000767942957592)
    (60.0 0.000767942379634)
    (62.5 0.000767941748447)
    (65.0 0.000767941068018)
    (67.5 0.000767940323507)
    (70.0 0.000767939526203)
    (72.5 0.000767938667855)
    (75.0 0.00076793773995)
    (77.5 0.000767936752053)
    (80.0 0.000767935703111)
    (82.5 0.000767934588617)
    (85.0 0.00076793341093)
    (87.5 0.000767932160554)
    (90.0 0.000767930849923)
    (92.5 0.000767929465532)
    (95.0 0.000767928018757)
    (97.5 0.000767926496878)
    (100.0 0.000767924914451)
    (102.5 0.000767923264753)
    (105.0 0.000767921545234)
    (107.5 0.000767919772825)
    (110.0 0.00076791793322)
    (112.5 0.00076791605282)
    (115.0 0.000767914122032)
    (117.5 0.00076791214265)
    (120.0 0.000767910118778)
    (122.5 0.000767908052775)
    (125.0 0.000767905943755)
    (127.5 0.000767903805455)
    (130.0 0.000767901630669)
    (132.5 0.000767899423536)
    (135.0 0.000767897195264)
    (137.5 0.000767894924846)
    (140.0 0.000767892621259)
    (142.5 0.000767890275605)
    (145.0 0.000767887904844)
    (147.5 0.00076788549726)
    (150.0 0.000767883059245)
    (152.5 0.000767880576733)
    (155.0 0.00076787801872)
    (157.5 0.000767875418266)
    (160.0 0.000767872781565)
    (162.5 0.000767870118832)
    (165.0 0.000767867341735)
    (167.5 0.000767864541225)
    (170.0 0.000767861598446)
    (172.5 0.000767858557998)
    (175.0 0.000767855447304)
    (177.5 0.000767852238966)
    (180.0 0.000767848891325)
    (182.5 0.000767845393801)
    (185.0 0.000767841726651)
    (187.5 0.000767837881473)
    (190.0 0.000767833860658)
    (192.5 0.000767829629448)
    (195.0 0.000767825188579)
    (197.5 0.000767820499535)
    (200.0 0.000767815515237)
    (202.5 0.000767810251676)
    (205.0 0.000767804704827)
    (207.5 0.000767798819182)
    (210.0 0.000767792553579)
    (212.5 0.000767785911804)
    (215.0 0.000767778896089)
    (217.5 0.000767771404826)
    (220.0 0.000767763455396)
    (222.5 0.000767755100711)
    (225.0 0.000767746260608)
    (227.5 0.000767736845784)
    (230.0 0.000767726905911)
    (232.5 0.000767716461107)
    (235.0 0.000767705431538)
    (237.5 0.000767693815413)
);
sourceTableMomentumZ
(
    (2.5 0.0)
    (5.0 0.0)
    (7.5 0.0)
    (10.0 0.0)
    (12.5 0.0)
    (15.0 0.0)
    (17.5 0.0)
    (20.0 0.0)
    (22.5 0.0)
    (25.0 0.0)
    (27.5 0.0)
    (30.0 0.0)
    (32.5 0.0)
    (35.0 0.0)
    (37.5 0.0)
    (40.0 0.0)
    (42.5 0.0)
    (45.0 0.0)
    (47.5 0.0)
    (50.0 0.0)
    (52.5 0.0)
    (55.0 0.0)
    (57.5 0.0)
    (60.0 0.0)
    (62.5 0.0)
    (65.0 0.0)
    (67.5 0.0)
    (70.0 0.0)
    (72.5 0.0)
    (75.0 0.0)
    (77.5 0.0)
    (80.0 0.0)
    (82.5 0.0)
    (85.0 0.0)
    (87.5 0.0)
    (90.0 0.0)
    (92.5 0.0)
    (95.0 0.0)
    (97.5 0.0)
    (100.0 0.0)
    (102.5 0.0)
    (105.0 0.0)
    (107.5 0.0)
    (110.0 0.0)
    (112.5 0.0)
    (115.0 0.0)
    (117.5 0.0)
    (120.0 0.0)
    (122.5 0.0)
    (125.0 0.0)
    (127.5 0.0)
    (130.0 0.0)
    (132.5 0.0)
    (135.0 0.0)
    (137.5 0.0)
    (140.0 0.0)
    (142.5 0.0)
    (145.0 0.0)
    (147.5 0.0)
    (150.0 0.0)
    (152.5 0.0)
    (155.0 0.0)
    (157.5 0.0)
    (160.0 0.0)
    (162.5 0.0)
    (165.0 0.0)
    (167.5 0.0)
    (170.0 0.0)
    (172.5 0.0)
    (175.0 0.0)
    (177.5 0.0)
    (180.0 0.0)
    (182.5 0.0)
    (185.0 0.0)
    (187.5 0.0)
    (190.0 0.0)
    (192.5 0.0)
    (195.0 0.0)
    (197.5 0.0)
    (200.0 0.0)
    (202.5 0.0)
    (205.0 0.0)
    (207.5 0.0)
    (210.0 0.0)
    (212.5 0.0)
    (215.0 0.0)
    (217.5 0.0)
    (220.0 0.0)
    (222.5 0.0)
    (225.0 0.0)
    (227.5 0.0)
    (230.0 0.0)
    (232.5 0.0)
    (235.0 0.0)
    (237.5 0.0)
);
sourceHeightsTemperature
(
    0.0
);

sourceTableTemperature
(
    (2.5 0.0)
    (5.0 0.0)
    (7.5 0.0)
    (10.0 0.0)
    (12.5 0.0)
    (15.0 0.0)
    (17.5 0.0)
    (20.0 0.0)
    (22.5 0.0)
    (25.0 0.0)
    (27.5 0.0)
    (30.0 0.0)
    (32.5 0.0)
    (35.0 0.0)
    (37.5 0.0)
    (40.0 0.0)
    (42.5 0.0)
    (45.0 0.0)
    (47.5 0.0)
    (50.0 0.0)
    (52.5 0.0)
    (55.0 0.0)
    (57.5 0.0)
    (60.0 0.0)
    (62.5 0.0)
    (65.0 0.0)
    (67.5 0.0)
    (70.0 0.0)
    (72.5 0.0)
    (75.0 0.0)
    (77.5 0.0)
    (80.0 0.0)
    (82.5 0.0)
    (85.0 0.0)
    (87.5 0.0)
    (90.0 0.0)
    (92.5 0.0)
    (95.0 0.0)
    (97.5 0.0)
    (100.0 0.0)
    (102.5 0.0)
    (105.0 0.0)
    (107.5 0.0)
    (110.0 0.0)
    (112.5 0.0)
    (115.0 0.0)
    (117.5 0.0)
    (120.0 0.0)
    (122.5 0.0)
    (125.0 0.0)
    (127.5 0.0)
    (130.0 0.0)
    (132.5 0.0)
    (135.0 0.0)
    (137.5 0.0)
    (140.0 0.0)
    (142.5 0.0)
    (145.0 0.0)
    (147.5 0.0)
    (150.0 0.0)
    (152.5 0.0)
    (155.0 0.0)
    (157.5 0.0)
    (160.0 0.0)
    (162.5 0.0)
    (165.0 0.0)
    (167.5 0.0)
    (170.0 0.0)
    (172.5 0.0)
    (175.0 0.0)
    (177.5 0.0)
    (180.0 0.0)
    (182.5 0.0)
    (185.0 0.0)
    (187.5 0.0)
    (190.0 0.0)
    (192.5 0.0)
    (195.0 0.0)
    (197.5 0.0)
    (200.0 0.0)
    (202.5 0.0)
    (205.0 0.0)
    (207.5 0.0)
    (210.0 0.0)
    (212.5 0.0)
    (215.0 0.0)
    (217.5 0.0)
    (220.0 0.0)
    (222.5 0.0)
    (225.0 0.0)
    (227.5 0.0)
    (230.0 0.0)
    (232.5 0.0)
    (235.0 0.0)
    (237.5 0.0)
);
