/*--------------------------------*- C++ -*----------------------------------*\
| =========                 |                                                 |
| \\      /  F ield         | OpenFOAM: The Open Source CFD Toolbox           |
|  \\    /   O peration     | Version:  2.4.x                                 |
|   \\  /    A nd           | Web:      www.OpenFOAM.org                      |
|    \\/     M anipulation  |                                                 |
\*---------------------------------------------------------------------------*/
FoamFile
{
    version     2.0;
    format      ascii;
    class       cellSet;
    location    "constant/polyMesh/sets";
    object      local;
}
// * * * * * * * * * * * * * * * * * * * * * * * * * * * * * * * * * * * * * //


1692
(
245769 
245849 
245850 
245927 
245928 
264080 
264081 
264082 
264083 
264157 
264158 
264159 
264160 
264161 
264162 
264163 
264164 
264236 
264237 
264238 
264239 
264240 
264241 
264242 
264313 
264314 
264315 
313897 
313898 
313899 
313959 
313960 
313961 
314020 
314021 
281729 
281730 
281731 
281732 
281801 
281802 
281803 
281804 
281805 
281806 
281807 
281874 
281875 
281876 
281877 
281878 
281879 
281880 
281946 
281947 
298407 
298408 
298409 
298410 
298474 
298475 
298476 
298477 
298478 
298541 
298542 
298543 
298544 
298545 
298606 
298607 
251888 
251968 
251969 
252046 
252047 
252048 
252049 
252050 
252051 
252125 
252126 
252127 
400014 
400016 
400018 
400020 
400023 
400027 
400063 
400064 
400065 
400066 
400067 
400068 
400069 
400071 
400072 
400075 
400076 
400077 
400079 
400081 
400083 
400084 
400086 
400088 
400090 
400093 
400097 
400098 
400102 
400105 
400107 
400109 
400111 
400161 
400162 
400163 
400164 
400165 
400166 
400167 
400169 
400170 
400173 
400174 
400175 
400176 
400177 
400178 
400179 
400180 
400181 
400182 
400183 
400184 
400185 
400186 
400187 
400188 
400190 
400191 
400194 
400195 
400196 
400199 
400200 
400203 
400204 
400205 
400206 
400207 
400208 
400209 
400210 
400212 
400214 
400216 
400217 
400219 
400221 
400223 
400224 
400226 
400228 
400230 
400231 
400233 
400235 
400237 
400238 
400242 
400245 
400247 
400249 
400251 
400252 
400254 
400256 
400258 
400316 
400318 
400320 
400323 
400327 
400329 
400330 
400331 
400332 
400333 
400334 
400335 
400336 
400337 
400338 
400339 
400340 
400341 
400342 
400344 
400345 
400348 
400349 
400350 
400353 
400354 
400357 
400358 
400359 
400360 
400361 
400362 
400363 
400364 
400365 
400366 
400367 
400368 
400369 
400370 
400371 
400372 
400373 
400374 
400375 
400376 
400377 
400378 
400379 
400380 
400381 
400382 
400383 
400384 
400385 
400386 
400387 
400388 
400389 
400390 
400391 
400392 
400395 
400396 
400399 
400400 
400401 
400402 
400403 
400404 
400405 
400406 
400407 
400408 
400409 
400410 
400411 
400412 
400413 
400415 
400417 
400419 
400420 
400422 
400424 
400426 
400427 
400429 
400431 
400433 
400434 
400436 
400438 
400440 
400441 
400443 
400445 
400447 
400448 
400450 
400452 
400454 
400455 
400457 
400459 
400461 
400462 
400464 
400466 
400468 
400540 
400542 
400544 
400547 
400549 
400551 
400554 
400558 
400563 
400568 
400570 
400572 
400574 
400575 
400576 
400577 
400578 
400579 
400580 
400581 
400582 
400583 
400584 
400585 
400586 
400587 
400588 
400589 
400590 
400591 
400592 
400593 
400594 
400595 
400596 
400597 
400598 
400599 
400600 
400601 
400602 
400605 
400606 
400609 
400610 
400611 
400612 
400613 
400614 
400615 
400616 
400617 
400618 
400619 
400620 
400621 
400622 
400623 
400624 
400625 
400626 
400627 
400628 
400629 
400630 
400631 
400632 
400633 
400634 
400635 
400636 
400637 
400638 
400639 
400640 
400641 
400642 
400643 
400644 
400645 
400646 
400647 
400648 
400649 
400650 
400651 
400652 
400653 
400654 
400655 
400656 
400657 
400658 
400659 
400660 
400661 
400662 
400663 
400664 
400665 
400666 
400667 
400668 
400669 
400670 
400671 
400672 
400673 
400674 
400675 
400676 
400677 
400678 
400679 
318759 
318760 
400681 
400683 
400685 
400686 
400688 
400690 
400692 
400693 
400695 
400697 
400699 
400700 
400702 
400704 
400706 
400709 
400713 
400714 
400716 
400718 
400720 
400721 
400723 
400725 
400727 
400728 
400730 
400732 
400734 
318819 
318820 
400841 
400843 
400845 
400848 
400850 
400852 
400855 
400857 
400859 
400862 
400864 
400866 
400871 
400876 
400878 
400880 
400883 
400885 
400887 
400889 
400890 
400891 
400892 
400893 
400894 
400895 
400896 
400897 
400898 
400899 
400900 
400901 
400902 
400903 
400904 
400905 
400906 
400907 
400908 
400909 
400910 
400911 
400912 
400913 
400914 
400915 
400916 
400917 
400918 
400919 
400920 
400921 
400922 
400923 
400924 
400925 
400926 
400927 
400928 
400929 
400930 
400931 
400932 
400933 
400934 
400935 
400936 
400937 
400938 
400939 
400940 
400941 
400942 
400943 
400944 
400945 
400946 
400947 
400948 
400949 
400950 
400951 
400952 
400953 
400954 
400955 
400956 
400957 
400958 
400959 
400960 
400961 
400962 
400963 
400964 
400965 
400966 
400967 
400968 
400969 
400970 
400971 
400972 
400974 
400975 
400978 
400979 
400980 
400981 
400982 
400983 
400984 
400985 
400986 
400987 
400988 
400989 
400990 
400991 
400992 
400993 
400994 
400995 
400996 
400997 
400998 
400999 
401000 
401001 
401003 
401005 
401007 
401008 
401010 
401012 
401014 
401015 
401017 
401019 
401021 
401022 
401024 
401026 
401028 
401031 
401035 
401036 
401040 
401043 
401045 
401047 
401049 
401050 
401052 
401054 
401056 
270057 
270058 
270059 
270060 
270061 
401205 
270133 
270134 
401207 
270135 
270136 
401209 
270137 
270138 
270139 
401212 
401214 
401216 
401219 
401221 
401223 
401226 
401228 
401230 
401233 
401235 
401237 
401240 
401242 
401244 
401247 
401249 
401251 
401254 
401256 
401258 
401260 
401261 
401262 
401263 
401264 
401265 
401266 
401267 
401268 
401269 
401270 
401271 
401272 
401273 
401274 
401275 
401276 
401277 
401278 
401279 
401280 
401281 
401282 
270210 
401283 
270211 
401284 
270212 
401285 
270213 
401286 
270214 
401287 
270215 
270216 
401289 
401290 
401293 
401294 
401295 
401296 
401297 
401298 
401299 
401300 
401301 
401302 
401303 
401304 
401305 
401306 
401307 
401308 
401309 
401310 
401311 
401312 
401313 
401314 
401315 
401316 
401317 
401318 
401319 
401320 
401321 
401322 
401323 
401324 
401325 
401326 
401327 
401328 
401329 
401330 
401331 
401332 
401333 
401334 
401335 
401336 
401337 
401338 
401339 
401340 
401341 
401342 
401343 
401345 
401346 
401349 
401350 
401351 
401354 
401355 
270285 
401358 
270286 
401359 
270287 
401360 
401361 
401362 
401363 
401364 
401365 
401366 
401367 
401368 
401369 
401370 
401371 
401372 
401374 
401376 
401378 
401379 
401381 
401383 
401385 
401386 
401388 
401390 
401392 
401393 
401395 
401397 
401399 
401400 
401404 
401407 
401409 
401411 
401413 
401414 
401416 
401418 
401420 
401618 
401620 
401622 
401625 
401627 
401629 
401632 
401634 
401636 
401639 
401641 
401643 
401646 
401650 
401653 
401655 
401657 
401660 
401662 
401664 
401667 
401669 
401671 
401673 
401674 
401675 
401676 
401677 
401678 
401679 
401680 
401681 
401682 
401683 
401684 
401685 
401686 
401687 
401688 
401689 
401690 
401691 
401692 
401693 
401694 
401695 
401696 
401697 
401698 
401699 
401700 
401702 
401703 
401706 
401707 
401708 
401711 
401712 
401715 
401716 
401717 
401718 
401719 
401720 
401721 
401722 
401723 
401724 
401725 
401726 
401727 
401728 
401729 
401730 
401731 
401732 
401733 
401734 
401735 
401736 
401737 
401738 
401739 
401740 
401741 
401742 
401743 
401744 
401745 
401746 
401747 
401748 
401749 
401750 
401751 
401752 
401753 
401754 
401755 
401756 
401757 
401760 
401761 
401764 
401765 
401766 
401767 
401768 
401769 
401770 
401771 
401772 
401773 
401774 
401775 
401776 
401777 
401778 
401780 
401782 
401784 
401785 
401787 
401789 
401791 
401792 
401794 
401796 
401798 
401799 
401801 
401803 
401805 
401806 
401808 
401810 
401812 
401813 
401815 
401817 
401819 
303713 
303714 
303715 
402073 
402075 
402077 
402080 
402082 
303778 
303779 
402084 
303780 
303781 
303782 
402087 
402089 
402091 
402094 
287407 
402096 
287408 
287409 
402098 
287410 
402101 
402105 
402110 
402115 
402117 
402119 
402122 
402124 
402126 
402128 
402129 
402130 
402131 
402132 
402133 
402134 
402135 
402136 
402137 
402138 
402139 
402140 
402141 
402142 
402143 
402144 
402145 
402146 
402147 
303843 
402148 
303844 
402149 
303845 
402150 
303846 
402151 
303847 
402152 
402153 
402154 
402155 
402156 
402159 
402160 
402163 
402164 
402165 
287477 
402166 
287478 
402167 
287479 
402168 
287480 
402169 
287481 
402170 
287482 
402171 
287483 
402172 
402173 
402174 
402175 
402176 
402177 
402178 
402179 
402180 
402181 
402182 
402183 
402184 
402185 
402186 
402187 
402188 
402189 
402190 
402191 
402192 
402193 
402194 
402195 
402196 
402197 
402198 
402199 
402200 
402201 
402202 
402203 
402204 
402205 
402206 
402207 
402208 
402209 
402210 
402211 
303907 
402212 
402213 
402214 
402215 
402216 
402217 
402218 
402219 
402221 
402223 
402225 
402226 
402228 
402230 
402232 
402233 
402235 
402237 
287549 
287550 
402239 
287551 
402240 
287552 
287553 
402242 
287554 
402244 
402246 
402247 
402249 
402251 
402253 
402254 
402256 
402258 
402260 
287618 
287619 
402570 
402572 
402574 
402577 
402579 
402581 
402584 
402586 
402588 
402591 
402593 
402595 
402600 
402605 
402607 
402609 
402612 
402614 
402616 
402618 
402619 
402620 
402621 
402622 
402623 
402624 
402625 
402626 
402627 
402628 
402629 
402630 
402631 
402632 
402633 
402634 
402635 
402636 
402637 
402638 
402639 
402640 
402641 
402642 
402643 
402644 
402645 
402646 
402647 
402648 
402649 
402650 
402651 
402652 
402653 
402654 
402655 
402656 
402657 
402658 
402659 
402660 
402661 
402662 
402663 
402664 
402665 
402666 
402667 
402668 
402669 
402670 
402671 
402672 
402673 
402674 
402675 
402676 
402677 
402678 
402679 
402680 
402681 
402682 
402683 
402684 
402685 
402686 
402687 
402688 
402689 
402690 
402691 
402692 
402693 
402694 
402695 
402696 
402697 
402698 
402699 
402700 
402701 
402702 
402704 
402706 
402708 
402709 
402711 
402713 
402715 
402716 
402718 
402720 
402722 
402725 
402729 
402730 
402732 
402734 
402736 
402737 
402739 
402741 
402743 
403095 
403097 
403099 
403102 
403104 
403106 
403109 
403111 
403113 
403116 
403118 
403120 
403123 
403125 
403127 
403130 
403132 
403134 
403136 
403137 
403138 
403139 
403140 
403141 
403142 
403143 
403144 
403145 
403146 
403147 
403148 
403149 
403150 
403151 
403152 
403153 
403154 
403155 
403156 
403157 
403158 
403159 
403160 
403161 
403162 
403163 
403164 
403165 
403166 
403167 
403168 
403169 
403170 
403171 
403172 
403173 
403174 
403175 
403176 
403177 
403178 
403179 
403180 
403181 
403182 
403183 
403184 
403185 
403186 
403187 
403188 
403189 
403190 
403191 
403192 
403193 
403194 
403195 
403196 
403197 
403198 
403200 
403201 
403204 
403205 
403206 
403207 
403208 
403209 
403210 
403211 
403212 
403213 
403214 
403215 
403216 
403217 
403218 
403219 
403220 
403222 
403224 
403226 
403227 
403229 
403231 
403233 
403234 
403236 
403238 
403240 
403241 
403245 
403248 
403250 
403252 
403254 
239592 
403641 
403643 
403645 
403648 
403650 
403652 
403655 
403657 
403659 
403662 
403664 
403666 
403669 
403671 
403673 
403676 
403678 
403680 
403682 
403683 
403684 
403685 
403686 
403687 
403688 
403689 
403690 
403691 
403692 
403693 
403694 
403695 
403696 
403697 
403698 
403699 
403700 
403701 
403702 
403704 
403705 
403708 
403709 
403710 
403711 
403712 
403713 
403714 
403715 
403716 
403717 
403718 
403719 
403720 
403721 
403722 
403723 
403724 
403725 
403726 
403727 
403728 
403729 
403730 
403731 
403732 
403733 
403734 
403735 
403736 
403737 
403738 
403739 
403740 
403741 
403742 
403743 
403744 
403745 
403748 
403749 
403752 
403753 
403754 
403755 
403756 
403757 
403758 
403759 
403761 
403763 
403765 
403766 
403768 
403770 
403772 
403773 
403775 
403779 
403780 
403782 
403784 
403786 
404208 
404210 
404212 
404215 
404217 
404219 
404222 
404224 
404226 
404229 
404233 
404236 
404238 
404240 
404243 
404245 
404247 
404249 
404250 
404251 
404252 
404253 
404254 
404255 
404256 
404257 
404258 
404259 
404260 
404261 
404262 
404263 
404264 
404265 
404266 
404267 
404268 
404269 
404270 
404273 
404274 
404277 
404278 
404279 
404280 
404281 
404282 
404283 
404284 
404285 
404286 
404287 
404288 
404289 
404290 
404291 
404292 
404293 
404294 
404295 
404296 
404297 
404298 
404299 
404300 
404303 
404304 
404305 
404306 
404307 
404308 
404309 
404310 
404311 
404312 
404314 
404316 
404318 
404319 
404321 
404323 
404325 
404326 
404328 
404330 
404782 
404784 
404786 
404789 
404791 
404793 
404796 
404798 
404800 
404805 
404810 
404812 
404814 
404816 
404817 
404818 
404819 
404820 
404821 
404822 
404823 
404824 
404825 
404826 
404827 
404828 
404829 
404830 
404831 
404832 
404835 
404836 
404837 
404838 
404839 
404840 
404841 
404842 
404843 
404844 
404845 
404846 
404847 
404848 
404849 
404850 
404851 
404852 
404853 
404854 
404855 
404856 
404857 
404858 
404859 
404860 
404861 
404862 
404865 
404867 
404869 
404871 
405349 
405351 
405353 
405356 
405358 
405360 
405363 
405367 
405370 
405372 
405374 
405376 
405377 
405378 
405379 
405380 
323460 
405381 
405382 
405383 
405384 
405385 
405386 
405387 
405388 
405389 
405390 
405391 
405392 
405393 
405394 
405397 
405398 
405399 
405400 
405401 
405402 
405403 
258021 
258022 
258099 
258100 
258101 
258102 
258103 
258104 
258178 
258179 
258180 
258181 
258182 
258183 
258184 
258185 
258257 
258258 
258259 
405909 
405911 
405913 
405916 
405918 
405920 
405923 
405925 
405929 
405930 
405931 
405932 
405933 
405934 
405935 
406462 
406464 
406466 
275943 
275944 
275945 
275946 
276017 
276018 
276019 
276020 
276021 
276022 
276023 
276092 
276093 
276094 
276095 
276096 
276097 
276098 
308879 
308880 
308881 
276165 
276166 
276167 
308942 
308943 
308944 
308945 
308946 
309006 
309007 
309008 
309067 
292969 
292970 
292971 
292972 
293038 
293039 
293040 
293041 
293042 
293043 
293107 
293108 
293109 
293110 
293111 
293174 
293175 
)

// ************************************************************************* //
